7.0 0.32109375 0.55625 0.1234375 0.275
3.0 0.2703125 0.4390625 0.140625 0.103125
7.0 0.5515625 0.24453125 0.25 0.1234375
3.0 0.6484375 0.275 0.06875 0.034375
3.0 0.7625 0.27109375 0.0375 0.0359375
3.0 0.9359375 0.2796875 0.01875 0.159375
3.0 0.8515625 0.27421875 0.05 0.0359375
3.0 0.77890625 0.4859375 0.1078125 0.053125
3.0 0.7375 0.43046875 0.059375 0.0234375
3.0 0.5859375 0.44609375 0.11875 0.0390625
3.0 0.9765625 0.2125 0.04375 0.15
7.0 0.475 0.06015625 0.103125 0.1203125
7.0 0.59609375 0.1078125 0.0328125 0.11875
7.0 0.546875 0.0796875 0.0375 0.08125
3.0 0.1875 0.52890625 0.090625 0.1609375
5.0 0.52421875 0.33046875 0.1578125 0.1015625
5.0 0.3859375 0.52421875 0.090625 0.1703125
5.0 0.24765625 0.49140625 0.1953125 0.2390625
