4.0 0.71484375 0.0171875 0.1796875 0.034375
4.0 0.0703125 0.0921875 0.140625 0.184375
4.0 0.765625 0.18359375 0.46875 0.3671875
7.0 0.10390625 0.3140625 0.2078125 0.259375
7.0 0.31640625 0.59453125 0.3015625 0.2734375
3.0 0.221875 0.571875 0.078125 0.040625
3.0 0.46875 0.653125 0.20625 0.13125
3.0 0.6875 0.5515625 0.096875 0.09375
3.0 0.73984375 0.24765625 0.2421875 0.1046875
3.0 0.9453125 0.63828125 0.08125 0.0703125
3.0 0.21875 0.575 0.071875 0.040625
3.0 0.753125 0.88359375 0.075 0.0421875
3.0 0.4171875 0.915625 0.090625 0.05625
3.0 0.70703125 0.46640625 0.1078125 0.0703125
