3.0 0.28515625 0.26328125 0.1265625 0.1015625
3.0 0.37109375 0.21328125 0.1296875 0.0953125
3.0 0.43671875 0.28671875 0.1140625 0.0796875
2.0 0.4703125 0.31875 0.084375 0.065625
3.0 0.4953125 0.2921875 0.03125 0.025
3.0 0.46484375 0.36640625 0.0796875 0.0546875
3.0 0.1546875 0.33671875 0.084375 0.0640625
3.0 0.03359375 0.42421875 0.0671875 0.0578125
3.0 0.10390625 0.46328125 0.0921875 0.0671875
3.0 0.0828125 0.4125 0.059375 0.046875
3.0 0.171875 0.4421875 0.084375 0.059375
3.0 0.31171875 0.16328125 0.0640625 0.0484375
3.0 0.38359375 0.0734375 0.0359375 0.025
3.0 0.5234375 0.065625 0.065625 0.05
3.0 0.51484375 0.0109375 0.0671875 0.021875
3.0 0.575 0.0359375 0.115625 0.071875
3.0 0.23515625 0.4046875 0.0765625 0.059375
3.0 0.04765625 0.6140625 0.0828125 0.059375
3.0 0.07890625 0.63984375 0.0765625 0.0546875
3.0 0.171875 0.528125 0.071875 0.05
3.0 0.1859375 0.64453125 0.109375 0.0796875
3.0 0.4078125 0.75234375 0.05625 0.0421875
3.0 0.3828125 0.91875 0.19375 0.153125
3.0 0.46328125 0.82265625 0.2296875 0.1734375
3.0 0.51953125 0.88828125 0.1828125 0.1296875
3.0 0.61953125 0.92109375 0.1359375 0.0984375
3.0 0.72421875 0.8203125 0.0734375 0.05625
3.0 0.771875 0.72734375 0.1625 0.1171875
4.0 0.58984375 0.74921875 0.2890625 0.2234375
3.0 0.73515625 0.34453125 0.0796875 0.0609375
3.0 0.39921875 0.56796875 0.1390625 0.0953125
3.0 0.69921875 0.640625 0.1078125 0.084375
3.0 0.89453125 0.6359375 0.1390625 0.103125
3.0 0.9546875 0.68203125 0.059375 0.0453125
3.0 0.84140625 0.68046875 0.0796875 0.0640625
3.0 0.6203125 0.4734375 0.0625 0.046875
3.0 0.66171875 0.39765625 0.0609375 0.0453125
4.0 0.06484375 0.3203125 0.1296875 0.3125
