3.0 0.33125 0.04921875 0.140625 0.0984375
3.0 0.43671875 0.015625 0.1015625 0.03125
7.0 0.575 0.12578125 0.090625 0.0703125
7.0 0.24140625 0.65234375 0.3171875 0.2640625
7.0 0.06328125 0.56953125 0.1265625 0.1265625
7.0 0.053125 0.63359375 0.10625 0.0859375
7.0 0.1609375 0.51015625 0.146875 0.1015625
7.0 0.3578125 0.4765625 0.0625 0.046875
7.0 0.5234375 0.4828125 0.353125 0.253125
7.0 0.50546875 0.62734375 0.1765625 0.1296875
3.0 0.26640625 0.46015625 0.0484375 0.0359375
3.0 0.296875 0.465625 0.05 0.034375
7.0 0.84765625 0.5890625 0.3046875 0.234375
3.0 0.97421875 0.4640625 0.0515625 0.040625
7.0 0.6703125 0.58359375 0.078125 0.0578125
7.0 0.63046875 0.76640625 0.1921875 0.1484375
7.0 0.77421875 0.80859375 0.2109375 0.1453125
7.0 0.678125 0.51328125 0.11875 0.0765625
