3.0 0.45390625 0.51796875 0.1140625 0.0984375
3.0 0.51640625 0.25234375 0.0578125 0.0890625
3.0 0.56015625 0.30078125 0.0390625 0.0453125
3.0 0.39375 0.6265625 0.134375 0.128125
3.0 0.53203125 0.5453125 0.0328125 0.09375
3.0 0.984375 0.275 0.03125 0.065625
3.0 0.92265625 0.2921875 0.0578125 0.06875
3.0 0.91796875 0.17734375 0.0734375 0.0578125
3.0 0.81171875 0.515625 0.1109375 0.0875
3.0 0.8296875 0.61796875 0.075 0.1046875
3.0 0.04921875 0.35 0.0828125 0.075
3.0 0.4015625 0.26640625 0.171875 0.0578125
3.0 0.43671875 0.85859375 0.0328125 0.0359375
3.0 0.025 0.790625 0.05 0.021875
