4.0 0.53125 0.12734375 0.221875 0.0984375
4.0 0.84375 0.11171875 0.15625 0.1546875
4.0 0.596875 0.4578125 0.59375 0.428125
4.0 0.0546875 0.45390625 0.103125 0.2515625
4.0 0.2140625 0.7515625 0.415625 0.3375
4.0 0.3921875 0.8515625 0.240625 0.284375
4.0 0.134375 0.96640625 0.265625 0.0640625
4.0 0.26796875 0.13671875 0.3921875 0.2671875
3.0 0.21484375 0.20390625 0.1609375 0.1078125
3.0 0.8609375 0.071875 0.11875 0.078125
3.0 0.44921875 0.37578125 0.2796875 0.2109375
3.0 0.65859375 0.47265625 0.0734375 0.1359375
3.0 0.7640625 0.375 0.0875 0.15
