3.0 0.64140625 0.38359375 0.0484375 0.0671875
3.0 0.5703125 0.4171875 0.059375 0.140625
4.0 0.8421875 0.95546875 0.240625 0.0890625
7.0 0.64375 0.9078125 0.05625 0.071875
4.0 0.45625 0.94453125 0.096875 0.1109375
3.0 0.09453125 0.64296875 0.0546875 0.0859375
3.0 0.7796875 0.11875 0.046875 0.028125
3.0 0.67734375 0.5765625 0.0921875 0.1375
5.0 0.80625 0.81171875 0.06875 0.1390625
5.0 0.66640625 0.83046875 0.0765625 0.1390625
3.0 0.8921875 0.48125 0.0625 0.059375
3.0 0.14375 0.81796875 0.028125 0.0484375
5.0 0.7359375 0.6671875 0.04375 0.075
5.0 0.9109375 0.8421875 0.109375 0.134375
