7.0 0.3484375 0.38671875 0.08125 0.1109375
7.0 0.5578125 0.62890625 0.0625 0.1328125
7.0 0.240625 0.59765625 0.090625 0.1109375
7.0 0.73515625 0.45078125 0.0359375 0.1109375
7.0 0.79765625 0.39609375 0.0515625 0.1203125
7.0 0.259375 0.29609375 0.08125 0.0453125
7.0 0.2375 0.39296875 0.075 0.0453125
7.0 0.065625 0.721875 0.125 0.059375
7.0 0.3046875 0.74609375 0.25625 0.0640625
7.0 0.5171875 0.77109375 0.053125 0.0421875
7.0 0.5859375 0.72578125 0.0625 0.0390625
7.0 0.61484375 0.46171875 0.0296875 0.0328125
7.0 0.52109375 0.34453125 0.0796875 0.0515625
