7.0 0.096875 0.8859375 0.190625 0.084375
7.0 0.14140625 0.78203125 0.1109375 0.1171875
7.0 0.4640625 0.93203125 0.15625 0.1296875
7.0 0.56171875 0.80390625 0.2578125 0.0703125
7.0 0.53828125 0.4484375 0.0890625 0.09375
7.0 0.20390625 0.55390625 0.4078125 0.4328125
7.0 0.14375 0.3203125 0.2875 0.1625
7.0 0.36484375 0.44765625 0.1296875 0.0671875
7.0 0.403125 0.3640625 0.203125 0.09375
7.0 0.35078125 0.29140625 0.1390625 0.1046875
7.0 0.646875 0.36953125 0.228125 0.1546875
7.0 0.4609375 0.15703125 0.096875 0.1328125
7.0 0.52265625 0.065625 0.3515625 0.13125
7.0 0.9046875 0.684375 0.184375 0.125
3.0 0.25078125 0.62734375 0.1109375 0.0953125
3.0 0.20078125 0.1140625 0.0703125 0.078125
3.0 0.653125 0.27578125 0.11875 0.0453125
