7.0 0.5125 0.57421875 0.43125 0.3203125
4.0 0.60546875 0.7125 0.2484375 0.2375
7.0 0.91640625 0.628125 0.1578125 0.18125
7.0 0.8640625 0.37890625 0.075 0.0796875
7.0 0.70625 0.27421875 0.134375 0.1109375
3.0 0.26640625 0.20546875 0.0921875 0.0421875
3.0 0.146875 0.21328125 0.078125 0.0421875
3.0 0.334375 0.06171875 0.078125 0.1171875
7.0 0.0296875 0.22421875 0.05625 0.1015625
7.0 0.1171875 0.3453125 0.234375 0.096875
7.0 0.3890625 0.39296875 0.21875 0.0703125
4.0 0.50078125 0.34296875 0.1765625 0.0515625
