3.0 0.45390625 0.253125 0.0546875 0.059375
3.0 0.1546875 0.83984375 0.084375 0.0296875
3.0 0.371875 0.90546875 0.09375 0.0390625
3.0 0.03125 0.90390625 0.05625 0.0296875
3.0 0.6953125 0.81171875 0.0375 0.0203125
3.0 0.78828125 0.853125 0.0546875 0.034375
3.0 0.8390625 0.88125 0.078125 0.034375
4.0 0.83046875 0.959375 0.1890625 0.075
3.0 0.97890625 0.925 0.0296875 0.0375
3.0 0.55859375 0.16875 0.0453125 0.034375
7.0 0.69375 0.02265625 0.0375 0.0453125
7.0 0.73125 0.08671875 0.078125 0.0640625
3.0 0.5640625 0.36640625 0.040625 0.0921875
3.0 0.5359375 0.41875 0.034375 0.05
3.0 0.6359375 0.21484375 0.034375 0.0390625
