7.0 0.39609375 0.50390625 0.0703125 0.0921875
7.0 0.3109375 0.53515625 0.096875 0.1296875
7.0 0.3109375 0.69609375 0.059375 0.0890625
7.0 0.3625 0.56640625 0.053125 0.0734375
3.0 0.38125 0.57734375 0.0125 0.0203125
3.0 0.26328125 0.465625 0.0296875 0.046875
3.0 0.32109375 0.453125 0.0171875 0.01875
3.0 0.4484375 0.40625 0.01875 0.028125
7.0 0.36171875 0.13203125 0.0515625 0.1453125
7.0 0.30390625 0.05078125 0.0859375 0.0984375
7.0 0.6734375 0.69375 0.096875 0.209375
7.0 0.67109375 0.515625 0.0328125 0.0625
7.0 0.20546875 0.85859375 0.0609375 0.1703125
7.0 0.29296875 0.8015625 0.0265625 0.03125
7.0 0.35859375 0.8765625 0.0578125 0.075
7.0 0.434375 0.92109375 0.075 0.1484375
7.0 0.40625 0.74609375 0.021875 0.0390625
3.0 0.3328125 0.41484375 0.015625 0.0171875
3.0 0.38359375 0.38671875 0.0140625 0.0140625
3.0 0.675 0.4203125 0.03125 0.025
7.0 0.61796875 0.29140625 0.0578125 0.0703125
7.0 0.5890625 0.72265625 0.03125 0.0484375
7.0 0.6140625 0.68125 0.015625 0.04375
7.0 0.59375 0.6515625 0.025 0.025
7.0 0.59765625 0.6140625 0.0421875 0.03125
7.0 0.5890625 0.8546875 0.040625 0.0625
7.0 0.52421875 0.7890625 0.0640625 0.04375
7.0 0.47734375 0.72265625 0.0609375 0.1078125
7.0 0.5140625 0.75546875 0.025 0.0296875
