7.0 0.11875 0.66953125 0.059375 0.1265625
7.0 0.16640625 0.73046875 0.0578125 0.2046875
7.0 0.13984375 0.41015625 0.0609375 0.1078125
7.0 0.11171875 0.33515625 0.0453125 0.0984375
7.0 0.090625 0.31484375 0.05 0.0640625
7.0 0.3265625 0.63046875 0.171875 0.2984375
7.0 0.3671875 0.37890625 0.05625 0.0328125
7.0 0.41171875 0.27109375 0.1578125 0.0921875
7.0 0.40859375 0.34609375 0.0234375 0.0578125
3.0 0.740625 0.79921875 0.040625 0.0640625
3.0 0.8015625 0.865625 0.059375 0.128125
3.0 0.8140625 0.7484375 0.0375 0.10625
3.0 0.790625 0.39765625 0.028125 0.0546875
3.0 0.85546875 0.275 0.0203125 0.01875
3.0 0.72890625 0.3 0.1421875 0.0625
3.0 0.66171875 0.4984375 0.0515625 0.184375
3.0 0.5171875 0.6125 0.028125 0.046875
7.0 0.08515625 0.0453125 0.0640625 0.090625
7.0 0.01953125 0.01953125 0.0234375 0.0328125
7.0 0.23515625 0.41484375 0.0421875 0.0796875
7.0 0.25390625 0.46328125 0.0390625 0.0390625
3.0 0.9546875 0.02890625 0.040625 0.0515625
