7.0 0.584375 0.3265625 0.178125 0.103125
7.0 0.44375 0.071875 0.08125 0.071875
7.0 0.45234375 0.11796875 0.1453125 0.0609375
7.0 0.4671875 0.27109375 0.078125 0.0484375
7.0 0.29765625 0.10625 0.0640625 0.071875
7.0 0.3296875 0.259375 0.078125 0.11875
7.0 0.3984375 0.5125 0.075 0.178125
7.0 0.44609375 0.4953125 0.0296875 0.103125
7.0 0.22890625 0.76484375 0.1515625 0.1578125
7.0 0.56171875 0.7125 0.0703125 0.19375
7.0 0.7265625 0.63984375 0.0625 0.1046875
7.0 0.53515625 0.47890625 0.0609375 0.1015625
7.0 0.4171875 0.75 0.05 0.1375
7.0 0.503125 0.8828125 0.096875 0.05
7.0 0.4890625 0.83203125 0.1125 0.0453125
7.0 0.4625 0.7609375 0.05 0.090625
3.0 0.81484375 0.565625 0.0859375 0.040625
7.0 0.68125 0.4953125 0.08125 0.0625
