7.0 0.00859375 0.225 0.0171875 0.15
7.0 0.06015625 0.08125 0.1203125 0.10625
7.0 0.49765625 0.31796875 0.0609375 0.1078125
7.0 0.5015625 0.46640625 0.159375 0.1109375
3.0 0.36484375 0.55390625 0.0671875 0.1484375
3.0 0.440625 0.6 0.090625 0.096875
3.0 0.50390625 0.56953125 0.0203125 0.0765625
3.0 0.6578125 0.440625 0.065625 0.084375
3.0 0.59921875 0.425 0.0546875 0.0875
3.0 0.82109375 0.959375 0.1015625 0.08125
3.0 0.77109375 0.8109375 0.0734375 0.071875
3.0 0.7359375 0.7234375 0.08125 0.08125
3.0 0.44765625 0.990625 0.0421875 0.01875
3.0 0.35703125 0.815625 0.1265625 0.13125
7.0 0.85546875 0.05078125 0.1046875 0.1015625
3.0 0.95703125 0.83828125 0.0578125 0.0859375
7.0 0.509375 0.203125 0.0625 0.08125
3.0 0.49375 0.40390625 0.04375 0.0515625
7.0 0.21328125 0.3625 0.0453125 0.04375
3.0 0.7734375 0.30078125 0.065625 0.1140625
