3.0 0.82578125 0.7890625 0.0328125 0.06875
3.0 0.49609375 0.5015625 0.0796875 0.059375
3.0 0.73671875 0.5921875 0.1484375 0.09375
3.0 0.6453125 0.54296875 0.015625 0.0609375
3.0 0.8140625 0.37421875 0.10625 0.0796875
3.0 0.66640625 0.17578125 0.0953125 0.0484375
3.0 0.5703125 0.23984375 0.090625 0.1796875
3.0 0.43515625 0.32421875 0.0953125 0.0890625
3.0 0.4578125 0.1234375 0.040625 0.0625
3.0 0.37890625 0.10390625 0.1015625 0.1484375
7.0 0.30234375 0.94921875 0.0296875 0.0640625
7.0 0.25703125 0.93984375 0.0328125 0.0828125
7.0 0.615625 0.4078125 0.0875 0.078125
3.0 0.65390625 0.378125 0.0578125 0.06875
7.0 0.25390625 0.63515625 0.0515625 0.1265625
7.0 0.165625 0.771875 0.059375 0.084375
7.0 0.14140625 0.51796875 0.0390625 0.1265625
7.0 0.046875 0.49296875 0.08125 0.0796875
3.0 0.4546875 0.7015625 0.0625 0.0625
7.0 0.40078125 0.64375 0.0828125 0.065625
7.0 0.553125 0.5359375 0.09375 0.1
7.0 0.41875 0.546875 0.04375 0.075
3.0 0.42265625 0.984375 0.0328125 0.028125
7.0 0.21171875 0.88515625 0.0265625 0.0359375
7.0 0.29375 0.8734375 0.075 0.0625
7.0 0.95703125 0.2890625 0.0359375 0.0625
