3.0 0.64765625 0.68359375 0.1046875 0.1171875
3.0 0.7765625 0.57421875 0.1 0.0703125
3.0 0.79296875 0.453125 0.1765625 0.121875
3.0 0.40703125 0.77734375 0.0984375 0.0640625
3.0 0.2609375 0.525 0.0625 0.11875
3.0 0.64765625 0.396875 0.1828125 0.35
3.0 0.52734375 0.3453125 0.0296875 0.053125
3.0 0.66171875 0.12734375 0.1796875 0.2453125
3.0 0.36484375 0.9578125 0.0484375 0.059375
3.0 0.35 0.85234375 0.0625 0.0515625
3.0 0.3234375 0.71796875 0.05 0.0890625
2.0 0.88984375 0.89140625 0.1296875 0.2046875
7.0 0.75078125 0.86875 0.0765625 0.15625
