7.0 0.6265625 0.52578125 0.121875 0.1890625
4.0 0.6046875 0.4609375 0.159375 0.13125
7.0 0.43125 0.5265625 0.178125 0.13125
4.0 0.33828125 0.38125 0.1765625 0.146875
3.0 0.509375 0.35546875 0.053125 0.0390625
7.0 0.8921875 0.728125 0.11875 0.103125
7.0 0.93828125 0.85625 0.1015625 0.0625
7.0 0.7609375 0.6984375 0.08125 0.084375
7.0 0.7828125 0.80234375 0.059375 0.0578125
3.0 0.240625 0.7234375 0.04375 0.028125
3.0 0.13125 0.925 0.05625 0.04375
3.0 0.10625 0.9734375 0.065625 0.040625
3.0 0.11171875 0.74921875 0.1171875 0.0578125
3.0 0.0921875 0.80234375 0.090625 0.0265625
