3.0 0.44921875 0.15625 0.0546875 0.08125
3.0 0.48828125 0.4125 0.0953125 0.05625
3.0 0.546875 0.51484375 0.128125 0.0828125
3.0 0.5921875 0.45078125 0.0375 0.0484375
3.0 0.40234375 0.8078125 0.0828125 0.040625
3.0 0.6828125 0.65546875 0.165625 0.0765625
3.0 0.6140625 0.75078125 0.040625 0.0203125
7.0 0.74453125 0.91640625 0.1453125 0.0765625
3.0 0.5390625 0.303125 0.16875 0.04375
3.0 0.89609375 0.26875 0.0890625 0.059375
3.0 0.1046875 0.425 0.1 0.06875
3.0 0.7578125 0.08984375 0.10625 0.0328125
3.0 0.07734375 0.859375 0.0671875 0.028125
3.0 0.840625 0.84609375 0.021875 0.0328125
