4.0 0.546875 0.69921875 0.23125 0.3109375
3.0 0.5265625 0.75 0.075 0.121875
3.0 0.5734375 0.6859375 0.046875 0.053125
3.0 0.58828125 0.58828125 0.1390625 0.0890625
3.0 0.815625 0.425 0.115625 0.078125
3.0 0.77109375 0.375 0.0515625 0.025
3.0 0.8109375 0.3421875 0.059375 0.028125
4.0 0.79921875 0.58203125 0.1078125 0.1390625
3.0 0.80859375 0.54375 0.0578125 0.065625
4.0 0.29921875 0.69140625 0.3046875 0.1078125
3.0 0.36328125 0.71171875 0.0953125 0.0296875
3.0 0.2859375 0.67265625 0.053125 0.0328125
3.0 0.409375 0.6015625 0.053125 0.05
4.0 0.16640625 0.56953125 0.1328125 0.0828125
4.0 0.17734375 0.43515625 0.3453125 0.1953125
3.0 0.12734375 0.39375 0.2046875 0.06875
3.0 0.321875 0.3625 0.071875 0.05
3.0 0.13984375 0.61328125 0.0296875 0.0390625
3.0 0.7515625 0.73515625 0.06875 0.0734375
7.0 0.921875 0.96328125 0.15625 0.0703125
7.0 0.95625 0.859375 0.0875 0.109375
4.0 0.6421875 0.9625 0.159375 0.071875
3.0 0.7609375 0.8515625 0.04375 0.028125
3.0 0.5296875 0.88984375 0.03125 0.0453125
3.0 0.57734375 0.815625 0.0328125 0.03125
4.0 0.77734375 0.23359375 0.2390625 0.1734375
4.0 0.18515625 0.13515625 0.3703125 0.2703125
4.0 0.5421875 0.06875 0.303125 0.109375
4.0 0.7359375 0.0671875 0.071875 0.134375
3.0 0.78671875 0.2453125 0.0484375 0.025
3.0 0.83203125 0.2671875 0.0578125 0.04375
3.0 0.80703125 0.18671875 0.1265625 0.0453125
3.0 0.4484375 0.309375 0.071875 0.03125
