5.0 0.196875 0.2359375 0.265625 0.128125
3.0 0.1625 0.5546875 0.21875 0.165625
4.0 0.65 0.56953125 0.49375 0.1234375
3.0 0.946875 0.77265625 0.10625 0.0640625
3.0 0.75234375 0.59921875 0.1109375 0.0453125
4.0 0.49140625 0.08515625 0.1171875 0.1671875
5.0 0.4421875 0.38671875 0.11875 0.0640625
5.0 0.6140625 0.41796875 0.228125 0.1671875
3.0 0.97109375 0.034375 0.0578125 0.06875
3.0 0.83125 0.4578125 0.078125 0.046875
5.0 0.7078125 0.27890625 0.209375 0.0828125
5.0 0.2359375 0.46484375 0.184375 0.1109375
