3.0 0.26171875 0.328125 0.0453125 0.0875
3.0 0.5671875 0.5578125 0.05 0.121875
3.0 0.69375 0.2640625 0.090625 0.075
3.0 0.8390625 0.128125 0.0625 0.209375
3.0 0.91953125 0.69140625 0.0765625 0.0609375
3.0 0.87421875 0.72421875 0.0390625 0.0515625
3.0 0.58125 0.346875 0.078125 0.065625
3.0 0.5734375 0.04140625 0.0375 0.0671875
3.0 0.87734375 0.284375 0.0234375 0.053125
3.0 0.890625 0.45078125 0.078125 0.1953125
3.0 0.93125 0.540625 0.071875 0.08125
3.0 0.9625 0.6703125 0.075 0.096875
3.0 0.4171875 0.3671875 0.0625 0.0625
