3.0 0.31015625 0.74921875 0.0296875 0.0609375
3.0 0.24140625 0.6203125 0.0265625 0.028125
7.0 0.3015625 0.2203125 0.078125 0.05
7.0 0.371875 0.2109375 0.034375 0.0375
7.0 0.39765625 0.321875 0.1109375 0.040625
7.0 0.51640625 0.325 0.0390625 0.04375
7.0 0.50859375 0.3828125 0.0421875 0.021875
3.0 0.61796875 0.16171875 0.0546875 0.0671875
3.0 0.57265625 0.2421875 0.0484375 0.01875
7.0 0.43984375 0.22734375 0.0328125 0.0265625
7.0 0.4046875 0.2640625 0.046875 0.028125
7.0 0.365625 0.2703125 0.046875 0.059375
7.0 0.5515625 0.278125 0.05 0.03125
3.0 0.290625 0.2875 0.028125 0.0375
7.0 0.52265625 0.4296875 0.0421875 0.021875
3.0 0.4890625 0.55 0.025 0.025
3.0 0.6984375 0.46171875 0.028125 0.0234375
3.0 0.96640625 0.43203125 0.0390625 0.0203125
3.0 0.825 0.6515625 0.053125 0.0375
7.0 0.853125 0.69375 0.06875 0.040625
3.0 0.71953125 0.77421875 0.0296875 0.0359375
3.0 0.33359375 0.36875 0.0265625 0.021875
3.0 0.96796875 0.29140625 0.0234375 0.0203125
3.0 0.9328125 0.47421875 0.028125 0.0296875
