7.0 0.703125 0.353125 0.075 0.125
7.0 0.7140625 0.203125 0.0375 0.065625
7.0 0.628125 0.14140625 0.13125 0.0515625
7.0 0.6984375 0.14375 0.015625 0.015625
7.0 0.7625 0.19375 0.046875 0.0875
7.0 0.51015625 0.14453125 0.0796875 0.0734375
7.0 0.44765625 0.18125 0.0734375 0.084375
7.0 0.3171875 0.621875 0.05625 0.046875
7.0 0.29765625 0.5484375 0.0703125 0.090625
7.0 0.1859375 0.52421875 0.01875 0.0578125
7.0 0.14453125 0.44140625 0.0359375 0.0671875
7.0 0.19609375 0.2890625 0.0671875 0.184375
3.0 0.3734375 0.1703125 0.01875 0.0375
3.0 0.36015625 0.1109375 0.0515625 0.053125
3.0 0.51953125 0.0328125 0.0421875 0.0625
3.0 0.14296875 0.03515625 0.0328125 0.0453125
3.0 0.87265625 0.66015625 0.0328125 0.0359375
3.0 0.2984375 0.04609375 0.028125 0.0390625
