4.0 0.9203125 0.0609375 0.153125 0.11875
7.0 0.88359375 0.01875 0.0328125 0.021875
4.0 0.8828125 0.5203125 0.1375 0.15625
4.0 0.3734375 0.49140625 0.215625 0.2890625
3.0 0.3703125 0.43359375 0.196875 0.0984375
3.0 0.38515625 0.56328125 0.1046875 0.0703125
4.0 0.22890625 0.6671875 0.1640625 0.171875
3.0 0.21875 0.65078125 0.134375 0.1203125
3.0 0.02734375 0.5375 0.0546875 0.084375
3.0 0.20859375 0.47578125 0.0890625 0.0703125
4.0 0.04609375 0.7078125 0.0921875 0.175
3.0 0.09140625 0.74375 0.0484375 0.03125
3.0 0.01328125 0.7765625 0.0265625 0.028125
4.0 0.1125 0.66328125 0.08125 0.0765625
3.0 0.68984375 0.83359375 0.0484375 0.0390625
4.0 0.61953125 0.3515625 0.1328125 0.121875
3.0 0.78515625 0.33046875 0.0796875 0.0734375
4.0 0.94609375 0.3015625 0.1015625 0.065625
3.0 0.04140625 0.4671875 0.0828125 0.028125
3.0 0.11640625 0.88984375 0.1390625 0.1109375
3.0 0.63203125 0.73828125 0.0453125 0.0609375
7.0 0.6515625 0.68984375 0.0375 0.0328125
