3.0 0.6546875 0.0859375 0.084375 0.040625
3.0 0.0453125 0.334375 0.0875 0.05625
3.0 0.6609375 0.28984375 0.128125 0.0703125
3.0 0.38515625 0.31953125 0.2734375 0.0859375
3.0 0.328125 0.4125 0.11875 0.134375
3.0 0.48046875 0.50703125 0.1671875 0.1546875
3.0 0.1734375 0.45859375 0.059375 0.1078125
2.0 0.6375 0.4203125 0.121875 0.090625
3.0 0.69375 0.36484375 0.059375 0.0578125
3.0 0.9640625 0.47578125 0.05625 0.0453125
3.0 0.8984375 0.55234375 0.203125 0.0921875
3.0 0.971875 0.8046875 0.05625 0.090625
7.0 0.90859375 0.778125 0.0703125 0.0625
7.0 0.86953125 0.69765625 0.1484375 0.0765625
