3.0 0.75546875 0.3296875 0.0390625 0.0625
3.0 0.73671875 0.8375 0.0484375 0.040625
3.0 0.47265625 0.11953125 0.0328125 0.0421875
3.0 0.32890625 0.62890625 0.0390625 0.0453125
3.0 0.26328125 0.6078125 0.0671875 0.084375
3.0 0.20546875 0.44375 0.0328125 0.04375
3.0 0.16484375 0.7875 0.0359375 0.04375
3.0 0.11328125 0.796875 0.0296875 0.05625
3.0 0.140625 0.83828125 0.028125 0.0765625
3.0 0.4984375 0.94609375 0.025 0.0234375
3.0 0.50859375 0.65859375 0.0515625 0.0546875
3.0 0.53125 0.7046875 0.025 0.028125
3.0 0.80703125 0.58515625 0.0359375 0.0359375
3.0 0.8203125 0.70234375 0.01875 0.0359375
3.0 0.5578125 0.73359375 0.009375 0.0203125
3.0 0.546875 0.465625 0.025 0.0375
3.0 0.49765625 0.5171875 0.0140625 0.015625
3.0 0.41953125 0.4359375 0.0359375 0.0375
3.0 0.3578125 0.309375 0.0125 0.03125
