3.0 0.87421875 0.11484375 0.0421875 0.0609375
4.0 0.60234375 0.3171875 0.2109375 0.153125
4.0 0.56015625 0.21484375 0.0734375 0.1015625
4.0 0.52734375 0.28984375 0.0734375 0.1359375
4.0 0.76640625 0.68125 0.1515625 0.609375
3.0 0.85625 0.61015625 0.025 0.0765625
3.0 0.65703125 0.4671875 0.0453125 0.053125
3.0 0.740625 0.503125 0.05625 0.053125
3.0 0.7875 0.82578125 0.025 0.0859375
4.0 0.60546875 0.57734375 0.1484375 0.0921875
3.0 0.5875 0.596875 0.053125 0.05
3.0 0.58203125 0.4078125 0.0703125 0.078125
3.0 0.53671875 0.33828125 0.0546875 0.0390625
4.0 0.6953125 0.80859375 0.11875 0.1953125
4.0 0.54765625 0.6515625 0.1109375 0.05625
7.0 0.52890625 0.76640625 0.0796875 0.1609375
4.0 0.49453125 0.43984375 0.1046875 0.1359375
7.0 0.46875 0.73203125 0.046875 0.0734375
3.0 0.80703125 0.74921875 0.0234375 0.0734375
3.0 0.221875 0.15859375 0.115625 0.0578125
7.0 0.16796875 0.52421875 0.1171875 0.1078125
7.0 0.03671875 0.62890625 0.0734375 0.1078125
7.0 0.14765625 0.69296875 0.0828125 0.0609375
7.0 0.215625 0.7078125 0.053125 0.0625
7.0 0.2015625 0.77421875 0.05 0.0609375
7.0 0.39296875 0.93984375 0.0796875 0.1046875
7.0 0.3328125 0.89453125 0.04375 0.0578125
7.0 0.29453125 0.9265625 0.0546875 0.084375
7.0 0.2484375 0.9703125 0.046875 0.059375
3.0 0.9390625 0.64765625 0.05 0.0328125
3.0 0.94453125 0.97109375 0.0328125 0.0546875
