4.0 0.89296875 0.3859375 0.1609375 0.2
3.0 0.90625 0.38203125 0.04375 0.0390625
3.0 0.84296875 0.32265625 0.0328125 0.0328125
4.0 0.7328125 0.4296875 0.071875 0.128125
4.0 0.8765625 0.475 0.0375 0.05625
4.0 0.78984375 0.49921875 0.0890625 0.0515625
3.0 0.78671875 0.5 0.0265625 0.034375
3.0 0.63046875 0.33671875 0.0671875 0.0515625
3.0 0.6609375 0.3921875 0.071875 0.053125
3.0 0.54765625 0.5703125 0.0515625 0.040625
3.0 0.46875 0.56484375 0.0375 0.0296875
3.0 0.2875 0.65390625 0.028125 0.0296875
4.0 0.575 0.3125 0.05625 0.096875
4.0 0.5578125 0.40625 0.14375 0.059375
4.0 0.471875 0.44453125 0.115625 0.0671875
4.0 0.57109375 0.484375 0.2140625 0.059375
4.0 0.440625 0.515625 0.15 0.06875
4.0 0.26796875 0.42890625 0.1578125 0.0828125
3.0 0.275 0.4578125 0.046875 0.040625
3.0 0.225 0.39765625 0.025 0.0171875
4.0 0.403125 0.371875 0.103125 0.065625
3.0 0.375 0.3640625 0.03125 0.040625
3.0 0.21015625 0.16875 0.0421875 0.03125
3.0 0.0609375 0.77421875 0.065625 0.0359375
