5.0 0.71796875 0.0515625 0.1953125 0.103125
5.0 0.08671875 0.4984375 0.1453125 0.10625
5.0 0.75078125 0.29765625 0.2578125 0.2140625
5.0 0.975 0.37734375 0.05 0.1859375
5.0 0.9359375 0.484375 0.128125 0.11875
5.0 0.7734375 0.428125 0.11875 0.084375
5.0 0.61328125 0.415625 0.3140625 0.2375
5.0 0.5203125 0.5640625 0.25 0.190625
3.0 0.21328125 0.41640625 0.1515625 0.1109375
3.0 0.36171875 0.38046875 0.1171875 0.0859375
3.0 0.5078125 0.04921875 0.159375 0.0984375
3.0 0.196875 0.571875 0.140625 0.1
3.0 0.1078125 0.8734375 0.134375 0.10625
5.0 0.67734375 0.7015625 0.2453125 0.190625
5.0 0.6609375 0.521875 0.1125 0.084375
5.0 0.809375 0.54921875 0.14375 0.0984375
3.0 0.3109375 0.48125 0.05625 0.040625
3.0 0.61640625 0.82421875 0.0828125 0.0578125
3.0 0.2828125 0.63984375 0.096875 0.0734375
