7.0 0.371875 0.47265625 0.121875 0.1890625
4.0 0.39375 0.5375 0.159375 0.13125
7.0 0.5671875 0.471875 0.178125 0.13125
4.0 0.66015625 0.6171875 0.1765625 0.146875
3.0 0.4890625 0.64296875 0.053125 0.0390625
7.0 0.10625 0.2703125 0.11875 0.103125
7.0 0.06015625 0.1421875 0.1015625 0.0625
7.0 0.2375 0.29921875 0.08125 0.0828125
7.0 0.215625 0.19609375 0.059375 0.0578125
3.0 0.7578125 0.275 0.04375 0.028125
3.0 0.8671875 0.0734375 0.05625 0.04375
3.0 0.89140625 0.025 0.0640625 0.040625
3.0 0.88671875 0.24921875 0.1171875 0.0578125
3.0 0.90625 0.19609375 0.090625 0.0265625
