7.0 0.42890625 0.89765625 0.2484375 0.0671875
7.0 0.51640625 0.95625 0.1640625 0.0625
7.0 0.63125 0.84453125 0.13125 0.1109375
7.0 0.75078125 0.85625 0.1796875 0.096875
7.0 0.13984375 0.48125 0.1703125 0.090625
7.0 0.79140625 0.7140625 0.1046875 0.140625
7.0 0.8859375 0.7171875 0.046875 0.040625
7.0 0.9046875 0.640625 0.1125 0.103125
3.0 0.76875 0.58984375 0.1 0.0609375
3.0 0.665625 0.528125 0.05625 0.034375
4.0 0.37578125 0.73046875 0.1921875 0.0796875
3.0 0.5578125 0.6890625 0.071875 0.1
3.0 0.54921875 0.73359375 0.1015625 0.0421875
3.0 0.6390625 0.42109375 0.078125 0.0828125
3.0 0.45625 0.46171875 0.05 0.0234375
3.0 0.35625 0.6046875 0.025 0.034375
3.0 0.91484375 0.37734375 0.0578125 0.0734375
3.0 0.56171875 0.246875 0.1328125 0.028125
3.0 0.2875 0.18046875 0.0625 0.0578125
3.0 0.7796875 0.09296875 0.040625 0.0296875
3.0 0.82890625 0.14765625 0.0453125 0.0234375
3.0 0.028125 0.1296875 0.05625 0.03125
3.0 0.10078125 0.08359375 0.0484375 0.0390625
3.0 0.04296875 0.059375 0.0859375 0.03125
3.0 0.2140625 0.72578125 0.109375 0.0453125
7.0 0.9140625 0.75 0.034375 0.03125
