4.0 0.22578125 0.1484375 0.4203125 0.2875
4.0 0.61484375 0.2328125 0.4578125 0.1875
4.0 0.62109375 0.11328125 0.1953125 0.1265625
4.0 0.75625 0.36015625 0.434375 0.2578125
4.0 0.890625 0.0671875 0.209375 0.134375
4.0 0.94296875 0.3125 0.1140625 0.215625
4.0 0.95703125 0.146875 0.0859375 0.10625
4.0 0.30078125 0.546875 0.3140625 0.259375
4.0 0.09609375 0.40859375 0.1890625 0.1171875
4.0 0.1703125 0.28046875 0.24375 0.2203125
4.0 0.4765625 0.8921875 0.246875 0.215625
4.0 0.81328125 0.62734375 0.2828125 0.3046875
4.0 0.5640625 0.81328125 0.153125 0.1703125
3.0 0.5546875 0.2046875 0.053125 0.046875
3.0 0.74921875 0.56171875 0.1078125 0.0796875
3.0 0.4390625 0.63125 0.109375 0.040625
3.0 0.84296875 0.059375 0.0921875 0.096875
3.0 0.4625 0.9078125 0.13125 0.08125
3.0 0.815625 0.7765625 0.13125 0.065625
3.0 0.96171875 0.884375 0.0671875 0.078125
4.0 0.134375 0.77265625 0.253125 0.1546875
3.0 0.5515625 0.79765625 0.078125 0.0484375
3.0 0.63125 0.93515625 0.06875 0.1046875
3.0 0.7890625 0.9640625 0.0375 0.040625
4.0 0.72109375 0.93984375 0.1078125 0.1203125
