3.0 0.953125 0.03515625 0.08125 0.0640625
3.0 0.97265625 0.159375 0.0421875 0.084375
3.0 0.49140625 0.0578125 0.1046875 0.0875
3.0 0.43125 0.1546875 0.046875 0.240625
3.0 0.03203125 0.175 0.0546875 0.134375
3.0 0.1265625 0.4234375 0.103125 0.296875
7.0 0.77890625 0.2359375 0.0765625 0.05625
7.0 0.8359375 0.3234375 0.078125 0.034375
7.0 0.77421875 0.425 0.1890625 0.19375
7.0 0.628125 0.63984375 0.1 0.1609375
7.0 0.753125 0.6625 0.03125 0.084375
7.0 0.6890625 0.72265625 0.0375 0.0765625
7.0 0.36640625 0.48359375 0.2109375 0.5421875
7.0 0.3078125 0.82578125 0.1125 0.2578125
7.0 0.54375 0.68828125 0.13125 0.3828125
3.0 0.65859375 0.86015625 0.0734375 0.0890625
