3.0 0.7609375 0.35625 0.1375 0.075
3.0 0.73828125 0.609375 0.1328125 0.103125
3.0 0.4921875 0.69296875 0.10625 0.1078125
3.0 0.21171875 0.78984375 0.2234375 0.0359375
3.0 0.30625 0.8859375 0.309375 0.1
3.0 0.009375 0.87421875 0.01875 0.0640625
3.0 0.69453125 0.9828125 0.1203125 0.034375
3.0 0.82578125 0.97578125 0.1234375 0.0484375
4.0 0.47890625 0.0984375 0.3265625 0.190625
4.0 0.02890625 0.15859375 0.0578125 0.0703125
4.0 0.1375 0.2125 0.171875 0.06875
3.0 0.26484375 0.196875 0.0609375 0.05
4.0 0.37734375 0.21796875 0.2765625 0.1203125
