7.0 0.640625 0.36015625 0.1 0.1015625
7.0 0.43125 0.30390625 0.328125 0.1859375
7.0 0.28359375 0.24296875 0.0890625 0.0921875
7.0 0.4265625 0.45390625 0.16875 0.1296875
7.0 0.2015625 0.4453125 0.190625 0.21875
3.0 0.40390625 0.55390625 0.0484375 0.0234375
3.0 0.41328125 0.584375 0.0359375 0.021875
3.0 0.96640625 0.68671875 0.0453125 0.0234375
7.0 0.93203125 0.6515625 0.0796875 0.0625
7.0 0.5546875 0.78671875 0.140625 0.1078125
7.0 0.7734375 0.665625 0.046875 0.040625
7.0 0.7296875 0.1484375 0.196875 0.071875
