4.0 0.2390625 0.4375 0.234375 0.1875
4.0 0.534375 0.5734375 0.259375 0.1875
3.0 0.84375 0.590625 0.109375 0.09375
3.0 0.5203125 0.56015625 0.13125 0.0890625
3.0 0.55546875 0.63984375 0.0859375 0.0546875
3.0 0.20703125 0.853125 0.1578125 0.115625
3.0 0.63125 0.834375 0.125 0.1
3.0 0.73828125 0.7359375 0.1328125 0.09375
4.0 0.6625 0.2609375 0.315625 0.278125
3.0 0.57421875 0.33125 0.1109375 0.0875
3.0 0.65234375 0.91015625 0.0609375 0.0484375
3.0 0.47578125 0.88359375 0.0671875 0.0546875
3.0 0.28046875 0.56875 0.0828125 0.05625
3.0 0.1578125 0.3015625 0.096875 0.05625
3.0 0.51015625 0.30234375 0.0703125 0.0546875
3.0 0.62734375 0.9859375 0.0953125 0.028125
