3.0 0.484375 0.80390625 0.11875 0.1359375
3.0 0.3890625 0.96328125 0.078125 0.0359375
3.0 0.35 0.871875 0.0375 0.0375
3.0 0.58984375 0.93125 0.0390625 0.0375
3.0 0.625 0.98828125 0.075 0.0203125
3.0 0.6734375 0.95 0.040625 0.0875
3.0 0.87265625 0.62578125 0.0703125 0.0640625
3.0 0.96875 0.6109375 0.05625 0.040625
3.0 0.89375 0.540625 0.10625 0.028125
3.0 0.603125 0.47421875 0.09375 0.0421875
3.0 0.478125 0.15859375 0.10625 0.1265625
3.0 0.05 0.37890625 0.090625 0.0796875
3.0 0.47109375 0.45078125 0.0421875 0.0328125
3.0 0.43125 0.37890625 0.0375 0.0484375
3.0 0.91640625 0.3734375 0.0859375 0.10625
