3.0 0.1796875 0.29921875 0.359375 0.1390625
3.0 0.4875 0.18984375 0.2 0.1015625
3.0 0.43984375 0.04296875 0.1640625 0.0703125
3.0 0.66015625 0.5484375 0.1265625 0.125
3.0 0.41640625 0.56015625 0.1796875 0.1171875
3.0 0.7484375 0.496875 0.040625 0.1
3.0 0.85 0.9515625 0.084375 0.0875
3.0 0.54921875 0.84140625 0.1546875 0.1859375
3.0 0.22890625 0.6640625 0.0796875 0.05
3.0 0.9375 0.2234375 0.1125 0.034375
3.0 0.79609375 0.646875 0.0671875 0.084375
3.0 0.8890625 0.71484375 0.096875 0.0359375
3.0 0.8046875 0.8078125 0.046875 0.059375
