3.0 0.978125 0.53515625 0.04375 0.0640625
7.0 0.87578125 0.35546875 0.1796875 0.1109375
3.0 0.94921875 0.346875 0.0453125 0.025
7.0 0.91015625 0.48125 0.0953125 0.0625
3.0 0.953125 0.4921875 0.034375 0.015625
3.0 0.6359375 0.290625 0.178125 0.196875
3.0 0.425 0.25234375 0.171875 0.1203125
7.0 0.5203125 0.5546875 0.175 0.159375
3.0 0.653125 0.15390625 0.06875 0.0671875
7.0 0.4515625 0.3953125 0.140625 0.0875
3.0 0.05703125 0.775 0.1140625 0.034375
3.0 0.1578125 0.65078125 0.128125 0.0859375
3.0 0.4796875 0.728125 0.05 0.04375
3.0 0.44296875 0.78046875 0.0671875 0.0390625
3.0 0.92265625 0.26171875 0.0609375 0.0328125
3.0 0.82734375 0.1375 0.0515625 0.04375
3.0 0.25703125 0.5140625 0.0640625 0.03125
3.0 0.21640625 0.55859375 0.0296875 0.0328125
