3.0 0.30234375 0.7578125 0.1046875 0.1375
3.0 0.3875 0.73984375 0.103125 0.1359375
3.0 0.32890625 0.884375 0.0859375 0.115625
3.0 0.40625 0.0390625 0.075 0.078125
7.0 0.50859375 0.36796875 0.2609375 0.3515625
3.0 0.590625 0.6484375 0.2625 0.346875
3.0 0.65390625 0.51953125 0.2203125 0.2921875
3.0 0.578125 0.9140625 0.1875 0.171875
3.0 0.5890625 0.78046875 0.096875 0.1296875
3.0 0.4328125 0.525 0.13125 0.175
7.0 0.50234375 0.38359375 0.2421875 0.3234375
7.0 0.53203125 0.1640625 0.1234375 0.1625
3.0 0.96328125 0.49296875 0.0734375 0.1328125
