3.0 0.728125 0.371875 0.034375 0.125
3.0 0.74765625 0.48828125 0.0609375 0.1046875
3.0 0.56953125 0.53359375 0.1109375 0.2421875
3.0 0.5140625 0.496875 0.065625 0.096875
3.0 0.49140625 0.69140625 0.0640625 0.1796875
3.0 0.4921875 0.16796875 0.15625 0.1078125
3.0 0.471875 0.1015625 0.109375 0.059375
3.0 0.47109375 0.8921875 0.0671875 0.090625
3.0 0.31953125 0.4046875 0.0296875 0.1
3.0 0.7703125 0.19453125 0.046875 0.0953125
3.0 0.33125 0.8296875 0.046875 0.059375
3.0 0.27578125 0.50234375 0.0328125 0.0640625
3.0 0.0390625 0.70625 0.053125 0.1
