4.0 0.74296875 0.68671875 0.4921875 0.4453125
4.0 0.240625 0.7203125 0.371875 0.2125
4.0 0.58671875 0.58984375 0.3234375 0.1484375
4.0 0.60078125 0.45703125 0.3703125 0.1578125
4.0 0.74921875 0.2171875 0.3296875 0.15625
4.0 0.66640625 0.05390625 0.3265625 0.1078125
4.0 0.92109375 0.11640625 0.1578125 0.2328125
4.0 0.953125 0.77578125 0.09375 0.1515625
3.0 0.20078125 0.5 0.1046875 0.109375
4.0 0.315625 0.2640625 0.15625 0.25
3.0 0.45234375 0.2515625 0.0984375 0.121875
3.0 0.596875 0.32890625 0.16875 0.0484375
3.0 0.31953125 0.30859375 0.0828125 0.1015625
3.0 0.753125 0.171875 0.1625 0.059375
3.0 0.65625 0.03359375 0.146875 0.0609375
3.0 0.90078125 0.590625 0.1546875 0.203125
3.0 0.76875 0.80703125 0.259375 0.2015625
3.0 0.96015625 0.8203125 0.0546875 0.05
