4.0 0.42109375 0.596875 0.3546875 0.2625
4.0 0.63203125 0.50859375 0.2703125 0.1859375
4.0 0.7703125 0.43046875 0.35 0.1265625
4.0 0.6703125 0.31484375 0.35 0.1578125
4.0 0.32109375 0.26796875 0.1734375 0.2484375
3.0 0.16328125 0.3734375 0.0734375 0.034375
3.0 0.41875 0.5265625 0.06875 0.109375
3.0 0.30625 0.4953125 0.0625 0.06875
3.0 0.5640625 0.48203125 0.078125 0.0546875
3.0 0.65546875 0.534375 0.1109375 0.06875
3.0 0.53984375 0.3609375 0.0515625 0.0375
3.0 0.6328125 0.3109375 0.0875 0.075
3.0 0.73359375 0.38203125 0.1515625 0.0296875
3.0 0.109375 0.12109375 0.05625 0.0609375
5.0 0.2296875 0.08125 0.0625 0.1375
5.0 0.32421875 0.08046875 0.1390625 0.1140625
7.0 0.15390625 0.28359375 0.0828125 0.0640625
7.0 0.421875 0.35078125 0.05625 0.0703125
