3.0 0.63125 0.01953125 0.109375 0.0390625
3.0 0.52890625 0.05078125 0.0921875 0.0703125
7.0 0.6328125 0.13125 0.303125 0.23125
3.0 0.221875 0.23515625 0.18125 0.1390625
7.0 0.959375 0.34921875 0.08125 0.1578125
7.0 0.621875 0.43515625 0.19375 0.1484375
7.0 0.75546875 0.47578125 0.1328125 0.1015625
7.0 0.728125 0.5515625 0.1625 0.121875
7.0 0.6828125 0.784375 0.296875 0.221875
3.0 0.41328125 0.65859375 0.2578125 0.1953125
3.0 0.41953125 0.44453125 0.2328125 0.1703125
3.0 0.11015625 0.6875 0.1109375 0.084375
3.0 0.128125 0.7546875 0.075 0.05625
3.0 0.3328125 0.9484375 0.1375 0.103125
3.0 0.4859375 0.9625 0.16875 0.075
7.0 0.15546875 0.6125 0.2328125 0.171875
7.0 0.01875 0.60703125 0.0375 0.2328125
7.0 0.10703125 0.4328125 0.2140625 0.159375
