4.0 0.43046875 0.69921875 0.6765625 0.5484375
4.0 0.7890625 0.76171875 0.39375 0.3078125
4.0 0.95703125 0.684375 0.0859375 0.278125
3.0 0.25703125 0.221875 0.0671875 0.053125
3.0 0.33203125 0.22890625 0.0734375 0.0578125
3.0 0.4109375 0.18203125 0.040625 0.0328125
3.0 0.66796875 0.178125 0.0953125 0.06875
3.0 0.74140625 0.5765625 0.0921875 0.06875
3.0 0.665625 0.53359375 0.05625 0.0421875
3.0 0.20078125 0.69140625 0.1203125 0.0859375
3.0 0.33359375 0.98046875 0.0671875 0.0390625
3.0 0.43515625 0.98203125 0.1140625 0.0359375
3.0 0.86171875 0.659375 0.0640625 0.05
3.0 0.775 0.81015625 0.09375 0.0671875
3.0 0.9953125 0.759375 0.009375 0.059375
3.0 0.22109375 0.55234375 0.1765625 0.1328125
3.0 0.10546875 0.61875 0.0703125 0.046875
7.0 0.6984375 0.05390625 0.115625 0.1078125
