3.0 0.95078125 0.890625 0.0453125 0.021875
7.0 0.90859375 0.95390625 0.1546875 0.0859375
3.0 0.40859375 0.9203125 0.0453125 0.021875
3.0 0.3875 0.715625 0.0625 0.046875
3.0 0.9828125 0.478125 0.03125 0.046875
3.0 0.9125 0.44296875 0.03125 0.0265625
3.0 0.240625 0.07421875 0.034375 0.0515625
3.0 0.18984375 0.01953125 0.0421875 0.0359375
3.0 0.38046875 0.10703125 0.0328125 0.0484375
3.0 0.321875 0.690625 0.03125 0.04375
4.0 0.71875 0.96328125 0.190625 0.0703125
4.0 0.9234375 0.4875 0.153125 0.246875
4.0 0.7765625 0.5359375 0.065625 0.14375
4.0 0.83203125 0.65859375 0.1390625 0.0515625
4.0 0.2796875 0.075 0.203125 0.14375
4.0 0.33359375 0.70390625 0.2203125 0.1984375
7.0 0.6109375 0.4625 0.10625 0.09375
7.0 0.5859375 0.68515625 0.1375 0.0765625
3.0 0.33984375 0.16796875 0.0484375 0.0546875
4.0 0.3515625 0.92578125 0.234375 0.0765625
