7.0 0.5265625 0.18359375 0.10625 0.2140625
7.0 0.6234375 0.24765625 0.071875 0.1671875
7.0 0.5484375 0.38046875 0.11875 0.1171875
7.0 0.50546875 0.30859375 0.1078125 0.2109375
7.0 0.5515625 0.91875 0.2625 0.1625
7.0 0.628125 0.6953125 0.090625 0.18125
7.0 0.7 0.853125 0.05 0.15
7.0 0.23203125 0.17890625 0.0765625 0.1890625
7.0 0.33046875 0.64921875 0.1265625 0.1578125
7.0 0.215625 0.49140625 0.065625 0.1390625
7.0 0.109375 0.4421875 0.13125 0.15625
7.0 0.17421875 0.28359375 0.0484375 0.1109375
7.0 0.31171875 0.215625 0.0734375 0.103125
3.0 0.6640625 0.0421875 0.128125 0.08125
3.0 0.63671875 0.14375 0.1046875 0.08125
3.0 0.4703125 0.40625 0.071875 0.121875
3.0 0.4578125 0.79453125 0.09375 0.1640625
3.0 0.29609375 0.8484375 0.1359375 0.184375
