7.0 0.41875 0.94609375 0.0625 0.0984375
7.0 0.4734375 0.96875 0.04375 0.053125
7.0 0.42265625 0.84921875 0.0703125 0.1015625
7.0 0.46953125 0.9203125 0.0328125 0.034375
7.0 0.5140625 0.8125 0.05625 0.046875
7.0 0.58203125 0.8453125 0.1140625 0.078125
7.0 0.728125 0.73828125 0.078125 0.0984375
7.0 0.7625 0.8671875 0.053125 0.1375
7.0 0.646875 0.82265625 0.075 0.0515625
7.0 0.8234375 0.84765625 0.040625 0.1078125
7.0 0.0234375 0.821875 0.04375 0.065625
7.0 0.4375 0.7796875 0.0375 0.034375
7.0 0.7953125 0.76015625 0.05625 0.0796875
3.0 0.7828125 0.6640625 0.053125 0.059375
7.0 0.5 0.5703125 0.04375 0.040625
7.0 0.2421875 0.2203125 0.071875 0.021875
