3.0 0.934375 0.9765625 0.125 0.0375
3.0 0.7890625 0.93359375 0.06875 0.0484375
3.0 0.665625 0.9109375 0.06875 0.03125
3.0 0.84453125 0.859375 0.0484375 0.034375
3.0 0.69453125 0.8015625 0.0578125 0.053125
3.0 0.82265625 0.63828125 0.0609375 0.0453125
3.0 0.90078125 0.61953125 0.0515625 0.0390625
3.0 0.88671875 0.665625 0.0390625 0.03125
3.0 0.97265625 0.6390625 0.0515625 0.025
3.0 0.8109375 0.775 0.059375 0.059375
3.0 0.78828125 0.70859375 0.0921875 0.0390625
3.0 0.3171875 0.671875 0.04375 0.0375
3.0 0.7234375 0.59296875 0.040625 0.0359375
3.0 0.7140625 0.62890625 0.03125 0.0421875
3.0 0.75625 0.63125 0.05 0.028125
3.0 0.9578125 0.55625 0.06875 0.0625
3.0 0.49765625 0.9140625 0.0328125 0.046875
6.0 0.528125 0.6265625 0.11875 0.103125
6.0 0.540625 0.8046875 0.159375 0.071875
6.0 0.36796875 0.7625 0.1546875 0.04375
6.0 0.63828125 0.4328125 0.1390625 0.128125
7.0 0.63671875 0.29140625 0.0640625 0.0640625
7.0 0.55234375 0.240625 0.1234375 0.0375
7.0 0.22734375 0.21953125 0.1484375 0.1078125
7.0 0.12109375 0.053125 0.1234375 0.1
7.0 0.4828125 0.07890625 0.153125 0.0953125
7.0 0.76875 0.25625 0.0875 0.08125
7.0 0.68359375 0.08671875 0.0671875 0.1734375
3.0 0.5890625 0.1640625 0.05 0.0625
3.0 0.5734375 0.478125 0.075 0.034375
3.0 0.9671875 0.43046875 0.05625 0.0171875
3.0 0.4234375 0.4625 0.040625 0.053125
3.0 0.6765625 0.478125 0.05 0.021875
3.0 0.5453125 0.60625 0.046875 0.053125
3.0 0.834375 0.51015625 0.075 0.0328125
