3.0 0.04765625 0.1078125 0.0453125 0.021875
7.0 0.08984375 0.04453125 0.1546875 0.0859375
3.0 0.58984375 0.078125 0.0453125 0.021875
3.0 0.6109375 0.2828125 0.0625 0.046875
3.0 0.015625 0.5203125 0.03125 0.046875
3.0 0.0859375 0.55546875 0.03125 0.0265625
3.0 0.7578125 0.92421875 0.034375 0.0515625
3.0 0.8078125 0.97890625 0.04375 0.0359375
3.0 0.61796875 0.89140625 0.0328125 0.0484375
3.0 0.6765625 0.3078125 0.03125 0.04375
4.0 0.27890625 0.03515625 0.1921875 0.0703125
4.0 0.07578125 0.5109375 0.1515625 0.246875
4.0 0.221875 0.4625 0.065625 0.14375
4.0 0.16640625 0.33984375 0.1390625 0.0515625
4.0 0.71875 0.9234375 0.203125 0.14375
4.0 0.66484375 0.29453125 0.2203125 0.1984375
7.0 0.3875 0.5359375 0.10625 0.09375
7.0 0.41171875 0.3125 0.1390625 0.075
3.0 0.65859375 0.83046875 0.0484375 0.0546875
4.0 0.646875 0.07265625 0.234375 0.0765625
