3.0 0.20859375 0.50625 0.0859375 0.075
3.0 0.040625 0.50546875 0.06875 0.0703125
3.0 0.0515625 0.3890625 0.053125 0.0625
2.0 0.0359375 0.31484375 0.040625 0.0265625
3.0 0.30234375 0.265625 0.1203125 0.096875
3.0 0.35390625 0.3828125 0.1046875 0.065625
3.0 0.465625 0.3234375 0.06875 0.115625
2.0 0.6328125 0.39609375 0.10625 0.0546875
3.0 0.5890625 0.49375 0.04375 0.14375
2.0 0.59140625 0.59140625 0.0609375 0.0609375
3.0 0.64765625 0.559375 0.0578125 0.18125
3.0 0.73203125 0.70625 0.0515625 0.05
3.0 0.72734375 0.77109375 0.0453125 0.0359375
3.0 0.44609375 0.8578125 0.1203125 0.109375
3.0 0.40234375 0.6734375 0.1171875 0.096875
3.0 0.03984375 0.8265625 0.0765625 0.140625
3.0 0.21171875 0.84140625 0.0421875 0.0453125
3.0 0.4390625 0.065625 0.015625 0.034375
3.0 0.940625 0.3109375 0.021875 0.078125
3.0 0.071875 0.625 0.05 0.046875
3.0 0.81796875 0.415625 0.0484375 0.1375
3.0 0.97890625 0.48984375 0.0390625 0.1109375
3.0 0.91796875 0.52421875 0.0671875 0.1546875
3.0 0.2609375 0.60390625 0.034375 0.0453125
