7.0 0.0546875 0.2953125 0.05 0.10625
7.0 0.1015625 0.19296875 0.096875 0.0765625
7.0 0.415625 0.34921875 0.04375 0.0765625
7.0 0.4203125 0.45234375 0.1125 0.0796875
3.0 0.32578125 0.5171875 0.0484375 0.10625
3.0 0.37890625 0.54765625 0.0640625 0.0703125
3.0 0.4234375 0.525 0.015625 0.053125
3.0 0.5296875 0.43203125 0.046875 0.0609375
3.0 0.48828125 0.421875 0.0390625 0.0625
3.0 0.65 0.80078125 0.071875 0.0796875
3.0 0.61328125 0.68828125 0.0515625 0.0515625
3.0 0.58671875 0.62734375 0.0578125 0.0578125
3.0 0.43125 0.86640625 0.040625 0.1015625
3.0 0.3890625 0.840625 0.03125 0.053125
3.0 0.3234375 0.70078125 0.090625 0.0953125
3.0 0.2359375 0.9703125 0.05625 0.040625
7.0 0.66171875 0.096875 0.0765625 0.1875
7.0 0.93828125 0.73046875 0.0234375 0.0546875
3.0 0.971875 0.734375 0.0375 0.08125
3.0 0.63828125 0.9078125 0.0953125 0.084375
7.0 0.24296875 0.03671875 0.1234375 0.0546875
7.0 0.1203125 0.05390625 0.065625 0.0484375
7.0 0.04453125 0.11328125 0.0515625 0.1078125
3.0 0.74375 0.703125 0.040625 0.0625
7.0 0.42265625 0.26796875 0.0453125 0.0578125
3.0 0.4140625 0.409375 0.03125 0.0375
7.0 0.2171875 0.3859375 0.03125 0.03125
3.0 0.6078125 0.33125 0.046875 0.08125
3.0 0.9125 0.31015625 0.025 0.0328125
3.0 0.8484375 0.35 0.025 0.021875
3.0 0.58515625 0.03203125 0.0328125 0.0546875
3.0 0.22421875 0.875 0.0390625 0.034375
