7.0 0.65 0.61171875 0.08125 0.1109375
7.0 0.440625 0.36953125 0.0625 0.1328125
7.0 0.7578125 0.40078125 0.090625 0.1109375
7.0 0.26328125 0.54765625 0.0359375 0.1109375
7.0 0.20078125 0.60234375 0.0515625 0.1203125
7.0 0.7390625 0.70234375 0.08125 0.0453125
7.0 0.7609375 0.60546875 0.075 0.0453125
7.0 0.93203125 0.2765625 0.1265625 0.059375
7.0 0.69375 0.25234375 0.25625 0.0640625
7.0 0.48125 0.22734375 0.053125 0.0421875
7.0 0.4125 0.27265625 0.0625 0.0390625
7.0 0.38359375 0.53671875 0.0296875 0.0328125
7.0 0.47734375 0.65390625 0.0796875 0.0515625
