4.0 0.37109375 0.32265625 0.2203125 0.2359375
4.0 0.740625 0.08984375 0.11875 0.1796875
4.0 0.50703125 0.171875 0.1796875 0.096875
4.0 0.77265625 0.58984375 0.1828125 0.1109375
4.0 0.85546875 0.78671875 0.1296875 0.1546875
4.0 0.94453125 0.64765625 0.1109375 0.1296875
4.0 0.12890625 0.809375 0.1390625 0.078125
4.0 0.02734375 0.6359375 0.0515625 0.184375
4.0 0.11796875 0.59921875 0.0890625 0.0796875
4.0 0.075 0.48359375 0.11875 0.1296875
4.0 0.1265625 0.378125 0.24375 0.096875
4.0 0.12890625 0.24140625 0.1515625 0.1671875
4.0 0.021875 0.2375 0.0375 0.078125
4.0 0.078125 0.2453125 0.096875 0.053125
4.0 0.296875 0.1640625 0.11875 0.196875
4.0 0.04921875 0.0390625 0.0953125 0.071875
4.0 0.0375 0.0859375 0.065625 0.1125
3.0 0.178125 0.02109375 0.03125 0.0265625
3.0 0.1421875 0.13515625 0.0625 0.0234375
4.0 0.97109375 0.26015625 0.0578125 0.1484375
4.0 0.95078125 0.43125 0.0421875 0.046875
4.0 0.91640625 0.484375 0.0765625 0.053125
4.0 0.9625 0.93984375 0.075 0.1078125
4.0 0.3 0.44453125 0.18125 0.1140625
3.0 0.88046875 0.8265625 0.0296875 0.03125
3.0 0.940625 0.65390625 0.046875 0.0328125
3.0 0.01875 0.57109375 0.03125 0.0296875
4.0 0.9625 0.13984375 0.04375 0.0484375
3.0 0.4171875 0.3921875 0.08125 0.084375
3.0 0.12265625 0.8328125 0.0421875 0.0125
3.0 0.82265625 0.5875 0.0609375 0.021875
2.0 0.57578125 0.07421875 0.0421875 0.0578125
