7.0 0.2546875 0.06953125 0.121875 0.1296875
7.0 0.24765625 0.275 0.1140625 0.071875
7.0 0.3015625 0.228125 0.05625 0.028125
7.0 0.45 0.15625 0.06875 0.046875
7.0 0.49921875 0.0734375 0.0578125 0.075
7.0 0.62109375 0.18671875 0.0953125 0.0671875
7.0 0.78359375 0.32265625 0.0453125 0.0828125
7.0 0.3703125 0.4703125 0.190625 0.190625
7.0 0.37265625 0.63125 0.1265625 0.071875
7.0 0.4734375 0.58984375 0.075 0.0859375
7.0 0.6 0.56953125 0.26875 0.2609375
7.0 0.8078125 0.58203125 0.146875 0.1203125
7.0 0.83125 0.6875 0.1375 0.1125
7.0 0.9078125 0.58828125 0.05625 0.1046875
7.0 0.390625 0.77421875 0.084375 0.0765625
7.0 0.7046875 0.75703125 0.109375 0.0296875
7.0 0.82265625 0.8125 0.1046875 0.1
