3.0 0.19609375 0.228125 0.0265625 0.025
3.0 0.46640625 0.18984375 0.0359375 0.0609375
3.0 0.30234375 0.44296875 0.0234375 0.0328125
3.0 0.64453125 0.328125 0.0234375 0.03125
3.0 0.69921875 0.3 0.0203125 0.025
3.0 0.7203125 0.27109375 0.03125 0.0484375
3.0 0.72890625 0.32265625 0.0265625 0.0234375
3.0 0.76484375 0.2515625 0.0234375 0.01875
3.0 0.68125 0.43515625 0.0125 0.0234375
3.0 0.70625 0.40078125 0.05625 0.0265625
3.0 0.7125 0.434375 0.0375 0.03125
7.0 0.7703125 0.484375 0.11875 0.053125
3.0 0.7703125 0.47109375 0.03125 0.0140625
3.0 0.77109375 0.50625 0.0234375 0.025
7.0 0.72265625 0.5953125 0.0421875 0.01875
7.0 0.54921875 0.65390625 0.0765625 0.0453125
7.0 0.55546875 0.57734375 0.0390625 0.0390625
3.0 0.35546875 0.67734375 0.0453125 0.0234375
3.0 0.6390625 0.5125 0.034375 0.025
3.0 0.38671875 0.5578125 0.0421875 0.0625
3.0 0.8046875 0.5109375 0.034375 0.025
3.0 0.83125 0.49921875 0.03125 0.0203125
3.0 0.6703125 0.48359375 0.01875 0.0203125
4.0 0.35546875 0.8046875 0.1984375 0.075
4.0 0.70703125 0.72890625 0.1078125 0.0828125
3.0 0.76015625 0.8234375 0.0234375 0.015625
4.0 0.184375 0.8265625 0.0875 0.065625
3.0 0.31328125 0.5921875 0.0390625 0.0375
3.0 0.278125 0.6203125 0.03125 0.021875
3.0 0.1328125 0.409375 0.065625 0.05625
3.0 0.20703125 0.3703125 0.0265625 0.03125
3.0 0.12109375 0.2828125 0.0765625 0.046875
3.0 0.7609375 0.20546875 0.040625 0.0421875
3.0 0.43671875 0.09765625 0.0421875 0.0484375
7.0 0.68046875 0.1390625 0.0296875 0.03125
