7.0 0.45625 0.275 0.14375 0.14375
7.0 0.7546875 0.19609375 0.46875 0.2640625
7.0 0.95078125 0.10859375 0.0984375 0.1296875
7.0 0.76171875 0.409375 0.2421875 0.184375
7.0 0.9734375 0.39765625 0.053125 0.3109375
3.0 0.79375 0.55234375 0.06875 0.0328125
3.0 0.78046875 0.59609375 0.0515625 0.0296875
3.0 0.01171875 0.7421875 0.0234375 0.034375
7.0 0.04765625 0.6921875 0.0953125 0.090625
7.0 0.57890625 0.8859375 0.2015625 0.153125
7.0 0.265625 0.7125 0.06875 0.059375
7.0 0.32734375 0.01171875 0.2828125 0.0234375
