3.0 0.61953125 0.690625 0.1015625 0.075
3.0 0.8484375 0.47890625 0.134375 0.0765625
3.0 0.63203125 0.35390625 0.1203125 0.0453125
3.0 0.53828125 0.3203125 0.1390625 0.034375
3.0 0.46640625 0.53046875 0.3796875 0.2046875
3.0 0.2234375 0.40546875 0.246875 0.2171875
3.0 0.07890625 0.375 0.1578125 0.125
3.0 0.14921875 0.846875 0.1328125 0.109375
3.0 0.0578125 0.771875 0.040625 0.0375
3.0 0.42734375 0.77109375 0.0921875 0.0640625
3.0 0.821875 0.83125 0.13125 0.13125
3.0 0.7875 0.41640625 0.06875 0.0296875
3.0 0.24140625 0.26796875 0.1171875 0.0578125
3.0 0.28984375 0.88515625 0.0796875 0.0828125
4.0 0.15625 0.8921875 0.3 0.20625
3.0 0.178125 0.58203125 0.06875 0.0453125
3.0 0.6359375 0.81015625 0.103125 0.0578125
