3.0 0.86640625 0.7453125 0.1046875 0.08125
3.0 0.9203125 0.79296875 0.065625 0.0546875
3.0 0.98984375 0.80625 0.0203125 0.05625
3.0 0.60703125 0.9875 0.1390625 0.025
3.0 0.49765625 0.828125 0.1546875 0.13125
3.0 0.44375 0.32890625 0.075 0.0578125
3.0 0.75390625 0.20234375 0.2234375 0.1828125
3.0 0.92890625 0.4390625 0.1421875 0.134375
4.0 0.3546875 0.85390625 0.35625 0.2921875
4.0 0.65625 0.93671875 0.184375 0.1265625
4.0 0.8859375 0.73671875 0.228125 0.2859375
4.0 0.93671875 0.5375 0.1265625 0.190625
