7.0 0.26015625 0.1296875 0.3734375 0.246875
7.0 0.16875 0.56171875 0.075 0.1484375
7.0 0.35703125 0.2734375 0.1078125 0.11875
7.0 0.2890625 0.4390625 0.084375 0.09375
7.0 0.375 0.4453125 0.05625 0.121875
7.0 0.47109375 0.3515625 0.0640625 0.125
7.0 0.6859375 0.15234375 0.1375 0.0953125
7.0 0.79609375 0.0359375 0.1453125 0.071875
7.0 0.89140625 0.2265625 0.2171875 0.21875
7.0 0.75 0.565625 0.121875 0.2125
7.0 0.1 0.5 0.059375 0.134375
7.0 0.20546875 0.31328125 0.0578125 0.0765625
7.0 0.31015625 0.75546875 0.0546875 0.1140625
3.0 0.74765625 0.346875 0.1609375 0.125
3.0 0.9140625 0.46171875 0.071875 0.1109375
