3.0 0.090625 0.4703125 0.1375 0.071875
3.0 0.36796875 0.44609375 0.0515625 0.0734375
3.0 0.2046875 0.38828125 0.178125 0.0421875
3.0 0.34765625 0.33359375 0.1234375 0.0390625
3.0 0.2046875 0.31171875 0.053125 0.0203125
3.0 0.45859375 0.30234375 0.0578125 0.0359375
3.0 0.45 0.3890625 0.025 0.03125
3.0 0.63828125 0.31875 0.0671875 0.046875
3.0 0.27109375 0.7734375 0.0953125 0.034375
3.0 0.215625 0.70546875 0.03125 0.0453125
3.0 0.34140625 0.759375 0.0328125 0.040625
3.0 0.2640625 0.97890625 0.1125 0.0421875
3.0 0.196875 0.94296875 0.03125 0.0296875
3.0 0.02265625 0.78515625 0.0359375 0.0421875
3.0 0.57734375 0.9375 0.0453125 0.04375
3.0 0.93984375 0.72578125 0.0296875 0.0703125
3.0 0.73671875 0.59296875 0.0359375 0.0484375
3.0 0.53046875 0.515625 0.0484375 0.053125
3.0 0.95390625 0.44765625 0.0921875 0.0390625
3.0 0.153125 0.77109375 0.053125 0.0421875
3.0 0.11953125 0.81953125 0.0421875 0.0234375
3.0 0.765625 0.5109375 0.040625 0.03125
3.0 0.0765625 0.16171875 0.01875 0.0265625
3.0 0.0125 0.2296875 0.021875 0.034375
3.0 0.40234375 0.04375 0.0328125 0.025
