3.0 0.2703125 0.9390625 0.275 0.10625
3.0 0.925 0.73125 0.06875 0.11875
3.0 0.7421875 0.83203125 0.071875 0.0765625
3.0 0.54609375 0.58203125 0.2609375 0.2984375
3.0 0.05 0.3203125 0.1 0.090625
3.0 0.20546875 0.5890625 0.0734375 0.078125
3.0 0.45078125 0.32890625 0.1109375 0.0953125
3.0 0.55390625 0.36875 0.0859375 0.075
3.0 0.909375 0.3953125 0.065625 0.05625
4.0 0.41328125 0.12734375 0.3046875 0.2546875
3.0 0.81171875 0.75625 0.0671875 0.05625
3.0 0.05859375 0.51015625 0.0890625 0.0796875
3.0 0.0125 0.62890625 0.025 0.0296875
3.0 0.1359375 0.13828125 0.071875 0.0390625
3.0 0.21953125 0.14140625 0.0515625 0.0296875
3.0 0.61328125 0.12890625 0.0546875 0.0609375
3.0 0.3734375 0.71328125 0.06875 0.0453125
3.0 0.240625 0.51015625 0.046875 0.0453125
