4.0 0.67890625 0.1859375 0.2734375 0.16875
4.0 0.80390625 0.09140625 0.1515625 0.1421875
4.0 0.86953125 0.41875 0.2609375 0.203125
3.0 0.9703125 0.55 0.059375 0.059375
4.0 0.94375 0.54375 0.1125 0.121875
3.0 0.803125 0.58671875 0.153125 0.1421875
4.0 0.753125 0.703125 0.234375 0.1875
3.0 0.7265625 0.73671875 0.103125 0.0828125
3.0 0.79140625 0.7640625 0.0328125 0.025
3.0 0.95546875 0.159375 0.0703125 0.0625
7.0 0.046875 0.46015625 0.09375 0.1484375
3.0 0.328125 0.3515625 0.0625 0.059375
3.0 0.3109375 0.3890625 0.0625 0.046875
3.0 0.2078125 0.334375 0.05625 0.04375
3.0 0.11875 0.278125 0.034375 0.03125
3.0 0.0296875 0.53984375 0.059375 0.0453125
3.0 0.05703125 0.615625 0.0640625 0.04375
3.0 0.23046875 0.71953125 0.1109375 0.0921875
3.0 0.3078125 0.82109375 0.084375 0.0640625
3.0 0.47578125 0.78828125 0.1578125 0.1140625
3.0 0.29375 0.52109375 0.075 0.0546875
3.0 0.4609375 0.53671875 0.121875 0.0734375
3.0 0.09140625 0.8984375 0.0546875 0.05
2.0 0.08359375 0.57734375 0.0890625 0.0734375
3.0 0.2421875 0.55 0.06875 0.04375
3.0 0.1875 0.43671875 0.0625 0.0546875
3.0 0.50078125 0.1828125 0.0515625 0.04375
3.0 0.58359375 0.28359375 0.0578125 0.0453125
3.0 0.49921875 0.26796875 0.0953125 0.0796875
7.0 0.546875 0.22265625 0.075 0.0671875
3.0 0.56328125 0.2296875 0.0453125 0.0375
7.0 0.85703125 0.2296875 0.1359375 0.1125
3.0 0.95546875 0.309375 0.0890625 0.0625
