3.0 0.67890625 0.07734375 0.1703125 0.1515625
3.0 0.08203125 0.26015625 0.1265625 0.0640625
3.0 0.125 0.35 0.103125 0.1
7.0 0.43359375 0.21953125 0.2703125 0.0921875
7.0 0.56796875 0.3875 0.1921875 0.384375
7.0 0.765625 0.38671875 0.13125 0.2515625
7.0 0.3140625 0.4828125 0.184375 0.11875
7.0 0.41328125 0.39296875 0.0890625 0.0640625
7.0 0.26953125 0.765625 0.1953125 0.209375
7.0 0.46640625 0.803125 0.1265625 0.115625
4.0 0.75859375 0.81875 0.4828125 0.190625
7.0 0.48984375 0.93671875 0.0921875 0.0421875
7.0 0.45703125 0.60625 0.0546875 0.0375
7.0 0.3421875 0.5640625 0.0875 0.028125
3.0 0.21484375 0.3859375 0.0671875 0.06875
3.0 0.8859375 0.3765625 0.09375 0.034375
3.0 0.2984375 0.01015625 0.0375 0.0203125
3.0 0.203125 0.0734375 0.071875 0.05
