4.0 0.51328125 0.2703125 0.7984375 0.359375
4.0 0.66953125 0.58125 0.5859375 0.284375
3.0 0.84375 0.54140625 0.065625 0.0421875
3.0 0.88046875 0.4828125 0.1046875 0.053125
3.0 0.809375 0.15234375 0.09375 0.0546875
3.0 0.95546875 0.91640625 0.0890625 0.0421875
3.0 0.3734375 0.53203125 0.06875 0.0484375
3.0 0.04375 0.5953125 0.08125 0.0875
4.0 0.36875 0.76953125 0.234375 0.2078125
4.0 0.63125 0.775 0.4375 0.15625
4.0 0.25078125 0.66796875 0.1109375 0.1296875
4.0 0.090625 0.03671875 0.084375 0.0734375
