3.0 0.86015625 0.584375 0.2796875 0.303125
3.0 0.84609375 0.33125 0.2265625 0.18125
3.0 0.975 0.278125 0.05 0.140625
3.0 0.353125 0.42734375 0.209375 0.1484375
3.0 0.478125 0.58515625 0.23125 0.1765625
3.0 0.36171875 0.34296875 0.1328125 0.0828125
3.0 0.1203125 0.6609375 0.240625 0.2
3.0 0.46953125 0.75859375 0.0984375 0.0765625
3.0 0.55546875 0.071875 0.1015625 0.0875
3.0 0.16875 0.39921875 0.13125 0.0890625
3.0 0.04453125 0.38046875 0.0890625 0.0796875
3.0 0.0171875 0.48515625 0.034375 0.0640625
