3.0 0.44375 0.83359375 0.1875 0.1109375
2.0 0.5078125 0.6765625 0.171875 0.109375
3.0 0.35625 0.69453125 0.084375 0.1296875
2.0 0.55859375 0.54375 0.0734375 0.05
2.0 0.41953125 0.5328125 0.1046875 0.059375
2.0 0.7125 0.4375 0.225 0.053125
2.0 0.35390625 0.45078125 0.2046875 0.1046875
3.0 0.22109375 0.48359375 0.0578125 0.0734375
2.0 0.64375 0.2671875 0.08125 0.128125
3.0 0.2625 0.27890625 0.059375 0.0734375
2.0 0.60546875 0.37265625 0.1203125 0.0546875
3.0 0.56484375 0.1171875 0.0546875 0.065625
