4.0 0.52890625 0.5953125 0.2953125 0.175
3.0 0.62265625 0.65 0.1015625 0.090625
3.0 0.3765625 0.68046875 0.0375 0.0703125
3.0 0.61796875 0.7578125 0.0609375 0.090625
3.0 0.32890625 0.7921875 0.0765625 0.078125
3.0 0.07578125 0.07265625 0.0921875 0.1265625
7.0 0.08046875 0.10859375 0.1078125 0.2109375
3.0 0.13671875 0.50625 0.0578125 0.040625
7.0 0.04609375 0.50859375 0.0921875 0.0859375
3.0 0.7375 0.59609375 0.034375 0.0703125
3.0 0.65234375 0.46171875 0.0484375 0.0921875
3.0 0.01875 0.78671875 0.0375 0.0578125
3.0 0.02265625 0.41484375 0.0296875 0.0390625
3.0 0.471875 0.3859375 0.0375 0.034375
3.0 0.3 0.42890625 0.03125 0.1015625
3.0 0.27109375 0.46171875 0.0359375 0.0515625
