3.0 0.38515625 0.9078125 0.0484375 0.09375
3.0 0.51015625 0.94453125 0.1296875 0.0671875
4.0 0.42109375 0.83046875 0.4546875 0.2578125
4.0 0.1703125 0.49140625 0.121875 0.2671875
4.0 0.4328125 0.5453125 0.165625 0.24375
4.0 0.571875 0.48828125 0.203125 0.4109375
3.0 0.740625 0.7171875 0.071875 0.103125
4.0 0.40234375 0.30390625 0.2203125 0.1546875
3.0 0.6078125 0.2375 0.065625 0.0375
3.0 0.64921875 0.29453125 0.0671875 0.0296875
4.0 0.80078125 0.2078125 0.2359375 0.403125
4.0 0.2953125 0.16796875 0.16875 0.2078125
