3.0 0.55546875 0.40625 0.0828125 0.090625
3.0 0.69765625 0.38984375 0.0421875 0.1328125
3.0 0.15078125 0.9296875 0.1171875 0.028125
3.0 0.91796875 0.2375 0.1015625 0.0875
7.0 0.8765625 0.9578125 0.140625 0.084375
7.0 0.46484375 0.65625 0.1609375 0.0625
7.0 0.63203125 0.575 0.1734375 0.06875
7.0 0.71171875 0.6390625 0.1703125 0.090625
7.0 0.49375 0.8328125 0.096875 0.0625
3.0 0.50546875 0.7375 0.0734375 0.059375
3.0 0.35234375 0.68671875 0.0421875 0.0390625
4.0 0.978125 0.5578125 0.04375 0.184375
7.0 0.66953125 0.91875 0.1140625 0.096875
2.0 0.94921875 0.125 0.1015625 0.1
3.0 0.521875 0.25859375 0.0875 0.0421875
