3.0 0.67265625 0.27421875 0.0828125 0.0421875
3.0 0.478125 0.434375 0.08125 0.084375
3.0 0.75390625 0.53515625 0.0578125 0.0484375
3.0 0.4796875 0.74140625 0.040625 0.0390625
3.0 0.31015625 0.940625 0.0640625 0.05
7.0 0.8484375 0.4046875 0.125 0.20625
7.0 0.91953125 0.40078125 0.0546875 0.0796875
7.0 0.76015625 0.51171875 0.1015625 0.1203125
7.0 0.559375 0.525 0.240625 0.253125
7.0 0.50703125 0.61015625 0.0984375 0.2265625
7.0 0.22734375 0.584375 0.2578125 0.340625
7.0 0.33984375 0.75546875 0.0546875 0.0765625
7.0 0.44375 0.87890625 0.203125 0.0859375
