3.0 0.8046875 0.025 0.028125 0.01875
3.0 0.82421875 0.0921875 0.0828125 0.0375
3.0 0.9265625 0.12109375 0.05 0.0203125
3.0 0.9515625 0.07734375 0.025 0.0234375
3.0 0.565625 0.240625 0.06875 0.025
7.0 0.53203125 0.26640625 0.0859375 0.0453125
7.0 0.6171875 0.3265625 0.09375 0.078125
7.0 0.41640625 0.40546875 0.0828125 0.1359375
7.0 0.08828125 0.3578125 0.0453125 0.04375
7.0 0.33046875 0.3015625 0.0609375 0.059375
3.0 0.8875 0.575 0.084375 0.10625
3.0 0.90703125 0.60625 0.0171875 0.03125
7.0 0.19765625 0.83046875 0.0515625 0.0453125
3.0 0.78984375 0.7234375 0.0359375 0.046875
7.0 0.40234375 0.97890625 0.0296875 0.0265625
7.0 0.35078125 0.95703125 0.0296875 0.0265625
7.0 0.88046875 0.3875 0.1140625 0.06875
7.0 0.61171875 0.2125 0.1328125 0.04375
3.0 0.70234375 0.33515625 0.0484375 0.0296875
7.0 0.60859375 0.4140625 0.1203125 0.025
7.0 0.6921875 0.45546875 0.11875 0.0453125
3.0 0.72578125 0.4140625 0.0421875 0.028125
3.0 0.57734375 0.5484375 0.0421875 0.015625
7.0 0.409375 0.51796875 0.04375 0.0453125
7.0 0.5078125 0.603125 0.103125 0.115625
3.0 0.646875 0.63671875 0.075 0.0234375
3.0 0.70234375 0.60625 0.0234375 0.021875
7.0 0.8359375 0.68046875 0.009375 0.0296875
7.0 0.92265625 0.6890625 0.0265625 0.015625
3.0 0.728125 0.215625 0.0625 0.090625
7.0 0.340625 0.03984375 0.059375 0.0296875
3.0 0.07265625 0.28828125 0.0765625 0.0859375
7.0 0.23671875 0.9859375 0.0390625 0.028125
3.0 0.396875 0.78515625 0.040625 0.0296875
3.0 0.2625 0.23203125 0.096875 0.0296875
3.0 0.25078125 0.28203125 0.0640625 0.0296875
3.0 0.84765625 0.12734375 0.0359375 0.0328125
