3.0 0.4515625 0.7859375 0.065625 0.06875
7.0 0.4265625 0.70390625 0.09375 0.0765625
7.0 0.565625 0.425 0.175 0.10625
7.0 0.74765625 0.2828125 0.0578125 0.121875
7.0 0.80546875 0.20703125 0.0453125 0.0734375
7.0 0.7984375 0.084375 0.04375 0.1375
7.0 0.39296875 0.06875 0.1296875 0.121875
7.0 0.321875 0.36015625 0.16875 0.1609375
7.0 0.3625 0.26640625 0.128125 0.0984375
3.0 0.2046875 0.29609375 0.046875 0.0921875
3.0 0.84375 0.421875 0.08125 0.059375
3.0 0.221875 0.70859375 0.0375 0.1203125
7.0 0.28359375 0.66953125 0.0921875 0.1265625
7.0 0.43828125 0.57265625 0.0515625 0.0546875
7.0 0.3671875 0.521875 0.046875 0.0625
7.0 0.60703125 0.30859375 0.0328125 0.0453125
3.0 0.21796875 0.97421875 0.0390625 0.0484375
7.0 0.48984375 0.29375 0.0359375 0.034375
