3.0 0.67890625 0.92109375 0.1703125 0.1515625
3.0 0.08203125 0.73828125 0.1265625 0.0640625
3.0 0.125 0.6484375 0.103125 0.1
7.0 0.43359375 0.778125 0.2703125 0.090625
7.0 0.56796875 0.6109375 0.1921875 0.384375
7.0 0.765625 0.61171875 0.13125 0.2515625
7.0 0.3140625 0.515625 0.184375 0.11875
7.0 0.41328125 0.60546875 0.0890625 0.0640625
7.0 0.26953125 0.2328125 0.1953125 0.209375
7.0 0.46640625 0.1953125 0.1265625 0.115625
4.0 0.75859375 0.1796875 0.4828125 0.190625
7.0 0.48984375 0.06171875 0.0921875 0.0421875
7.0 0.45703125 0.3921875 0.0546875 0.0375
7.0 0.3421875 0.434375 0.0875 0.028125
3.0 0.21484375 0.61171875 0.0671875 0.0671875
3.0 0.8859375 0.621875 0.09375 0.034375
3.0 0.2984375 0.98828125 0.0375 0.0203125
3.0 0.203125 0.925 0.071875 0.05
