3.0 0.89296875 0.7921875 0.1828125 0.090625
3.0 0.68125 0.66796875 0.096875 0.0609375
3.0 0.93359375 0.603125 0.1265625 0.05625
3.0 0.75390625 0.559375 0.1140625 0.046875
7.0 0.4015625 0.38984375 0.3125 0.2796875
3.0 0.65859375 0.11640625 0.2171875 0.1046875
3.0 0.7671875 0.03046875 0.159375 0.0609375
7.0 0.45625 0.54765625 0.184375 0.0703125
7.0 0.29765625 0.753125 0.1609375 0.084375
7.0 0.43046875 0.73203125 0.1015625 0.1421875
3.0 0.53359375 0.93203125 0.0515625 0.0359375
3.0 0.2109375 0.228125 0.090625 0.078125
3.0 0.7453125 0.38203125 0.140625 0.0890625
