3.0 0.5375 0.2546875 0.071875 0.0375
3.0 0.040625 0.41796875 0.08125 0.0359375
3.0 0.16015625 0.40390625 0.0359375 0.0203125
3.0 0.1484375 0.44921875 0.0625 0.0390625
3.0 0.12890625 0.22109375 0.0484375 0.0359375
3.0 0.09296875 0.184375 0.0671875 0.01875
3.0 0.15625 0.0625 0.05625 0.053125
3.0 0.075 0.03046875 0.090625 0.0328125
3.0 0.49609375 0.028125 0.0453125 0.046875
3.0 0.44453125 0.1 0.0484375 0.071875
3.0 0.09140625 0.340625 0.0578125 0.028125
3.0 0.3078125 0.31796875 0.053125 0.0703125
3.0 0.02890625 0.48203125 0.0515625 0.0484375
3.0 0.45390625 0.58125 0.0546875 0.03125
3.0 0.478125 0.63125 0.071875 0.028125
