3.0 0.2046875 0.62421875 0.05 0.0421875
3.0 0.29296875 0.596875 0.1109375 0.09375
3.0 0.6078125 0.48828125 0.128125 0.1109375
3.0 0.3953125 0.77421875 0.1375 0.0921875
7.0 0.16953125 0.3 0.2109375 0.140625
3.0 0.43203125 0.41640625 0.1515625 0.1546875
3.0 0.36640625 0.24453125 0.1359375 0.0921875
3.0 0.53046875 0.13984375 0.0859375 0.0640625
3.0 0.62265625 0.15234375 0.0703125 0.0546875
3.0 0.5046875 0.38984375 0.08125 0.0609375
3.0 0.63984375 0.33125 0.1265625 0.103125
3.0 0.6046875 0.22421875 0.053125 0.0453125
3.0 0.6390625 0.26171875 0.08125 0.0484375
3.0 0.86796875 0.35234375 0.0578125 0.0421875
3.0 0.775 0.38515625 0.15625 0.1203125
3.0 0.39296875 0.54296875 0.0609375 0.0515625
3.0 0.61875 0.6515625 0.140625 0.084375
3.0 0.95859375 0.29765625 0.0828125 0.0765625
3.0 0.4328125 0.2109375 0.053125 0.040625
