7.0 0.22890625 0.68203125 0.2609375 0.1734375
7.0 0.1640625 0.37890625 0.053125 0.1046875
7.0 0.29609375 0.58203125 0.0765625 0.0828125
7.0 0.2484375 0.465625 0.059375 0.065625
7.0 0.30859375 0.46015625 0.0390625 0.0859375
7.0 0.37578125 0.5265625 0.0453125 0.0875
7.0 0.5265625 0.665625 0.096875 0.065625
7.0 0.60390625 0.759375 0.1015625 0.075
7.0 0.6765625 0.6140625 0.165625 0.153125
7.0 0.57109375 0.3765625 0.0859375 0.15
7.0 0.1171875 0.4234375 0.040625 0.09375
7.0 0.18984375 0.553125 0.0390625 0.053125
7.0 0.26328125 0.24296875 0.0390625 0.0796875
3.0 0.775 0.5515625 0.025 0.04375
3.0 0.5703125 0.5296875 0.1125 0.0875
3.0 0.6859375 0.44921875 0.05 0.0796875
3.0 0.88984375 0.87421875 0.1078125 0.2296875
