3.0 0.82109375 0.53515625 0.0765625 0.0296875
7.0 0.47734375 0.1109375 0.1234375 0.10625
7.0 0.33671875 0.13125 0.0578125 0.053125
7.0 0.38046875 0.25546875 0.0578125 0.1328125
7.0 0.59921875 0.32578125 0.1640625 0.0921875
7.0 0.490625 0.2734375 0.071875 0.046875
7.0 0.4390625 0.48984375 0.059375 0.1796875
7.0 0.728125 0.5890625 0.06875 0.109375
7.0 0.30390625 0.70703125 0.1578125 0.1328125
7.0 0.58515625 0.6640625 0.0609375 0.1875
7.0 0.553125 0.47109375 0.046875 0.1203125
7.0 0.52421875 0.7921875 0.1046875 0.075
7.0 0.484375 0.69375 0.1 0.125
7.0 0.68046875 0.48828125 0.0734375 0.0515625
