3.0 0.05 0.24765625 0.09375 0.0890625
3.0 0.0625 0.3625 0.11875 0.084375
3.0 0.1109375 0.81015625 0.04375 0.0703125
3.0 0.178125 0.8609375 0.059375 0.034375
3.0 0.05703125 0.82421875 0.1140625 0.0640625
3.0 0.428125 0.8 0.03125 0.040625
3.0 0.95390625 0.96875 0.0765625 0.059375
3.0 0.81328125 0.9609375 0.0671875 0.05625
3.0 0.921875 0.6765625 0.06875 0.046875
3.0 0.9203125 0.3734375 0.040625 0.04375
3.0 0.93125 0.309375 0.04375 0.04375
3.0 0.2609375 0.51015625 0.059375 0.0453125
3.0 0.5359375 0.6171875 0.05 0.028125
7.0 0.2234375 0.0609375 0.128125 0.053125
7.0 0.05703125 0.1015625 0.1046875 0.0625
