3.0 0.02421875 0.3921875 0.0390625 0.071875
3.0 0.709375 0.153125 0.053125 0.06875
3.0 0.7734375 0.23203125 0.071875 0.0703125
3.0 0.54609375 0.0359375 0.0515625 0.0625
3.0 0.51171875 0.3640625 0.0421875 0.046875
3.0 0.3265625 0.42890625 0.04375 0.0296875
3.0 0.42265625 0.42578125 0.0328125 0.0359375
7.0 0.6578125 0.478125 0.1125 0.18125
7.0 0.6234375 0.73671875 0.096875 0.1171875
7.0 0.66171875 0.878125 0.0421875 0.078125
7.0 0.63828125 0.928125 0.0328125 0.103125
7.0 0.41484375 0.85625 0.0640625 0.071875
7.0 0.36796875 0.72265625 0.0765625 0.0609375
7.0 0.521875 0.09296875 0.053125 0.1078125
3.0 0.909375 0.2515625 0.0375 0.03125
3.0 0.13828125 0.35546875 0.0328125 0.0296875
3.0 0.08984375 0.64609375 0.0578125 0.0359375
3.0 0.80390625 0.63125 0.0171875 0.034375
3.0 0.83359375 0.65625 0.0296875 0.021875
7.0 0.51953125 0.53515625 0.0328125 0.0671875
5.0 0.47734375 0.64296875 0.0609375 0.1171875
3.0 0.85078125 0.7625 0.0328125 0.03125
4.0 0.6703125 0.02890625 0.08125 0.0546875
4.0 0.775 0.384375 0.121875 0.06875
4.0 0.4375 0.42265625 0.3125 0.2046875
