3.0 0.06796875 0.4203125 0.0984375 0.1625
3.0 0.00859375 0.70625 0.0171875 0.075
3.0 0.28046875 0.92890625 0.2390625 0.1234375
3.0 0.4578125 0.67890625 0.1125 0.2203125
3.0 0.3765625 0.7890625 0.06875 0.103125
3.0 0.4078125 0.215625 0.078125 0.121875
3.0 0.6328125 0.2796875 0.096875 0.1
3.0 0.64453125 0.14453125 0.0640625 0.1078125
3.0 0.95546875 0.58125 0.0734375 0.1
3.0 0.634375 0.6640625 0.15 0.096875
3.0 0.2125 0.10234375 0.075 0.0734375
3.0 0.33515625 0.11875 0.0390625 0.08125
3.0 0.5296875 0.1609375 0.134375 0.084375
3.0 0.6390625 0.284375 0.08125 0.109375
3.0 0.403125 0.36328125 0.0375 0.0515625
3.0 0.6046875 0.51484375 0.0625 0.0796875
3.0 0.4390625 0.91640625 0.0625 0.0578125
