3.0 0.70703125 0.48359375 0.0921875 0.0765625
3.0 0.3734375 0.628125 0.115625 0.078125
3.0 0.2515625 0.64765625 0.06875 0.0578125
4.0 0.8421875 0.8671875 0.146875 0.06875
4.0 0.95625 0.83046875 0.065625 0.0640625
4.0 0.88671875 0.803125 0.0828125 0.084375
4.0 0.85859375 0.72265625 0.0921875 0.0609375
3.0 0.68125 0.73359375 0.125 0.0671875
4.0 0.675 0.94453125 0.1125 0.0890625
3.0 0.36953125 0.90390625 0.0890625 0.0453125
3.0 0.38359375 0.965625 0.1015625 0.06875
3.0 0.44453125 0.57578125 0.0578125 0.0453125
3.0 0.428125 0.2171875 0.08125 0.053125
3.0 0.2140625 0.32421875 0.078125 0.0296875
3.0 0.59375 0.32421875 0.053125 0.0328125
3.0 0.6453125 0.3125 0.05 0.04375
3.0 0.7015625 0.35234375 0.03125 0.0265625
3.0 0.7140625 0.30078125 0.05 0.0265625
