7.0 0.6671875 0.65859375 0.1 0.1328125
7.0 0.7890625 0.703125 0.1375 0.184375
7.0 0.78828125 0.93203125 0.0859375 0.1265625
7.0 0.71484375 0.746875 0.0765625 0.103125
3.0 0.6875 0.76328125 0.01875 0.0296875
3.0 0.85625 0.60234375 0.04375 0.0671875
3.0 0.775 0.58671875 0.025 0.0265625
3.0 0.59140625 0.51953125 0.0265625 0.0390625
7.0 0.71640625 0.12734375 0.0734375 0.2078125
7.0 0.79921875 0.03984375 0.1234375 0.0796875
7.0 0.26953125 0.8890625 0.1390625 0.221875
7.0 0.27421875 0.675 0.0453125 0.090625
7.0 0.65234375 0.98828125 0.0328125 0.0234375
3.0 0.7578125 0.53125 0.021875 0.025
3.0 0.68359375 0.49140625 0.0203125 0.0203125
3.0 0.26796875 0.53828125 0.0453125 0.0328125
7.0 0.35 0.35390625 0.08125 0.1015625
7.0 0.3921875 0.96796875 0.046875 0.0640625
7.0 0.35546875 0.91171875 0.0203125 0.0609375
7.0 0.38515625 0.86953125 0.0359375 0.0359375
7.0 0.378125 0.815625 0.059375 0.04375
7.0 0.5515625 0.946875 0.0875 0.10625
