4.0 0.3546875 0.46953125 0.175 0.2328125
4.0 0.065625 0.55078125 0.13125 0.2140625
4.0 0.1078125 0.2859375 0.215625 0.084375
4.0 0.8890625 0.1578125 0.165625 0.21875
4.0 0.946875 0.56640625 0.096875 0.2046875
3.0 0.58203125 0.5796875 0.1671875 0.209375
3.0 0.73671875 0.52890625 0.1015625 0.1078125
3.0 0.7421875 0.63125 0.0375 0.03125
3.0 0.5296875 0.43046875 0.128125 0.0703125
3.0 0.51875 0.36171875 0.06875 0.0421875
7.0 0.5265625 0.32421875 0.14375 0.0359375
7.0 0.709375 0.3875 0.09375 0.028125
3.0 0.86875 0.01328125 0.071875 0.0171875
3.0 0.8640625 0.04375 0.05 0.01875
