7.0 0.22890625 0.47578125 0.1328125 0.1296875
7.0 0.37578125 0.45078125 0.1265625 0.0828125
7.0 0.75234375 0.4609375 0.1234375 0.065625
7.0 0.67265625 0.1296875 0.0828125 0.046875
7.0 0.7296875 0.31484375 0.13125 0.0484375
7.0 0.81640625 0.13515625 0.0796875 0.0421875
3.0 0.8578125 0.25078125 0.05625 0.0515625
7.0 0.903125 0.16640625 0.08125 0.0984375
7.0 0.434375 0.58984375 0.04375 0.0390625
7.0 0.6 0.5703125 0.071875 0.04375
7.0 0.56875 0.446875 0.059375 0.034375
7.0 0.6 0.46171875 0.04375 0.0234375
7.0 0.41328125 0.3765625 0.0640625 0.028125
7.0 0.4921875 0.35390625 0.046875 0.0296875
7.0 0.60859375 0.3953125 0.1609375 0.0625
7.0 0.76875 0.034375 0.078125 0.06875
7.0 0.6796875 0.171875 0.05 0.046875
7.0 0.60234375 0.2359375 0.1953125 0.075
7.0 0.41328125 0.28671875 0.1578125 0.1171875
7.0 0.44765625 0.76015625 0.1671875 0.1453125
7.0 0.5921875 0.8125 0.0625 0.06875
7.0 0.65 0.68046875 0.053125 0.0734375
7.0 0.24296875 0.6671875 0.0859375 0.046875
7.0 0.58671875 0.075 0.0953125 0.125
3.0 0.6265625 0.6234375 0.06875 0.046875
