4.0 0.17890625 0.12421875 0.1578125 0.2484375
4.0 0.7046875 0.1046875 0.278125 0.209375
3.0 0.97578125 0.09921875 0.0484375 0.0578125
4.0 0.95078125 0.1015625 0.0984375 0.14375
3.0 0.9 0.28984375 0.2 0.0765625
4.0 0.96953125 0.41953125 0.0609375 0.1671875
7.0 0.1265625 0.9296875 0.1875 0.140625
3.0 0.1953125 0.55703125 0.10625 0.0296875
3.0 0.24453125 0.6 0.0609375 0.05
3.0 0.08046875 0.65546875 0.0640625 0.0421875
3.0 0.28671875 0.96875 0.0671875 0.04375
3.0 0.43125 0.98515625 0.05 0.0296875
3.0 0.728125 0.9140625 0.146875 0.071875
3.0 0.95234375 0.9171875 0.0921875 0.0625
3.0 0.97265625 0.7375 0.0546875 0.13125
3.0 0.44921875 0.7125 0.0734375 0.059375
3.0 0.5953125 0.56796875 0.06875 0.1203125
2.0 0.38828125 0.9453125 0.1140625 0.059375
3.0 0.4578125 0.78046875 0.046875 0.0640625
3.0 0.2328125 0.7484375 0.090625 0.0375
3.0 0.0453125 0.27421875 0.071875 0.0328125
3.0 0.26953125 0.271875 0.0640625 0.04375
3.0 0.18359375 0.3375 0.1265625 0.0625
7.0 0.14453125 0.2609375 0.1140625 0.04375
3.0 0.165625 0.25078125 0.05625 0.0328125
7.0 0.38046875 0.01328125 0.1765625 0.0265625
