7.0 0.28046875 0.02734375 0.0765625 0.0484375
7.0 0.25703125 0.08125 0.0265625 0.028125
7.0 0.19296875 0.0921875 0.0484375 0.059375
7.0 0.31875 0.18984375 0.021875 0.0484375
7.0 0.36015625 0.10703125 0.0859375 0.0890625
3.0 0.40078125 0.1109375 0.0234375 0.028125
7.0 0.6953125 0.49921875 0.140625 0.1046875
7.0 0.7171875 0.61875 0.06875 0.065625
7.0 0.65625 0.62421875 0.11875 0.1453125
7.0 0.56875 0.521875 0.071875 0.14375
7.0 0.5125 0.51640625 0.06875 0.1546875
3.0 0.61484375 0.38359375 0.0390625 0.0390625
3.0 0.5453125 0.40234375 0.03125 0.0265625
3.0 0.51328125 0.3421875 0.0734375 0.059375
7.0 0.44375 0.4609375 0.03125 0.06875
7.0 0.4078125 0.4515625 0.0375 0.04375
7.0 0.2359375 0.41953125 0.096875 0.0703125
3.0 0.30625 0.37109375 0.06875 0.0359375
7.0 0.23828125 0.3234375 0.0765625 0.078125
7.0 0.196875 0.1953125 0.065625 0.140625
3.0 0.190625 0.190625 0.0125 0.046875
7.0 0.2453125 0.67890625 0.09375 0.1015625
7.0 0.340625 0.58515625 0.046875 0.0671875
7.0 0.8296875 0.12109375 0.05625 0.0796875
7.0 0.7765625 0.18046875 0.040625 0.0390625
7.0 0.14453125 0.0265625 0.0296875 0.053125
7.0 0.2796875 0.59609375 0.0375 0.0609375
7.0 0.2375 0.496875 0.0375 0.040625
7.0 0.2375 0.59375 0.021875 0.046875
3.0 0.63984375 0.353125 0.0109375 0.0375
7.0 0.10625 0.3890625 0.053125 0.084375
7.0 0.04609375 0.628125 0.0390625 0.03125
7.0 0.59375 0.1625 0.1 0.0875
