3.0 0.3859375 0.04765625 0.11875 0.0953125
3.0 0.30546875 0.23203125 0.1015625 0.1015625
3.0 0.48671875 0.584375 0.3453125 0.10625
3.0 0.6984375 0.78359375 0.078125 0.2765625
7.0 0.8453125 0.39375 0.13125 0.0875
7.0 0.653125 0.32578125 0.125 0.1015625
7.0 0.75234375 0.31171875 0.0703125 0.0578125
7.0 0.7421875 0.465625 0.075 0.06875
3.0 0.81640625 0.69609375 0.0296875 0.0953125
3.0 0.75859375 0.975 0.0921875 0.05
3.0 0.14609375 0.01640625 0.0296875 0.0328125
3.0 0.3875 0.36171875 0.05 0.0515625
3.0 0.45546875 0.36328125 0.0453125 0.1046875
