3.0 0.41015625 0.89921875 0.1203125 0.1421875
3.0 0.34140625 0.71875 0.0578125 0.071875
3.0 0.35859375 0.58359375 0.0609375 0.0578125
3.0 0.52578125 0.403125 0.0546875 0.071875
3.0 0.59609375 0.53671875 0.0328125 0.0390625
3.0 0.68671875 0.61171875 0.0296875 0.0578125
3.0 0.58828125 0.6625 0.0578125 0.05625
4.0 0.06640625 0.58203125 0.1328125 0.2859375
3.0 0.24921875 0.815625 0.1078125 0.125
3.0 0.04375 0.6875 0.04375 0.05625
3.0 0.29609375 0.5921875 0.0390625 0.040625
3.0 0.30703125 0.46328125 0.0296875 0.0359375
3.0 0.5375 0.459375 0.046875 0.05
3.0 0.271875 0.0609375 0.053125 0.084375
