7.0 0.68359375 0.0484375 0.0859375 0.096875
7.0 0.39140625 0.32109375 0.1359375 0.1859375
7.0 0.2828125 0.33828125 0.109375 0.1515625
7.0 0.07890625 0.43125 0.1171875 0.134375
7.0 0.78359375 0.634375 0.1015625 0.10625
3.0 0.6859375 0.6140625 0.096875 0.078125
3.0 0.66640625 0.1421875 0.1203125 0.125
3.0 0.128125 0.69609375 0.21875 0.0828125
3.0 0.575 0.94140625 0.0875 0.0796875
3.0 0.59296875 0.45546875 0.1328125 0.0734375
3.0 0.52109375 0.5671875 0.1015625 0.090625
7.0 0.35390625 0.471875 0.0921875 0.075
