3.0 0.74765625 0.09453125 0.0859375 0.0671875
3.0 0.85859375 0.121875 0.0734375 0.05625
3.0 0.83984375 0.0546875 0.0546875 0.04375
3.0 0.96328125 0.09296875 0.0734375 0.0359375
3.0 0.69921875 0.01171875 0.1328125 0.0234375
3.0 0.028125 0.04609375 0.05625 0.0515625
3.0 0.60546875 0.15859375 0.0609375 0.0515625
3.0 0.59296875 0.10703125 0.0453125 0.0609375
3.0 0.653125 0.1046875 0.06875 0.040625
3.0 0.940625 0.21171875 0.1 0.0890625
6.0 0.32734375 0.1125 0.1671875 0.146875
6.0 0.484375 0.38828125 0.196875 0.1828125
7.0 0.48203125 0.590625 0.0921875 0.090625
7.0 0.36171875 0.66171875 0.1765625 0.0546875
7.0 0.26171875 0.89375 0.2171875 0.1375
7.0 0.67109375 0.640625 0.1234375 0.115625
7.0 0.5484375 0.87890625 0.096875 0.2421875
3.0 0.41484375 0.77265625 0.0703125 0.0890625
3.0 0.39296875 0.3234375 0.1078125 0.046875
3.0 0.95390625 0.390625 0.0796875 0.025
3.0 0.1765625 0.346875 0.059375 0.075
3.0 0.5390625 0.32265625 0.06875 0.0296875
3.0 0.35234375 0.13984375 0.0671875 0.0765625
3.0 0.7640625 0.27734375 0.10625 0.0484375
