3.0 0.50703125 0.29765625 0.0890625 0.1015625
3.0 0.57109375 0.1953125 0.1109375 0.11875
3.0 0.1828125 0.14921875 0.16875 0.1609375
3.0 0.21640625 0.25625 0.1140625 0.078125
4.0 0.25546875 0.53203125 0.1859375 0.1984375
4.0 0.34609375 0.36875 0.1859375 0.15
4.0 0.11796875 0.26640625 0.1921875 0.1984375
3.0 0.37890625 0.66796875 0.0328125 0.0359375
3.0 0.47734375 0.6578125 0.0828125 0.090625
3.0 0.5671875 0.54609375 0.196875 0.1421875
3.0 0.6875 0.5125 0.146875 0.075
3.0 0.740625 0.34140625 0.1 0.0578125
3.0 0.82265625 0.3984375 0.0796875 0.0625
3.0 0.25234375 0.9953125 0.0953125 0.009375
3.0 0.42578125 0.96953125 0.1984375 0.0609375
3.0 0.58203125 0.91953125 0.0796875 0.0828125
3.0 0.51796875 0.80703125 0.0578125 0.0546875
3.0 0.85859375 0.1625 0.0765625 0.05625
3.0 0.425 0.06875 0.075 0.05625
3.0 0.70703125 0.09140625 0.0859375 0.0890625
3.0 0.184375 0.8890625 0.08125 0.071875
3.0 0.77265625 0.9359375 0.0921875 0.0625
