4.0 0.46484375 0.36171875 0.3859375 0.1203125
4.0 0.221875 0.39921875 0.440625 0.1203125
4.0 0.68046875 0.2078125 0.2390625 0.19375
4.0 0.38828125 0.14609375 0.2203125 0.1046875
3.0 0.34765625 0.15078125 0.0546875 0.0359375
3.0 0.69765625 0.19765625 0.1078125 0.1015625
3.0 0.215625 0.3984375 0.075 0.053125
3.0 0.3390625 0.353125 0.10625 0.071875
3.0 0.50859375 0.34296875 0.2015625 0.0671875
4.0 0.39609375 0.815625 0.3734375 0.275
4.0 0.93359375 0.8859375 0.1328125 0.225
3.0 0.96953125 0.91328125 0.0609375 0.0765625
3.0 0.91484375 0.82265625 0.0515625 0.0484375
3.0 0.18671875 0.85703125 0.1296875 0.0765625
3.0 0.465625 0.7859375 0.171875 0.096875
