4.0 0.63984375 0.6109375 0.2171875 0.278125
4.0 0.25234375 0.6109375 0.3296875 0.225
3.0 0.6015625 0.6421875 0.05625 0.05625
3.0 0.6703125 0.63984375 0.071875 0.0296875
3.0 0.70390625 0.7046875 0.0515625 0.084375
3.0 0.8796875 0.37109375 0.05625 0.0578125
3.0 0.90625 0.3328125 0.0625 0.01875
3.0 0.83515625 0.35625 0.0296875 0.025
3.0 0.68203125 0.43828125 0.0484375 0.0546875
3.0 0.353125 0.46171875 0.103125 0.0953125
3.0 0.36015625 0.41640625 0.2734375 0.0921875
3.0 0.31015625 0.33515625 0.3265625 0.1078125
3.0 0.50078125 0.3625 0.0421875 0.04375
3.0 0.5109375 0.3234375 0.034375 0.034375
3.0 0.6 0.34609375 0.08125 0.0515625
3.0 0.64765625 0.3 0.1015625 0.05625
3.0 0.1734375 0.41875 0.096875 0.0625
3.0 0.0265625 0.54453125 0.053125 0.0328125
3.0 0.0140625 0.621875 0.028125 0.046875
3.0 0.4765625 0.65703125 0.01875 0.0421875
3.0 0.45625 0.71796875 0.028125 0.0234375
3.0 0.45078125 0.759375 0.0234375 0.03125
3.0 0.94609375 0.246875 0.1046875 0.0625
3.0 0.88203125 0.08203125 0.1703125 0.1296875
3.0 0.659375 0.05546875 0.05625 0.0578125
3.0 0.73046875 0.09609375 0.0578125 0.0421875
3.0 0.52890625 0.0765625 0.0421875 0.040625
3.0 0.3765625 0.11796875 0.075 0.0296875
3.0 0.28125 0.046875 0.04375 0.034375
3.0 0.03984375 0.365625 0.0640625 0.059375
3.0 0.3625 0.25625 0.040625 0.040625
