4.0 0.78515625 0.1609375 0.4296875 0.321875
4.0 0.61796875 0.23046875 0.3359375 0.2203125
4.0 0.35 0.05859375 0.346875 0.1171875
4.0 0.75234375 0.5125 0.3609375 0.19375
4.0 0.37890625 0.4640625 0.1390625 0.278125
4.0 0.9484375 0.76796875 0.103125 0.3765625
4.0 0.67734375 0.7953125 0.3390625 0.2
4.0 0.29375 0.953125 0.14375 0.09375
4.0 0.1109375 0.53125 0.221875 0.121875
3.0 0.09296875 0.340625 0.0359375 0.06875
3.0 0.23203125 0.3953125 0.1328125 0.0875
3.0 0.3796875 0.4296875 0.071875 0.13125
3.0 0.46171875 0.5921875 0.1328125 0.140625
3.0 0.6921875 0.77421875 0.290625 0.0953125
3.0 0.88984375 0.8078125 0.0703125 0.078125
3.0 0.9671875 0.91796875 0.065625 0.0796875
3.0 0.28828125 0.96953125 0.0765625 0.0609375
3.0 0.0828125 0.53515625 0.165625 0.0765625
3.0 0.86015625 0.06484375 0.1765625 0.1296875
3.0 0.6875 0.20703125 0.225 0.1515625
3.0 0.92734375 0.2234375 0.1140625 0.13125
3.0 0.9515625 0.33984375 0.096875 0.0984375
