4.0 0.43203125 0.275 0.3734375 0.48125
7.0 0.5078125 0.07109375 0.08125 0.0515625
7.0 0.49765625 0.2171875 0.1546875 0.19375
7.0 0.43515625 0.44609375 0.3453125 0.1328125
3.0 0.69375 0.4515625 0.096875 0.0625
3.0 0.70703125 0.52421875 0.1109375 0.0640625
3.0 0.5796875 0.48203125 0.028125 0.0203125
3.0 0.58046875 0.44296875 0.0296875 0.0390625
3.0 0.18359375 0.471875 0.0765625 0.0625
3.0 0.1296875 0.39140625 0.08125 0.0359375
3.0 0.08828125 0.5265625 0.0921875 0.109375
3.0 0.1390625 0.32734375 0.1375 0.0765625
3.0 0.16484375 0.25078125 0.1296875 0.0453125
3.0 0.23203125 0.20625 0.0453125 0.028125
3.0 0.15234375 0.1859375 0.0828125 0.028125
4.0 0.125 0.3890625 0.246875 0.43125
4.0 0.18984375 0.07578125 0.3703125 0.1515625
3.0 0.12734375 0.04375 0.0640625 0.040625
3.0 0.23828125 0.01015625 0.0734375 0.0203125
3.0 0.31953125 0.05703125 0.0765625 0.0609375
3.0 0.9515625 0.20625 0.071875 0.0875
4.0 0.66953125 0.09453125 0.2203125 0.1484375
4.0 0.52890625 0.02890625 0.1453125 0.0546875
4.0 0.80078125 0.175 0.0953125 0.09375
4.0 0.9359375 0.28984375 0.128125 0.0796875
4.0 0.75234375 0.31328125 0.0984375 0.1015625
4.0 0.925 0.43203125 0.15 0.1578125
4.0 0.8765625 0.353125 0.121875 0.11875
4.0 0.62109375 0.65234375 0.1921875 0.1578125
4.0 0.81796875 0.778125 0.1078125 0.15
7.0 0.26328125 0.7828125 0.1015625 0.090625
7.0 0.25 0.9046875 0.0875 0.059375
7.0 0.1609375 0.7515625 0.0375 0.04375
3.0 0.10625 0.640625 0.096875 0.05625
3.0 0.03203125 0.72421875 0.0515625 0.0421875
4.0 0.490625 0.775 0.153125 0.1125
