3.0 0.78203125 0.3625 0.1609375 0.121875
3.0 0.9765625 0.75234375 0.04375 0.1296875
7.0 0.4890625 0.64296875 0.125 0.3140625
7.0 0.78984375 0.815625 0.0765625 0.15
7.0 0.665625 0.84453125 0.05 0.0828125
7.0 0.60546875 0.67109375 0.0859375 0.3078125
3.0 0.571875 0.59609375 0.053125 0.1328125
3.0 0.1796875 0.88828125 0.16875 0.0765625
3.0 0.0140625 0.80390625 0.028125 0.0421875
7.0 0.81171875 0.9734375 0.0703125 0.053125
7.0 0.646875 0.9625 0.1125 0.075
7.0 0.47421875 0.8984375 0.0828125 0.075
3.0 0.46015625 0.97265625 0.0640625 0.0546875
7.0 0.37265625 0.853125 0.0828125 0.05
3.0 0.03125 0.2671875 0.0625 0.03125
