3.0 0.07734375 0.31953125 0.1515625 0.1703125
3.0 0.26015625 0.91640625 0.0640625 0.1265625
3.0 0.35 0.8734375 0.1 0.103125
7.0 0.21953125 0.56484375 0.0921875 0.2703125
7.0 0.3875 0.43046875 0.384375 0.1921875
7.0 0.38671875 0.2328125 0.2515625 0.13125
7.0 0.4828125 0.684375 0.11875 0.184375
7.0 0.39296875 0.58515625 0.0640625 0.0890625
7.0 0.765625 0.72890625 0.209375 0.1953125
7.0 0.803125 0.53203125 0.115625 0.1265625
4.0 0.81875 0.240625 0.190625 0.48125
7.0 0.93671875 0.50859375 0.0421875 0.0921875
7.0 0.60625 0.54140625 0.0375 0.0546875
7.0 0.5640625 0.65625 0.028125 0.0875
3.0 0.3859375 0.78359375 0.06875 0.0671875
3.0 0.3765625 0.1125 0.034375 0.09375
3.0 0.01015625 0.7 0.0203125 0.0375
3.0 0.0734375 0.7953125 0.05 0.071875
