7.0 0.1671875 0.0703125 0.14375 0.109375
3.0 0.21171875 0.3390625 0.2015625 0.1625
3.0 0.26015625 0.43828125 0.1171875 0.0890625
3.0 0.34296875 0.5203125 0.0953125 0.065625
3.0 0.190625 0.57890625 0.075 0.0515625
3.0 0.96875 0.328125 0.0625 0.06875
3.0 0.934375 0.3125 0.046875 0.034375
7.0 0.57109375 0.93984375 0.1765625 0.1203125
7.0 0.44375 0.85703125 0.103125 0.0765625
7.0 0.625 0.82109375 0.1 0.0734375
3.0 0.44609375 0.50625 0.0890625 0.065625
3.0 0.45390625 0.44765625 0.0671875 0.0484375
3.0 0.3890625 0.43828125 0.0625 0.0421875
3.0 0.459375 0.4046875 0.065625 0.04375
3.0 0.446875 0.315625 0.046875 0.034375
3.0 0.346875 0.33125 0.09375 0.078125
7.0 0.1640625 0.61875 0.065625 0.046875
