3.0 0.49375 0.109375 0.05 0.0625
3.0 0.465625 0.39765625 0.021875 0.0609375
3.0 0.41875 0.1453125 0.09375 0.0625
3.0 0.62578125 0.02734375 0.0578125 0.0328125
3.0 0.46328125 0.040625 0.0515625 0.04375
3.0 0.73515625 0.11875 0.0828125 0.11875
3.0 0.8015625 0.1828125 0.05625 0.096875
3.0 0.9046875 0.475 0.125 0.071875
3.0 0.90546875 0.71875 0.0546875 0.090625
3.0 0.828125 0.7265625 0.0375 0.05
3.0 0.6046875 0.40859375 0.0625 0.1328125
6.0 0.73125 0.54140625 0.159375 0.0859375
6.0 0.7921875 0.5875 0.05625 0.05625
6.0 0.6234375 0.565625 0.121875 0.040625
3.0 0.42421875 0.3515625 0.0203125 0.0375
3.0 0.38203125 0.43046875 0.0578125 0.0703125
3.0 0.47734375 0.58359375 0.0765625 0.0640625
3.0 0.434375 0.73515625 0.09375 0.0578125
3.0 0.27734375 0.45859375 0.0484375 0.0828125
3.0 0.175 0.48984375 0.053125 0.0984375
3.0 0.9875 0.19375 0.021875 0.075
3.0 0.8828125 0.35625 0.0875 0.1
3.0 0.22265625 0.421875 0.0578125 0.05
3.0 0.2171875 0.34765625 0.015625 0.0421875
3.0 0.4234375 0.91875 0.021875 0.071875
3.0 0.390625 0.896875 0.075 0.071875
3.0 0.4078125 0.63828125 0.05 0.0640625
3.0 0.04765625 0.67265625 0.0796875 0.1890625
3.0 0.265625 0.8984375 0.08125 0.078125
3.0 0.29375 0.15859375 0.0625 0.0796875
3.0 0.66875 0.41328125 0.021875 0.0296875
3.0 0.72265625 0.47109375 0.0234375 0.0421875
7.0 0.734375 0.41171875 0.040625 0.0546875
3.0 0.8234375 0.3625 0.053125 0.040625
3.0 0.3640625 0.725 0.028125 0.065625
3.0 0.80625 0.94453125 0.0375 0.0265625
