3.0 0.59375 0.5109375 0.0875 0.075
3.0 0.609375 0.275 0.090625 0.08125
3.0 0.83203125 0.24609375 0.0359375 0.0671875
3.0 0.853125 0.04375 0.046875 0.059375
3.0 0.80390625 0.09140625 0.0265625 0.0578125
3.0 0.315625 0.8078125 0.03125 0.1125
3.0 0.34140625 0.11015625 0.0703125 0.1265625
3.0 0.284375 0.078125 0.065625 0.06875
3.0 0.0453125 0.9578125 0.090625 0.084375
3.0 0.1953125 0.1078125 0.0875 0.071875
3.0 0.178125 0.25078125 0.046875 0.0609375
3.0 0.07578125 0.01484375 0.0296875 0.0296875
3.0 0.1234375 0.096875 0.01875 0.065625
3.0 0.39140625 0.08046875 0.0171875 0.0421875
3.0 0.39609375 0.015625 0.0140625 0.03125
