3.0 0.3203125 0.0765625 0.16875 0.153125
3.0 0.61875 0.221875 0.053125 0.034375
3.0 0.44609375 0.4296875 0.0859375 0.084375
3.0 0.35078125 0.51328125 0.1453125 0.0765625
3.0 0.48125 0.5203125 0.128125 0.05625
3.0 0.925 0.49609375 0.046875 0.0984375
3.0 0.27421875 0.3390625 0.0640625 0.059375
3.0 0.28828125 0.41953125 0.0859375 0.0484375
3.0 0.5625 0.38515625 0.053125 0.0546875
3.0 0.0515625 0.2359375 0.103125 0.084375
3.0 0.475 0.67578125 0.084375 0.0453125
3.0 0.64609375 0.7796875 0.0671875 0.053125
3.0 0.0953125 0.70625 0.028125 0.03125
3.0 0.78515625 0.1203125 0.0390625 0.028125
