4.0 0.40234375 0.3390625 0.3078125 0.265625
4.0 0.6328125 0.42734375 0.265625 0.1984375
4.0 0.7828125 0.509375 0.325 0.1375
4.0 0.32578125 0.69375 0.2140625 0.26875
4.0 0.68671875 0.62578125 0.3921875 0.1390625
3.0 0.40625 0.415625 0.065625 0.10625
3.0 0.2921875 0.4578125 0.0875 0.06875
3.0 0.57578125 0.440625 0.1828125 0.078125
3.0 0.72109375 0.53359375 0.1671875 0.0703125
3.0 0.62734375 0.62265625 0.2234375 0.0890625
3.0 0.16796875 0.5984375 0.0859375 0.0375
3.0 0.75390625 0.89296875 0.1140625 0.0640625
3.0 0.1015625 0.83359375 0.125 0.0296875
5.0 0.2359375 0.86953125 0.04375 0.1296875
5.0 0.32421875 0.89140625 0.1171875 0.1140625
