3.0 0.5828125 0.33671875 0.071875 0.0546875
7.0 0.54296875 0.471875 0.5015625 0.146875
3.0 0.66171875 0.41796875 0.0890625 0.0328125
3.0 0.7625 0.39765625 0.021875 0.0421875
7.0 0.384375 0.6421875 0.10625 0.09375
7.0 0.7015625 0.64296875 0.0875 0.0984375
7.0 0.6109375 0.63125 0.075 0.03125
7.0 0.89765625 0.646875 0.1953125 0.13125
7.0 0.54140625 0.7890625 0.0859375 0.096875
7.0 0.7609375 0.93203125 0.178125 0.0578125
7.0 0.16328125 0.23359375 0.1421875 0.0859375
7.0 0.0703125 0.034375 0.09375 0.06875
3.0 0.11171875 0.36796875 0.0921875 0.0828125
3.0 0.1296875 0.5625 0.06875 0.028125
