3.0 0.6859375 0.0640625 0.265625 0.121875
3.0 0.57421875 0.190625 0.1234375 0.0875
3.0 0.51796875 0.33125 0.0671875 0.090625
3.0 0.29921875 0.24921875 0.0515625 0.0703125
7.0 0.07265625 0.88828125 0.1453125 0.1390625
7.0 0.08515625 0.70234375 0.0953125 0.0828125
7.0 0.29453125 0.828125 0.0953125 0.08125
3.0 0.6265625 0.40859375 0.08125 0.0734375
3.0 0.7234375 0.36640625 0.059375 0.0546875
3.0 0.68203125 0.3015625 0.0390625 0.0625
3.0 0.79453125 0.33359375 0.0328125 0.0703125
3.0 0.91953125 0.2484375 0.0421875 0.0375
3.0 0.81171875 0.175 0.1390625 0.046875
7.0 0.21484375 0.259375 0.0546875 0.05625
