4.0 0.534375 0.19140625 0.659375 0.3828125
4.0 0.45390625 0.78515625 0.4484375 0.3609375
4.0 0.1109375 0.3203125 0.196875 0.4125
4.0 0.03828125 0.0796875 0.0640625 0.159375
3.0 0.3953125 0.1953125 0.084375 0.078125
3.0 0.29609375 0.3 0.1578125 0.140625
3.0 0.83203125 0.34609375 0.0453125 0.0546875
3.0 0.8859375 0.3015625 0.05 0.05
3.0 0.93984375 0.45390625 0.0703125 0.1171875
3.0 0.64609375 0.865625 0.0484375 0.109375
3.0 0.6234375 0.95859375 0.0375 0.0453125
3.0 0.709375 0.775 0.103125 0.071875
3.0 0.5 0.6921875 0.175 0.08125
3.0 0.31640625 0.81015625 0.0890625 0.0828125
3.0 0.5828125 0.4671875 0.065625 0.096875
3.0 0.59375 0.59296875 0.0375 0.0453125
3.0 0.78125 0.40859375 0.034375 0.0703125
