7.0 0.8109375 0.0859375 0.1375 0.15625
7.0 0.671875 0.21640625 0.06875 0.0296875
7.0 0.6921875 0.303125 0.1875 0.078125
7.0 0.871875 0.4453125 0.11875 0.125
7.0 0.56015625 0.43671875 0.1671875 0.0890625
7.0 0.36796875 0.3109375 0.1328125 0.0875
7.0 0.596875 0.58359375 0.290625 0.1140625
7.0 0.425 0.625 0.046875 0.0375
3.0 0.31015625 0.71328125 0.0609375 0.0296875
3.0 0.75859375 0.47578125 0.0921875 0.0328125
3.0 0.68125 0.4171875 0.19375 0.03125
3.0 0.11484375 0.44296875 0.1015625 0.0359375
3.0 0.87734375 0.23671875 0.0609375 0.0484375
7.0 0.915625 0.06953125 0.084375 0.0390625
