7.0 0.26484375 0.23359375 0.0796875 0.0421875
7.0 0.68359375 0.08359375 0.0484375 0.0265625
7.0 0.771875 0.103125 0.16875 0.05625
7.0 0.5453125 0.25546875 0.078125 0.0828125
7.0 0.41875 0.33671875 0.10625 0.0984375
7.0 0.70546875 0.39296875 0.0734375 0.1171875
7.0 0.83984375 0.3515625 0.0640625 0.0875
7.0 0.54296875 0.403125 0.0671875 0.040625
7.0 0.1390625 0.52421875 0.078125 0.0796875
7.0 0.42421875 0.4546875 0.0359375 0.05
7.0 0.33046875 0.58828125 0.0953125 0.0453125
7.0 0.3140625 0.82578125 0.065625 0.0734375
3.0 0.2359375 0.76015625 0.025 0.0203125
7.0 0.96640625 0.2375 0.0671875 0.078125
