7.0 0.42734375 0.59375 0.2328125 0.121875
3.0 0.5796875 0.63203125 0.184375 0.0609375
7.0 0.08203125 0.16484375 0.1578125 0.0703125
7.0 0.2546875 0.13125 0.165625 0.05625
7.0 0.28359375 0.21796875 0.1265625 0.0859375
7.0 0.39765625 0.18359375 0.0921875 0.0828125
7.0 0.6234375 0.13125 0.140625 0.15625
7.0 0.58203125 0.23671875 0.1859375 0.1078125
7.0 0.6375 0.40859375 0.365625 0.1453125
7.0 0.2 0.42890625 0.178125 0.0921875
7.0 0.4328125 0.50234375 0.184375 0.0828125
7.0 0.17109375 0.55703125 0.3421875 0.0796875
7.0 0.884375 0.04453125 0.08125 0.0671875
7.0 0.246875 0.3171875 0.134375 0.071875
