3.0 0.9078125 0.4703125 0.1375 0.071875
3.0 0.63046875 0.44609375 0.0515625 0.0734375
3.0 0.79375 0.38828125 0.178125 0.0421875
3.0 0.65078125 0.33359375 0.1234375 0.0390625
3.0 0.79375 0.31171875 0.053125 0.0203125
3.0 0.53984375 0.30234375 0.0578125 0.0359375
3.0 0.5484375 0.3890625 0.025 0.03125
3.0 0.36015625 0.31875 0.0671875 0.046875
3.0 0.72734375 0.7734375 0.0953125 0.034375
3.0 0.7828125 0.70546875 0.03125 0.0453125
3.0 0.65703125 0.759375 0.0328125 0.040625
3.0 0.734375 0.97890625 0.1125 0.0421875
3.0 0.8015625 0.94296875 0.03125 0.0296875
3.0 0.97578125 0.78515625 0.0359375 0.0421875
3.0 0.42109375 0.9375 0.0453125 0.04375
3.0 0.05859375 0.72578125 0.0296875 0.0703125
3.0 0.26171875 0.59296875 0.0359375 0.0484375
3.0 0.46796875 0.515625 0.0484375 0.053125
3.0 0.0453125 0.44765625 0.090625 0.0390625
3.0 0.8453125 0.77109375 0.053125 0.0421875
3.0 0.87890625 0.81953125 0.0421875 0.0234375
3.0 0.2328125 0.5109375 0.040625 0.03125
3.0 0.921875 0.16171875 0.01875 0.0265625
3.0 0.9859375 0.2296875 0.021875 0.034375
3.0 0.59609375 0.04375 0.0328125 0.025
