4.0 0.49453125 0.14140625 0.7296875 0.2828125
3.0 0.37421875 0.10703125 0.1953125 0.0765625
3.0 0.2 0.25234375 0.10625 0.0484375
3.0 0.60703125 0.215625 0.0359375 0.034375
4.0 0.9296875 0.1140625 0.13125 0.1625
3.0 0.34296875 0.01484375 0.0390625 0.0265625
3.0 0.48984375 0.28203125 0.0453125 0.0515625
3.0 0.42734375 0.33203125 0.0890625 0.0234375
4.0 0.45 0.2953125 0.190625 0.0875
4.0 0.19453125 0.36796875 0.2046875 0.1921875
3.0 0.19375 0.1140625 0.0625 0.059375
3.0 0.2546875 0.30625 0.05625 0.040625
3.0 0.2234375 0.378125 0.1125 0.0625
3.0 0.73671875 0.48046875 0.1328125 0.1390625
3.0 0.784375 0.61796875 0.071875 0.0484375
3.0 0.55703125 0.584375 0.0609375 0.0875
3.0 0.40078125 0.52109375 0.1609375 0.1015625
3.0 0.25390625 0.5734375 0.0359375 0.025
4.0 0.09453125 0.71875 0.1453125 0.25
4.0 0.34765625 0.646875 0.4953125 0.38125
3.0 0.68828125 0.83046875 0.1703125 0.0765625
3.0 0.64765625 0.77734375 0.0546875 0.0203125
3.0 0.66015625 0.65 0.0359375 0.025
3.0 0.8828125 0.57734375 0.04375 0.0359375
4.0 0.06328125 0.05078125 0.1203125 0.0859375
3.0 0.0265625 0.34140625 0.053125 0.0328125
3.0 0.03203125 0.44609375 0.0640625 0.0765625
4.0 0.215625 0.48125 0.11875 0.10625
4.0 0.503125 0.384375 0.09375 0.075
