3.0 0.2703125 0.059375 0.275 0.10625
3.0 0.925 0.2671875 0.06875 0.11875
3.0 0.7421875 0.165625 0.071875 0.075
3.0 0.54609375 0.41640625 0.2609375 0.2984375
3.0 0.05 0.678125 0.1 0.090625
3.0 0.20546875 0.409375 0.0734375 0.078125
3.0 0.45078125 0.66953125 0.1109375 0.0953125
3.0 0.55390625 0.6296875 0.0859375 0.075
3.0 0.909375 0.603125 0.065625 0.05625
4.0 0.41328125 0.871875 0.3046875 0.25625
3.0 0.81171875 0.24140625 0.0671875 0.0546875
3.0 0.05859375 0.48828125 0.0890625 0.0796875
3.0 0.0125 0.36953125 0.025 0.0296875
3.0 0.1359375 0.86015625 0.071875 0.0390625
3.0 0.21953125 0.85703125 0.0515625 0.0296875
3.0 0.61328125 0.86953125 0.0546875 0.0609375
3.0 0.3734375 0.28515625 0.06875 0.0453125
3.0 0.240625 0.48828125 0.046875 0.0453125
