4.0 0.85078125 0.7296875 0.2921875 0.121875
4.0 0.7921875 0.515625 0.125 0.178125
4.0 0.57578125 0.46796875 0.1796875 0.2171875
4.0 0.51796875 0.6625 0.1203125 0.140625
4.0 0.49140625 0.890625 0.1484375 0.121875
4.0 0.3140625 0.72109375 0.196875 0.1140625
4.0 0.39375 0.91328125 0.08125 0.1265625
4.0 0.1546875 0.9390625 0.0875 0.11875
4.0 0.0484375 0.96953125 0.096875 0.0515625
3.0 0.07421875 0.75859375 0.0265625 0.0484375
3.0 0.1265625 0.82734375 0.028125 0.0171875
3.0 0.29296875 0.76015625 0.0359375 0.0171875
3.0 0.78515625 0.76015625 0.0703125 0.0421875
3.0 0.87890625 0.6984375 0.0609375 0.021875
7.0 0.95 0.375 0.096875 0.090625
7.0 0.80234375 0.38046875 0.0890625 0.0578125
7.0 0.8484375 0.28828125 0.096875 0.0921875
7.0 0.81484375 0.3765625 0.1421875 0.09375
7.0 0.86796875 0.15859375 0.1390625 0.1234375
7.0 0.71328125 0.07109375 0.0890625 0.0515625
3.0 0.9890625 0.0390625 0.01875 0.028125
