7.0 0.31171875 0.26015625 0.0984375 0.1328125
7.0 0.33046875 0.14921875 0.1703125 0.0734375
7.0 0.13828125 0.20078125 0.1890625 0.0890625
3.0 0.14453125 0.17265625 0.0359375 0.0265625
7.0 0.20546875 0.32734375 0.0828125 0.1546875
7.0 0.22890625 0.51953125 0.1140625 0.1671875
7.0 0.1265625 0.4703125 0.1 0.034375
7.0 0.47265625 0.53125 0.1609375 0.1625
3.0 0.52421875 0.6046875 0.0421875 0.04375
3.0 0.68359375 0.6515625 0.0453125 0.096875
3.0 0.76171875 0.72421875 0.1453125 0.0734375
7.0 0.63515625 0.8765625 0.1015625 0.09375
7.0 0.71640625 0.8765625 0.0921875 0.046875
3.0 0.83671875 0.45859375 0.0765625 0.1140625
3.0 0.9875 0.83046875 0.021875 0.0578125
3.0 0.4765625 0.703125 0.028125 0.046875
3.0 0.11484375 0.86171875 0.0296875 0.0359375
3.0 0.18125 0.67734375 0.03125 0.0359375
3.0 0.52890625 0.7640625 0.0828125 0.03125
3.0 0.88984375 0.815625 0.0546875 0.03125
5.0 0.284375 0.053125 0.56875 0.075
5.0 0.475 0.9390625 0.13125 0.078125
5.0 0.57578125 0.80546875 0.2296875 0.0890625
5.0 0.771875 0.953125 0.140625 0.09375
