3.0 0.36328125 0.525 0.0578125 0.053125
3.0 0.74453125 0.69140625 0.0359375 0.0296875
3.0 0.66171875 0.6828125 0.0265625 0.03125
3.0 0.8640625 0.53046875 0.06875 0.0640625
6.0 0.790625 0.65859375 0.3125 0.1109375
6.0 0.38515625 0.525 0.1296875 0.2125
6.0 0.74296875 0.47734375 0.1859375 0.0515625
6.0 0.29453125 0.4515625 0.1953125 0.128125
3.0 0.675 0.3546875 0.0875 0.046875
6.0 0.70546875 0.33359375 0.1265625 0.1203125
6.0 0.52265625 0.3453125 0.2328125 0.253125
6.0 0.4609375 0.3609375 0.134375 0.084375
6.0 0.7734375 0.39921875 0.2 0.1359375
3.0 0.2625 0.434375 0.028125 0.028125
3.0 0.17734375 0.62265625 0.0328125 0.0171875
6.0 0.52109375 0.8734375 0.1140625 0.190625
6.0 0.81875 0.80625 0.0875 0.034375
6.0 0.48515625 0.5546875 0.1421875 0.128125
6.0 0.67734375 0.54765625 0.1265625 0.0515625
3.0 0.7078125 0.546875 0.034375 0.03125
