7.0 0.30859375 0.64453125 0.2109375 0.1640625
7.0 0.44375 0.5953125 0.16875 0.125
7.0 0.72734375 0.409375 0.1515625 0.109375
7.0 0.94375 0.7046875 0.103125 0.075
7.0 0.83203125 0.53359375 0.1421875 0.0984375
3.0 0.97109375 0.52265625 0.0578125 0.0671875
7.0 0.37265625 0.459375 0.0671875 0.05
7.0 0.51796875 0.39609375 0.0921875 0.0671875
7.0 0.59609375 0.50703125 0.0765625 0.0546875
7.0 0.60859375 0.48046875 0.0546875 0.0390625
7.0 0.53515625 0.63515625 0.0734375 0.0515625
7.0 0.61484375 0.61484375 0.0609375 0.0453125
7.0 0.67109375 0.528125 0.1796875 0.125
7.0 0.9140625 0.66796875 0.078125 0.0609375
7.0 0.80078125 0.6546875 0.2140625 0.15
7.0 0.61015625 0.7046875 0.2203125 0.165625
7.0 0.240625 0.3203125 0.253125 0.19375
7.0 0.30859375 0.21171875 0.1078125 0.0828125
7.0 0.4640625 0.28671875 0.103125 0.0828125
7.0 0.159375 0.48984375 0.10625 0.0765625
7.0 0.91640625 0.7875 0.1671875 0.140625
3.0 0.49375 0.34296875 0.09375 0.0703125
