3.0 0.546875 0.2125 0.065625 0.06875
7.0 0.571875 0.29453125 0.09375 0.0765625
7.0 0.4328125 0.5734375 0.175 0.10625
7.0 0.25078125 0.715625 0.0578125 0.121875
7.0 0.19296875 0.79140625 0.0453125 0.0734375
7.0 0.2 0.9140625 0.04375 0.1375
7.0 0.60546875 0.9296875 0.1296875 0.121875
7.0 0.6765625 0.63828125 0.16875 0.1609375
7.0 0.63515625 0.73203125 0.1296875 0.0984375
3.0 0.79375 0.703125 0.046875 0.09375
3.0 0.1546875 0.5765625 0.08125 0.059375
3.0 0.7765625 0.28984375 0.0375 0.1203125
7.0 0.71484375 0.32890625 0.0921875 0.1265625
7.0 0.56015625 0.42578125 0.0515625 0.0546875
7.0 0.63125 0.4765625 0.046875 0.0625
7.0 0.39140625 0.68984375 0.0328125 0.0453125
3.0 0.78046875 0.02421875 0.0390625 0.0484375
7.0 0.50859375 0.7046875 0.0359375 0.034375
