7.0 0.30703125 0.17734375 0.0828125 0.0671875
3.0 0.30078125 0.2296875 0.0578125 0.015625
3.0 0.65 0.6578125 0.071875 0.06875
3.0 0.74296875 0.68046875 0.0234375 0.0265625
3.0 0.68984375 0.78984375 0.0515625 0.0546875
3.0 0.90390625 0.66875 0.1890625 0.021875
7.0 0.97421875 0.4109375 0.0453125 0.028125
7.0 0.57890625 0.33828125 0.2421875 0.1421875
7.0 0.4625 0.49140625 0.1125 0.1015625
7.0 0.425 0.42578125 0.075 0.0265625
7.0 0.125 0.56015625 0.046875 0.0578125
7.0 0.9515625 0.05234375 0.075 0.0921875
3.0 0.234375 0.26171875 0.028125 0.0171875
3.0 0.63828125 0.50703125 0.0421875 0.0265625
3.0 0.43203125 0.6140625 0.0296875 0.025
