5.0 0.3203125 0.18984375 0.075 0.0765625
5.0 0.40703125 0.77890625 0.1609375 0.1015625
5.0 0.49765625 0.57421875 0.2265625 0.0671875
5.0 0.71875 0.7125 0.0875 0.146875
5.0 0.59296875 0.3796875 0.0859375 0.084375
5.0 0.5734375 0.128125 0.10625 0.059375
5.0 0.74921875 0.3546875 0.1109375 0.075
5.0 0.2734375 0.703125 0.08125 0.096875
5.0 0.05234375 0.5578125 0.0671875 0.1125
3.0 0.17421875 0.60234375 0.0609375 0.1015625
3.0 0.30390625 0.0921875 0.0921875 0.0375
3.0 0.17421875 0.059375 0.0390625 0.034375
5.0 0.52265625 0.47109375 0.1765625 0.1046875
