4.0 0.9015625 0.0875 0.084375 0.165625
4.0 0.7859375 0.20078125 0.103125 0.0953125
4.0 0.5515625 0.3625 0.096875 0.0875
4.0 0.81796875 0.4328125 0.0640625 0.18125
4.0 0.83671875 0.56015625 0.2015625 0.0953125
7.0 0.86484375 0.2484375 0.0578125 0.146875
7.0 0.27734375 0.7109375 0.1953125 0.290625
7.0 0.22734375 0.375 0.1203125 0.078125
3.0 0.696875 0.703125 0.103125 0.08125
3.0 0.603125 0.734375 0.040625 0.0375
3.0 0.83671875 0.98125 0.0390625 0.03125
4.0 0.74609375 0.840625 0.0546875 0.2125
3.0 0.44375 0.5453125 0.05625 0.03125
4.0 0.4390625 0.53984375 0.103125 0.0640625
7.0 0.3640625 0.07265625 0.16875 0.1421875
7.0 0.44765625 0.3234375 0.1234375 0.146875
7.0 0.5578125 0.25703125 0.153125 0.1234375
4.0 0.6 0.58828125 0.09375 0.1109375
7.0 0.54453125 0.56875 0.0328125 0.1
7.0 0.72734375 0.46796875 0.0484375 0.0796875
5.0 0.0390625 0.8296875 0.078125 0.18125
5.0 0.125 0.78984375 0.065625 0.1171875
7.0 0.32265625 0.92109375 0.0953125 0.1578125
