3.0 0.240625 0.434375 0.096875 0.1125
3.0 0.54921875 0.68046875 0.2140625 0.0859375
3.0 0.7625 0.58046875 0.103125 0.0484375
3.0 0.97421875 0.1640625 0.0421875 0.034375
3.0 0.86796875 0.11328125 0.0390625 0.0390625
3.0 0.9015625 0.97109375 0.015625 0.0234375
3.0 0.95859375 0.89375 0.0484375 0.021875
3.0 0.97890625 0.86484375 0.0421875 0.0234375
3.0 0.92734375 0.8296875 0.0734375 0.05
3.0 0.9546875 0.759375 0.0625 0.01875
3.0 0.18515625 0.309375 0.0609375 0.059375
3.0 0.34609375 0.24296875 0.0515625 0.0203125
