7.0 0.4609375 0.215625 0.275 0.1
7.0 0.4578125 0.2890625 0.1625 0.046875
7.0 0.453125 0.3390625 0.05625 0.05625
7.0 0.53984375 0.37734375 0.1421875 0.0453125
7.0 0.53046875 0.44375 0.2578125 0.084375
7.0 0.7078125 0.41796875 0.04375 0.0578125
7.0 0.71171875 0.71328125 0.1109375 0.1515625
7.0 0.86484375 0.659375 0.1078125 0.175
3.0 0.015625 0.909375 0.03125 0.096875
3.0 0.08515625 0.821875 0.0890625 0.078125
3.0 0.67265625 0.86015625 0.0953125 0.1828125
3.0 0.58984375 0.9640625 0.1234375 0.071875
3.0 0.9859375 0.7296875 0.028125 0.125
3.0 0.71875 0.25078125 0.046875 0.0484375
3.0 0.02890625 0.21953125 0.0578125 0.0921875
3.0 0.35703125 0.496875 0.0953125 0.08125
3.0 0.11484375 0.5984375 0.1796875 0.059375
