3.0 0.690625 0.128125 0.353125 0.0875
3.0 0.69375 0.04921875 0.2375 0.0890625
3.0 0.4734375 0.39140625 0.16875 0.1015625
3.0 0.2078125 0.425 0.05 0.03125
3.0 0.2578125 0.49765625 0.071875 0.0296875
3.0 0.0296875 0.3953125 0.040625 0.065625
3.0 0.53828125 0.90390625 0.0484375 0.0390625
3.0 0.5765625 0.81015625 0.0375 0.0609375
3.0 0.8890625 0.559375 0.08125 0.053125
3.0 0.884375 0.3015625 0.08125 0.078125
3.0 0.94375 0.1203125 0.0875 0.040625
3.0 0.17265625 0.66953125 0.1015625 0.0359375
3.0 0.5234375 0.21796875 0.065625 0.0546875
3.0 0.8703125 0.09140625 0.053125 0.0546875
