3.0 0.209375 0.6296875 0.05 0.021875
3.0 0.28515625 0.58515625 0.1078125 0.0484375
3.0 0.56640625 0.43359375 0.1265625 0.0578125
3.0 0.1296875 0.43125 0.075 0.0875
7.0 0.56796875 0.81171875 0.1140625 0.1328125
3.0 0.5625 0.584375 0.203125 0.04375
3.0 0.728125 0.71171875 0.078125 0.0828125
3.0 0.93203125 0.65703125 0.0609375 0.0484375
3.0 0.96171875 0.58984375 0.0546875 0.0359375
3.0 0.6296875 0.55 0.059375 0.04375
3.0 0.76328125 0.48984375 0.1109375 0.0609375
3.0 0.8703125 0.56640625 0.046875 0.0265625
3.0 0.84375 0.525 0.034375 0.05625
3.0 0.85234375 0.33125 0.0359375 0.034375
3.0 0.76796875 0.37578125 0.1203125 0.0828125
3.0 0.396875 0.546875 0.05625 0.028125
3.0 0.38203125 0.34609375 0.0546875 0.0984375
3.0 0.97109375 0.284375 0.0546875 0.084375
3.0 0.109375 0.9171875 0.084375 0.04375
3.0 0.8015625 0.684375 0.040625 0.028125
