3.0 0.1875 0.29921875 0.165625 0.1171875
3.0 0.43203125 0.39921875 0.0984375 0.0828125
3.0 0.34375 0.28046875 0.178125 0.1109375
3.0 0.503125 0.2984375 0.13125 0.084375
3.0 0.403125 0.21796875 0.059375 0.0390625
3.0 0.6171875 0.32109375 0.075 0.0546875
3.0 0.54375 0.3875 0.04375 0.0375
3.0 0.75078125 0.41171875 0.0890625 0.0671875
3.0 0.10234375 0.62421875 0.1046875 0.0703125
3.0 0.10859375 0.54453125 0.0609375 0.0515625
3.0 0.16953125 0.64375 0.0578125 0.046875
3.0 0.225 0.89140625 0.071875 0.0546875
3.0 0.68515625 0.875 0.0796875 0.071875
3.0 0.62109375 0.678125 0.0671875 0.05625
3.0 0.51171875 0.52578125 0.0796875 0.0640625
3.0 0.91015625 0.653125 0.1046875 0.071875
3.0 0.02265625 0.57109375 0.0453125 0.0578125
3.0 0.70703125 0.62421875 0.0578125 0.0421875
3.0 0.41328125 0.040625 0.0359375 0.03125
3.0 0.30859375 0.06875 0.0453125 0.0375
3.0 0.7703125 0.084375 0.046875 0.034375
