3.0 0.31953125 0.0796875 0.0578125 0.0375
3.0 0.57578125 0.00625 0.0984375 0.0125
3.0 0.45 0.36640625 0.15 0.1015625
3.0 0.48984375 0.45546875 0.1484375 0.1234375
3.0 0.35859375 0.53984375 0.0703125 0.0453125
3.0 0.19453125 0.35234375 0.0984375 0.0671875
3.0 0.2484375 0.41015625 0.06875 0.0640625
3.0 0.2953125 0.3890625 0.04375 0.0375
3.0 0.334375 0.4796875 0.0625 0.046875
3.0 0.3953125 0.48671875 0.034375 0.0390625
3.0 0.25703125 0.4890625 0.0640625 0.046875
3.0 0.259375 0.615625 0.0375 0.05
3.0 0.328125 0.97265625 0.125 0.0546875
3.0 0.584375 0.83984375 0.075 0.0328125
3.0 0.62109375 0.90546875 0.0453125 0.0359375
3.0 0.48671875 0.89921875 0.0359375 0.0578125
3.0 0.75703125 0.8796875 0.1015625 0.065625
