3.0 0.496875 0.60078125 0.065625 0.0703125
3.0 0.56484375 0.4453125 0.0484375 0.04375
3.0 0.06484375 0.64140625 0.1078125 0.0453125
3.0 0.1296875 0.7234375 0.16875 0.13125
3.0 0.59453125 0.884375 0.0640625 0.028125
3.0 0.16953125 0.24921875 0.0453125 0.0390625
3.0 0.0765625 0.19453125 0.040625 0.0296875
3.0 0.83359375 0.1984375 0.0390625 0.053125
3.0 0.75078125 0.19453125 0.0328125 0.0359375
3.0 0.71796875 0.21015625 0.0265625 0.0453125
3.0 0.78515625 0.16796875 0.0359375 0.0171875
3.0 0.93359375 0.14375 0.1296875 0.090625
3.0 0.790625 0.28671875 0.053125 0.0234375
3.0 0.7953125 0.25078125 0.071875 0.0328125
3.0 0.5515625 0.253125 0.075 0.05
3.0 0.93125 0.39609375 0.0875 0.0640625
3.0 0.02109375 0.26953125 0.0421875 0.0640625
3.0 0.07578125 0.5125 0.0671875 0.053125
3.0 0.39453125 0.5640625 0.0328125 0.025
3.0 0.81484375 0.55546875 0.0453125 0.0203125
