3.0 0.15625 0.6234375 0.0625 0.1125
3.0 0.2578125 0.70234375 0.053125 0.0953125
3.0 0.44609375 0.53984375 0.0609375 0.3234375
3.0 0.55390625 0.3453125 0.1453125 0.078125
7.0 0.3515625 0.2015625 0.046875 0.121875
7.0 0.31328125 0.3796875 0.0546875 0.11875
7.0 0.30703125 0.28671875 0.0328125 0.0671875
7.0 0.3875 0.29921875 0.0375 0.0703125
3.0 0.509375 0.23359375 0.05 0.0296875
3.0 0.6625 0.2921875 0.04375 0.0875
3.0 0.13828125 0.846875 0.0234375 0.028125
3.0 0.3265625 0.628125 0.028125 0.046875
3.0 0.3296875 0.565625 0.05625 0.04375
3.0 0.42265625 0.02265625 0.0296875 0.0453125
