3.0 0.37890625 0.3078125 0.1015625 0.075
3.0 0.15 0.51953125 0.134375 0.0765625
3.0 0.36640625 0.64375 0.1203125 0.04375
3.0 0.46015625 0.678125 0.1390625 0.034375
3.0 0.53203125 0.46796875 0.3796875 0.2046875
3.0 0.775 0.59296875 0.246875 0.2171875
3.0 0.9203125 0.62421875 0.159375 0.1265625
3.0 0.84921875 0.1515625 0.1328125 0.109375
3.0 0.940625 0.2265625 0.040625 0.0375
3.0 0.57109375 0.22734375 0.0921875 0.0640625
3.0 0.1765625 0.1671875 0.13125 0.13125
3.0 0.2109375 0.58203125 0.06875 0.0296875
3.0 0.75625 0.73046875 0.115625 0.0578125
3.0 0.70859375 0.11328125 0.0796875 0.0828125
4.0 0.8421875 0.10625 0.3 0.20625
3.0 0.8203125 0.41640625 0.06875 0.0453125
3.0 0.3625 0.1875 0.103125 0.05625
