3.0 0.028125 0.45546875 0.05625 0.1640625
3.0 0.275 0.30390625 0.296875 0.2953125
3.0 0.44921875 0.2515625 0.1390625 0.10625
3.0 0.5 0.32109375 0.16875 0.1078125
3.0 0.68984375 0.371875 0.3828125 0.265625
3.0 0.9890625 0.34765625 0.021875 0.0765625
3.0 0.92578125 0.440625 0.1484375 0.103125
3.0 0.88203125 0.49453125 0.1515625 0.0953125
3.0 0.70546875 0.6125 0.1859375 0.140625
3.0 0.26875 0.74140625 0.30625 0.2203125
3.0 0.70078125 0.76484375 0.1640625 0.1484375
3.0 0.96328125 0.6703125 0.0734375 0.15
3.0 0.91484375 0.26484375 0.1046875 0.0609375
3.0 0.11953125 0.11015625 0.1015625 0.0671875
3.0 0.51875 0.62734375 0.109375 0.1078125
3.0 0.52421875 0.54296875 0.1328125 0.1421875
3.0 0.865625 0.3921875 0.103125 0.084375
3.0 0.91875 0.34375 0.1625 0.1
