3.0 0.22578125 0.1328125 0.1359375 0.053125
3.0 0.3203125 0.16796875 0.059375 0.0359375
3.0 0.1953125 0.18984375 0.078125 0.0390625
3.0 0.15859375 0.21015625 0.0515625 0.0546875
3.0 0.31015625 0.24609375 0.0640625 0.0828125
3.0 0.390625 0.23828125 0.084375 0.1203125
3.0 0.46484375 0.209375 0.0484375 0.065625
3.0 0.53125 0.19140625 0.053125 0.0390625
3.0 0.675 0.23203125 0.140625 0.0953125
3.0 0.8328125 0.240625 0.05 0.040625
3.0 0.82421875 0.2828125 0.0953125 0.034375
3.0 0.54140625 0.34765625 0.1078125 0.0859375
3.0 0.64453125 0.38203125 0.0828125 0.0421875
3.0 0.2390625 0.36015625 0.046875 0.0265625
3.0 0.240625 0.40625 0.0875 0.065625
3.0 0.39140625 0.44140625 0.0765625 0.0921875
3.0 0.47421875 0.4640625 0.0484375 0.0625
3.0 0.11015625 0.490625 0.0828125 0.059375
3.0 0.184375 0.51796875 0.05 0.0671875
3.0 0.07578125 0.5609375 0.0859375 0.053125
3.0 0.13046875 0.5703125 0.0265625 0.0375
3.0 0.92734375 0.60703125 0.1046875 0.0984375
3.0 0.46953125 0.6453125 0.0953125 0.075
3.0 0.3546875 0.54453125 0.065625 0.0359375
3.0 0.20703125 0.65703125 0.1015625 0.0796875
3.0 0.1078125 0.6125 0.06875 0.0375
3.0 0.56796875 0.64609375 0.0546875 0.0484375
3.0 0.62109375 0.58984375 0.0359375 0.0453125
3.0 0.6046875 0.5078125 0.0625 0.040625
3.0 0.5296875 0.5234375 0.065625 0.028125
3.0 0.68984375 0.5859375 0.0640625 0.03125
3.0 0.97265625 0.96875 0.0515625 0.046875
3.0 0.95078125 0.91640625 0.0453125 0.0359375
3.0 0.19140625 0.76015625 0.0921875 0.0765625
3.0 0.1109375 0.725 0.05625 0.0375
3.0 0.34765625 0.7953125 0.0609375 0.08125
3.0 0.40546875 0.778125 0.0328125 0.065625
3.0 0.12421875 0.80859375 0.0828125 0.0453125
