3.0 0.6171875 0.34296875 0.08125 0.0484375
3.0 0.71640625 0.37421875 0.0578125 0.0421875
3.0 0.734375 0.43984375 0.09375 0.0828125
3.0 0.36015625 0.2796875 0.0703125 0.053125
3.0 0.30390625 0.3625 0.1078125 0.134375
3.0 0.5125 0.3546875 0.084375 0.15
3.0 0.76796875 0.6015625 0.0890625 0.15
3.0 0.2953125 0.66328125 0.065625 0.1171875
3.0 0.51875 0.20234375 0.05 0.0484375
3.0 0.975 0.0953125 0.05 0.028125
3.0 0.4984375 0.8953125 0.084375 0.1
3.0 0.1359375 0.62578125 0.078125 0.0734375
3.0 0.240625 0.50234375 0.084375 0.0234375
3.0 0.090625 0.6734375 0.03125 0.084375
3.0 0.3359375 0.5890625 0.109375 0.040625
3.0 0.50703125 0.553125 0.1484375 0.165625
3.0 0.925 0.76796875 0.1375 0.0796875
3.0 0.1859375 0.81796875 0.046875 0.0546875
