7.0 0.60234375 0.50390625 0.0703125 0.0921875
7.0 0.6875 0.53515625 0.096875 0.1296875
7.0 0.68671875 0.69609375 0.0609375 0.0890625
7.0 0.6359375 0.56640625 0.053125 0.0734375
3.0 0.6171875 0.57734375 0.0125 0.0203125
3.0 0.734375 0.465625 0.03125 0.046875
3.0 0.67734375 0.453125 0.0171875 0.01875
3.0 0.55 0.40625 0.01875 0.028125
7.0 0.63671875 0.13203125 0.0515625 0.1453125
7.0 0.69453125 0.05078125 0.0859375 0.0984375
7.0 0.325 0.69375 0.096875 0.209375
7.0 0.328125 0.515625 0.03125 0.0625
7.0 0.79296875 0.85859375 0.0609375 0.1703125
7.0 0.70546875 0.8015625 0.0265625 0.03125
7.0 0.63984375 0.8765625 0.0578125 0.075
7.0 0.5640625 0.92109375 0.075 0.1484375
7.0 0.5921875 0.74609375 0.021875 0.0390625
3.0 0.665625 0.41484375 0.015625 0.0171875
3.0 0.61484375 0.38671875 0.0140625 0.0140625
3.0 0.3234375 0.4203125 0.03125 0.025
7.0 0.38046875 0.29140625 0.0578125 0.0703125
7.0 0.409375 0.72265625 0.03125 0.0484375
7.0 0.384375 0.68125 0.015625 0.04375
7.0 0.4046875 0.6515625 0.025 0.025
7.0 0.40078125 0.6140625 0.0421875 0.03125
7.0 0.409375 0.8546875 0.040625 0.0625
7.0 0.47421875 0.7890625 0.0640625 0.04375
7.0 0.52109375 0.72265625 0.0609375 0.1078125
7.0 0.484375 0.75546875 0.025 0.0296875
