4.0 0.4671875 0.12734375 0.221875 0.0984375
4.0 0.1546875 0.11171875 0.15625 0.1546875
4.0 0.4015625 0.4578125 0.59375 0.428125
4.0 0.94375 0.45390625 0.103125 0.2515625
4.0 0.784375 0.7515625 0.415625 0.3375
4.0 0.60625 0.8515625 0.240625 0.284375
4.0 0.8640625 0.96640625 0.265625 0.0640625
4.0 0.73046875 0.13671875 0.3921875 0.2671875
3.0 0.78359375 0.20390625 0.1609375 0.1078125
3.0 0.1375 0.071875 0.11875 0.078125
3.0 0.54921875 0.37578125 0.2796875 0.2109375
3.0 0.3390625 0.47265625 0.075 0.1359375
3.0 0.234375 0.375 0.0875 0.15
