3.0 0.903125 0.765625 0.05 0.0375
3.0 0.96796875 0.803125 0.0640625 0.05625
4.0 0.675 0.81484375 0.11875 0.0921875
4.0 0.4984375 0.759375 0.14375 0.10625
3.0 0.9453125 0.684375 0.028125 0.021875
3.0 0.70078125 0.6546875 0.0578125 0.04375
3.0 0.75546875 0.46875 0.0765625 0.05625
3.0 0.53515625 0.52109375 0.0453125 0.0359375
3.0 0.5375 0.49375 0.03125 0.021875
3.0 0.56015625 0.4125 0.0328125 0.025
4.0 0.45546875 0.65625 0.1265625 0.09375
3.0 0.265625 0.5109375 0.053125 0.040625
3.0 0.49609375 0.4234375 0.0484375 0.0375
3.0 0.51015625 0.46953125 0.0515625 0.0390625
3.0 0.5296875 0.4328125 0.04375 0.034375
3.0 0.646875 0.35078125 0.040625 0.0328125
3.0 0.70078125 0.3859375 0.0515625 0.0375
3.0 0.30703125 0.48359375 0.0515625 0.0390625
7.0 0.025 0.3 0.05 0.059375
3.0 0.45546875 0.04296875 0.0234375 0.0171875
3.0 0.5140625 0.06953125 0.059375 0.0453125
3.0 0.25703125 0.3765625 0.0296875 0.021875
3.0 0.396875 0.5484375 0.084375 0.065625
3.0 0.403125 0.50859375 0.0375 0.0296875
3.0 0.42109375 0.35546875 0.0640625 0.0484375
3.0 0.1234375 0.175 0.040625 0.028125
