3.0 0.27109375 0.26953125 0.0828125 0.0828125
3.0 0.29921875 0.15 0.0671875 0.096875
3.0 0.37265625 0.61953125 0.0296875 0.0703125
3.0 0.034375 0.59453125 0.05 0.1078125
3.0 0.4578125 0.696875 0.065625 0.05625
3.0 0.65625 0.5828125 0.0625 0.034375
3.0 0.78828125 0.59296875 0.0890625 0.0953125
3.0 0.66484375 0.7203125 0.0453125 0.028125
3.0 0.07890625 0.75546875 0.0734375 0.0421875
3.0 0.03203125 0.83984375 0.0359375 0.0484375
4.0 0.071875 0.9078125 0.134375 0.05
3.0 0.325 0.44296875 0.103125 0.0421875
3.0 0.5734375 0.4875 0.053125 0.03125
3.0 0.83359375 0.43515625 0.0609375 0.0390625
3.0 0.6453125 0.33359375 0.15 0.0640625
3.0 0.596875 0.39140625 0.071875 0.0484375
7.0 0.8265625 0.09375 0.171875 0.15625
7.0 0.50078125 0.2734375 0.2359375 0.334375
