7.0 0.54921875 0.3125 0.2453125 0.140625
7.0 0.27734375 0.3859375 0.1390625 0.140625
7.0 0.34140625 0.41640625 0.1046875 0.0984375
7.0 0.51015625 0.45390625 0.1328125 0.0765625
7.0 0.5078125 0.51796875 0.125 0.0921875
3.0 0.51328125 0.3859375 0.0796875 0.075
3.0 0.39375 0.22265625 0.11875 0.0546875
3.0 0.3828125 0.24453125 0.04375 0.0296875
3.0 0.55 0.19140625 0.078125 0.0609375
3.0 0.35390625 0.29609375 0.0671875 0.0484375
3.0 0.02265625 0.196875 0.0453125 0.05
3.0 0.046875 0.321875 0.09375 0.10625
3.0 0.00546875 0.40625 0.0109375 0.090625
3.0 0.109375 0.559375 0.075 0.046875
3.0 0.16328125 0.62890625 0.0859375 0.0921875
3.0 0.16015625 0.7375 0.0578125 0.040625
3.0 0.22109375 0.1421875 0.0640625 0.0625
3.0 0.00703125 0.54765625 0.0140625 0.0546875
3.0 0.30078125 0.07734375 0.0984375 0.0828125
3.0 0.978125 0.615625 0.04375 0.040625
3.0 0.76484375 0.60859375 0.0515625 0.0359375
3.0 0.98671875 0.3453125 0.0265625 0.03125
4.0 0.6328125 0.67265625 0.228125 0.1203125
3.0 0.6125 0.69375 0.05625 0.034375
3.0 0.59609375 0.76484375 0.0546875 0.0421875
3.0 0.72421875 0.7703125 0.0703125 0.05625
3.0 0.64921875 0.7890625 0.0484375 0.0375
