4.0 0.65703125 0.3296875 0.3046875 0.265625
3.0 0.69453125 0.275 0.1484375 0.14375
4.0 0.2421875 0.21796875 0.24375 0.3859375
4.0 0.09296875 0.2828125 0.1859375 0.28125
4.0 0.053125 0.6109375 0.10625 0.1875
4.0 0.8359375 0.609375 0.140625 0.065625
4.0 0.68203125 0.52734375 0.1703125 0.0984375
4.0 0.60546875 0.68671875 0.1609375 0.1203125
4.0 0.328125 0.696875 0.196875 0.159375
3.0 0.69765625 0.27421875 0.1484375 0.1328125
3.0 0.91015625 0.61875 0.0890625 0.046875
3.0 0.28359375 0.4203125 0.1046875 0.075
3.0 0.1046875 0.0515625 0.040625 0.05625
3.0 0.1484375 0.3671875 0.096875 0.075
