4.0 0.56640625 0.275 0.3734375 0.48125
7.0 0.490625 0.07109375 0.08125 0.0515625
7.0 0.49921875 0.2171875 0.1546875 0.19375
7.0 0.56328125 0.44609375 0.3453125 0.1328125
3.0 0.3046875 0.4515625 0.096875 0.0625
3.0 0.29140625 0.52421875 0.1109375 0.0640625
3.0 0.41796875 0.48203125 0.0265625 0.0203125
3.0 0.41796875 0.44296875 0.0296875 0.0390625
3.0 0.81484375 0.471875 0.0765625 0.0625
3.0 0.86875 0.39140625 0.08125 0.0359375
3.0 0.91015625 0.5265625 0.0921875 0.109375
3.0 0.859375 0.32734375 0.1375 0.0765625
3.0 0.83359375 0.25078125 0.1296875 0.0453125
3.0 0.76640625 0.20625 0.0453125 0.028125
3.0 0.84609375 0.1859375 0.0828125 0.028125
4.0 0.8734375 0.3890625 0.246875 0.43125
4.0 0.80859375 0.07578125 0.3703125 0.1515625
3.0 0.87109375 0.04375 0.0640625 0.040625
3.0 0.76015625 0.01015625 0.0734375 0.0203125
3.0 0.67890625 0.05703125 0.0765625 0.0609375
3.0 0.046875 0.20625 0.071875 0.0875
4.0 0.32890625 0.09453125 0.2203125 0.1484375
4.0 0.46953125 0.02890625 0.1453125 0.0546875
4.0 0.19765625 0.175 0.0953125 0.09375
4.0 0.06328125 0.28984375 0.1265625 0.0796875
4.0 0.24609375 0.31328125 0.0984375 0.1015625
4.0 0.07421875 0.43203125 0.1484375 0.1578125
4.0 0.121875 0.353125 0.121875 0.11875
4.0 0.37734375 0.65234375 0.1921875 0.1578125
4.0 0.18046875 0.778125 0.1078125 0.15
7.0 0.73515625 0.7828125 0.1015625 0.090625
7.0 0.7484375 0.9046875 0.0875 0.059375
7.0 0.8375 0.7515625 0.0375 0.04375
3.0 0.8921875 0.640625 0.096875 0.05625
3.0 0.96640625 0.72421875 0.0515625 0.0421875
4.0 0.5078125 0.775 0.153125 0.1125
