7.0 0.9296875 0.1359375 0.134375 0.09375
7.0 0.73671875 0.25078125 0.1890625 0.0546875
7.0 0.30859375 0.21015625 0.1734375 0.0546875
7.0 0.4296875 0.3375 0.040625 0.05
7.0 0.3703125 0.33046875 0.059375 0.0515625
7.0 0.31640625 0.31328125 0.1203125 0.0671875
7.0 0.52734375 0.3078125 0.0546875 0.0375
7.0 0.4796875 0.37421875 0.15 0.1015625
7.0 0.6015625 0.44453125 0.153125 0.1796875
7.0 0.73046875 0.45390625 0.0828125 0.1234375
7.0 0.44765625 0.48046875 0.1421875 0.1140625
7.0 0.25625 0.4890625 0.053125 0.075
7.0 0.13203125 0.553125 0.0921875 0.20625
3.0 0.37421875 0.6015625 0.0703125 0.071875
7.0 0.0828125 0.32734375 0.103125 0.0546875
