3.0 0.52890625 0.17265625 0.0546875 0.0453125
3.0 0.17890625 0.703125 0.0609375 0.04375
3.0 0.9703125 0.61875 0.034375 0.046875
3.0 0.8828125 0.0203125 0.021875 0.040625
3.0 0.86875 0.04375 0.015625 0.059375
6.0 0.85390625 0.409375 0.0953125 0.0875
6.0 0.85859375 0.4875 0.0765625 0.065625
6.0 0.77890625 0.47265625 0.0765625 0.1734375
6.0 0.63203125 0.525 0.0984375 0.178125
6.0 0.96171875 0.628125 0.0734375 0.125
3.0 0.75 0.9171875 0.04375 0.053125
3.0 0.775 0.69921875 0.04375 0.0796875
3.0 0.7265625 0.45859375 0.01875 0.0609375
7.0 0.76875 0.31328125 0.04375 0.0609375
4.0 0.45546875 0.24609375 0.2578125 0.2609375
4.0 0.25 0.1078125 0.1 0.215625
4.0 0.2921875 0.27578125 0.05 0.0984375
3.0 0.2875 0.28515625 0.021875 0.0546875
6.0 0.17265625 0.71875 0.1203125 0.115625
6.0 0.190625 0.39609375 0.121875 0.3171875
6.0 0.27578125 0.95234375 0.1015625 0.0953125
6.0 0.053125 0.45546875 0.10625 0.1578125
6.0 0.1578125 0.5828125 0.1125 0.128125
