4.0 0.26640625 0.56015625 0.3578125 0.1296875
4.0 0.13203125 0.44609375 0.2578125 0.1078125
4.0 0.5546875 0.4375 0.240625 0.203125
4.0 0.2359375 0.759375 0.434375 0.165625
4.0 0.715625 0.64296875 0.265625 0.1578125
4.0 0.9203125 0.690625 0.159375 0.175
4.0 0.73984375 0.9 0.1984375 0.2
4.0 0.94375 0.30234375 0.1125 0.2671875
3.0 0.36640625 0.56015625 0.1296875 0.0765625
3.0 0.10859375 0.44609375 0.1203125 0.0640625
3.0 0.51875 0.4609375 0.103125 0.14375
3.0 0.68984375 0.6625 0.1421875 0.06875
3.0 0.93046875 0.70078125 0.1015625 0.1078125
