4.0 0.48203125 0.56953125 0.2421875 0.3171875
4.0 0.2296875 0.734375 0.390625 0.24375
4.0 0.39765625 0.73671875 0.1984375 0.1390625
4.0 0.7671875 0.33671875 0.44375 0.1390625
4.0 0.91640625 0.675 0.1265625 0.190625
4.0 0.884375 0.53828125 0.23125 0.1015625
4.0 0.13828125 0.3328125 0.2265625 0.109375
4.0 0.30625 0.509375 0.1 0.11875
4.0 0.4 0.29296875 0.1375 0.1515625
3.0 0.93984375 0.171875 0.1203125 0.075
3.0 0.23984375 0.68984375 0.0953125 0.0421875
3.0 0.5796875 0.70078125 0.034375 0.0265625
3.0 0.2921875 0.29609375 0.040625 0.0421875
4.0 0.31328125 0.2515625 0.1015625 0.165625
