3.0 0.25546875 0.18828125 0.2046875 0.2265625
3.0 0.3765625 0.0140625 0.05625 0.028125
3.0 0.36953125 0.4546875 0.1609375 0.103125
3.0 0.42421875 0.3328125 0.1234375 0.053125
3.0 0.27109375 0.39609375 0.0765625 0.1390625
3.0 0.45703125 0.22734375 0.1359375 0.1515625
3.0 0.52578125 0.2078125 0.0859375 0.09375
3.0 0.7875 0.2671875 0.2375 0.11875
3.0 0.1125 0.62578125 0.225 0.1328125
3.0 0.471875 0.64140625 0.18125 0.0734375
3.0 0.58984375 0.5265625 0.0703125 0.0875
3.0 0.10078125 0.97421875 0.1890625 0.0484375
3.0 0.90078125 0.56640625 0.1203125 0.0984375
3.0 0.540625 0.71015625 0.23125 0.0578125
3.0 0.75859375 0.64375 0.1671875 0.084375
