7.0 0.6359375 0.66015625 0.146875 0.2234375
7.0 0.54296875 0.7015625 0.0328125 0.10625
3.0 0.84296875 0.90546875 0.0578125 0.0921875
3.0 0.8984375 0.57421875 0.071875 0.0703125
3.0 0.8046875 0.60390625 0.04375 0.0421875
3.0 0.4953125 0.86640625 0.059375 0.1078125
3.0 0.4125 0.75 0.040625 0.071875
3.0 0.30703125 0.7828125 0.2296875 0.2625
3.0 0.31328125 0.44453125 0.0546875 0.1109375
3.0 0.1234375 0.86015625 0.05625 0.0609375
7.0 0.05625 0.96015625 0.08125 0.0796875
3.0 0.11875 0.3828125 0.06875 0.0875
7.0 0.07109375 0.36015625 0.0328125 0.0859375
7.0 0.1328125 0.16796875 0.05 0.0796875
7.0 0.38359375 0.1453125 0.0828125 0.125
3.0 0.39609375 0.0734375 0.0515625 0.046875
7.0 0.75859375 0.271875 0.0703125 0.06875
3.0 0.31953125 0.21640625 0.0140625 0.0265625
3.0 0.1984375 0.0234375 0.040625 0.046875
4.0 0.5875 0.35390625 0.103125 0.2484375
