3.0 0.9578125 0.7390625 0.075 0.128125
3.0 0.96640625 0.64296875 0.0640625 0.0578125
3.0 0.8578125 0.628125 0.034375 0.09375
3.0 0.96640625 0.3953125 0.0359375 0.06875
3.0 0.85546875 0.2109375 0.1703125 0.090625
3.0 0.90078125 0.06484375 0.0796875 0.0859375
7.0 0.53828125 0.25546875 0.0609375 0.1046875
7.0 0.49921875 0.44375 0.1265625 0.21875
7.0 0.20546875 0.640625 0.0515625 0.065625
7.0 0.33046875 0.54765625 0.1109375 0.1078125
7.0 0.23984375 0.5625 0.0296875 0.04375
7.0 0.2015625 0.49375 0.03125 0.04375
7.0 0.13671875 0.54609375 0.0453125 0.0484375
7.0 0.471875 0.17734375 0.05625 0.2234375
7.0 0.40234375 0.22734375 0.0734375 0.1703125
7.0 0.2765625 0.26484375 0.03125 0.1046875
7.0 0.17421875 0.23203125 0.1140625 0.1015625
3.0 0.57421875 0.70390625 0.0609375 0.0640625
7.0 0.07734375 0.3421875 0.0734375 0.021875
3.0 0.6921875 0.66328125 0.053125 0.0359375
