3.0 0.66171875 0.159375 0.0953125 0.096875
7.0 0.696875 0.2765625 0.134375 0.109375
7.0 0.4984375 0.6734375 0.25 0.15
7.0 0.2390625 0.87734375 0.08125 0.1734375
7.0 0.15625 0.96640625 0.065625 0.0671875
7.0 0.846875 0.76640625 0.240625 0.2296875
7.0 0.7890625 0.90078125 0.184375 0.1421875
3.0 0.98984375 0.859375 0.0203125 0.13125
3.0 0.1015625 0.6796875 0.115625 0.084375
3.0 0.98125 0.26875 0.0375 0.171875
7.0 0.9015625 0.32578125 0.13125 0.1796875
7.0 0.68046875 0.4640625 0.0734375 0.078125
7.0 0.78359375 0.5359375 0.0671875 0.0875
7.0 0.43984375 0.84140625 0.0484375 0.0640625
7.0 0.60703125 0.8625 0.0515625 0.05
