7.0 0.93984375 0.28203125 0.0484375 0.1046875
7.0 0.89140625 0.18046875 0.0953125 0.0734375
7.0 0.5796875 0.346875 0.04375 0.075
7.0 0.57734375 0.45 0.1109375 0.078125
3.0 0.6734375 0.51171875 0.046875 0.1046875
3.0 0.61953125 0.54453125 0.0640625 0.0671875
3.0 0.57578125 0.52265625 0.0140625 0.0546875
3.0 0.46796875 0.4328125 0.0453125 0.059375
3.0 0.509375 0.42109375 0.0375 0.0609375
3.0 0.35390625 0.80625 0.0703125 0.078125
3.0 0.38828125 0.6921875 0.0515625 0.05
3.0 0.41328125 0.63046875 0.0578125 0.0578125
3.0 0.57265625 0.8640625 0.0390625 0.1
3.0 0.61484375 0.8375 0.0296875 0.053125
3.0 0.67890625 0.6953125 0.0890625 0.090625
3.0 0.7703125 0.9625 0.05625 0.0375
7.0 0.3296875 0.10234375 0.075 0.1859375
7.0 0.0640625 0.74453125 0.021875 0.0546875
3.0 0.03046875 0.74921875 0.0359375 0.0796875
3.0 0.3671875 0.9109375 0.09375 0.08125
7.0 0.74765625 0.02890625 0.1234375 0.0515625
7.0 0.86953125 0.04140625 0.0640625 0.0453125
7.0 0.946875 0.09921875 0.05 0.1078125
3.0 0.25859375 0.71015625 0.0390625 0.0609375
7.0 0.571875 0.265625 0.04375 0.05625
3.0 0.5828125 0.40703125 0.03125 0.0359375
7.0 0.77890625 0.37734375 0.0296875 0.0296875
3.0 0.38671875 0.33515625 0.0453125 0.0796875
3.0 0.08203125 0.3234375 0.0234375 0.03125
3.0 0.14765625 0.3609375 0.0234375 0.021875
3.0 0.4046875 0.034375 0.03125 0.053125
3.0 0.78046875 0.86640625 0.0390625 0.0328125
