3.0 0.6515625 0.30859375 0.103125 0.0734375
3.0 0.725 0.3609375 0.115625 0.075
3.0 0.09296875 0.36796875 0.0703125 0.0609375
3.0 0.93203125 0.3859375 0.1078125 0.078125
7.0 0.38515625 0.68046875 0.1234375 0.0953125
3.0 0.0171875 0.79453125 0.034375 0.0453125
7.0 0.42890625 0.3796875 0.1140625 0.09375
7.0 0.5609375 0.4140625 0.125 0.1
7.0 0.5484375 0.475 0.140625 0.109375
7.0 0.3109375 0.46796875 0.0875 0.0671875
3.0 0.3875 0.43125 0.075 0.05625
3.0 0.3578125 0.34609375 0.046875 0.0328125
4.0 0.7546875 0.5796875 0.21875 0.159375
7.0 0.325 0.57734375 0.121875 0.0890625
2.0 0.984375 0.36171875 0.03125 0.1078125
2.0 0.9828125 0.55859375 0.034375 0.0359375
3.0 0.99296875 0.6109375 0.0140625 0.053125
3.0 0.7453125 0.23203125 0.06875 0.0546875
