3.0 0.2171875 0.0328125 0.040625 0.034375
3.0 0.62734375 0.1109375 0.0390625 0.025
3.0 0.84609375 0.4625 0.0390625 0.03125
3.0 0.74140625 0.4234375 0.0453125 0.05
3.0 0.93984375 0.571875 0.0421875 0.025
3.0 0.540625 0.6390625 0.028125 0.028125
3.0 0.5640625 0.7015625 0.03125 0.01875
3.0 0.44140625 0.46015625 0.0515625 0.0234375
3.0 0.53671875 0.3953125 0.0421875 0.028125
3.0 0.2984375 0.0515625 0.053125 0.0375
3.0 0.09375 0.0109375 0.053125 0.021875
3.0 0.5921875 0.24375 0.046875 0.028125
3.0 0.84453125 0.29921875 0.0234375 0.0203125
3.0 0.3265625 0.44375 0.05 0.021875
3.0 0.33125 0.353125 0.03125 0.01875
