3.0 0.5703125 0.12734375 0.08125 0.0578125
7.0 0.678125 0.11171875 0.075 0.0359375
7.0 0.32421875 0.21015625 0.1390625 0.1296875
3.0 0.3171875 0.15546875 0.03125 0.0328125
7.0 0.49375 0.190625 0.078125 0.06875
3.0 0.5109375 0.15859375 0.01875 0.0265625
3.0 0.22890625 0.3875 0.2546875 0.125
3.0 0.16640625 0.54375 0.1546875 0.125
7.0 0.575 0.4859375 0.20625 0.125
3.0 0.04609375 0.36875 0.0859375 0.05
7.0 0.359375 0.53046875 0.109375 0.1015625
3.0 0.9875 0.92265625 0.025 0.0546875
3.0 0.84609375 0.84609375 0.0421875 0.0890625
3.0 0.77734375 0.9234375 0.0640625 0.034375
3.0 0.68515625 0.76171875 0.1109375 0.0921875
3.0 0.51640625 0.95546875 0.1640625 0.0890625
3.0 0.2265625 0.925 0.053125 0.0625
3.0 0.803125 0.52421875 0.05625 0.0359375
3.0 0.87109375 0.55390625 0.0515625 0.0484375
3.0 0.20234375 0.17109375 0.0421875 0.0453125
3.0 0.03203125 0.2375 0.0546875 0.0375
3.0 0.50859375 0.68125 0.0390625 0.046875
3.0 0.565625 0.71328125 0.040625 0.0203125
