2.0 0.43671875 0.6765625 0.1203125 0.18125
3.0 0.9375 0.84453125 0.0625 0.0546875
3.0 0.88828125 0.85703125 0.0453125 0.0609375
3.0 0.85546875 0.93125 0.0484375 0.0375
3.0 0.9203125 0.928125 0.053125 0.028125
3.0 0.95703125 0.95703125 0.0578125 0.0265625
3.0 0.9828125 0.9703125 0.025 0.01875
3.0 0.88125 0.97578125 0.05 0.0265625
3.0 0.71484375 0.73203125 0.0890625 0.0359375
3.0 0.76015625 0.915625 0.0734375 0.040625
2.0 0.7359375 0.64375 0.309375 0.09375
2.0 0.60390625 0.5125 0.2359375 0.09375
2.0 0.42734375 0.34140625 0.2328125 0.0546875
2.0 0.54921875 0.36328125 0.0421875 0.0234375
2.0 0.29296875 0.3328125 0.0578125 0.059375
2.0 0.4015625 0.43984375 0.08125 0.0578125
4.0 0.4359375 0.2375 0.059375 0.096875
3.0 0.89609375 0.08828125 0.0234375 0.0265625
3.0 0.5125 0.08203125 0.046875 0.0296875
3.0 0.50625 0.1171875 0.05625 0.025
3.0 0.54921875 0.05703125 0.0359375 0.0390625
4.0 0.40625 0.165625 0.1 0.04375
3.0 0.56015625 0.40859375 0.0890625 0.0359375
3.0 0.83515625 0.40078125 0.0546875 0.0421875
3.0 0.95703125 0.3609375 0.0328125 0.04375
2.0 0.7859375 0.24296875 0.065625 0.0671875
