7.0 0.771875 0.1765625 0.290625 0.215625
7.0 0.8234375 0.36796875 0.15625 0.1140625
7.0 0.69453125 0.3875 0.2109375 0.16875
7.0 0.60859375 0.35625 0.1515625 0.121875
7.0 0.7640625 0.453125 0.203125 0.15
7.0 0.9203125 0.61171875 0.159375 0.1703125
7.0 0.903125 0.50859375 0.1375 0.1078125
7.0 0.98046875 0.31796875 0.0390625 0.1171875
3.0 0.27421875 0.6578125 0.1078125 0.078125
3.0 0.16640625 0.675 0.1515625 0.109375
3.0 0.609375 0.728125 0.196875 0.128125
3.0 0.59609375 0.875 0.1203125 0.08125
3.0 0.70546875 0.8453125 0.1984375 0.1625
