4.0 0.26640625 0.43828125 0.3578125 0.1296875
4.0 0.13203125 0.55234375 0.2578125 0.1078125
4.0 0.5546875 0.5609375 0.240625 0.203125
4.0 0.2359375 0.2390625 0.434375 0.165625
4.0 0.715625 0.35546875 0.265625 0.1578125
4.0 0.9203125 0.3078125 0.159375 0.175
4.0 0.73984375 0.09921875 0.1984375 0.1984375
4.0 0.94375 0.69609375 0.1125 0.2671875
3.0 0.36640625 0.43828125 0.1296875 0.0765625
3.0 0.10859375 0.5515625 0.1203125 0.0625
3.0 0.51875 0.5375 0.103125 0.14375
3.0 0.68984375 0.3359375 0.1421875 0.06875
3.0 0.93046875 0.29765625 0.1015625 0.1078125
