7.0 0.49375 0.2765625 0.15625 0.125
7.0 0.290625 0.23984375 0.090625 0.0890625
7.0 0.05859375 0.275 0.1140625 0.13125
7.0 0.17890625 0.2921875 0.0328125 0.040625
7.0 0.240625 0.3765625 0.078125 0.071875
7.0 0.47421875 0.37890625 0.0796875 0.0359375
7.0 0.51328125 0.475 0.0921875 0.1125
7.0 0.421875 0.52734375 0.05 0.0515625
7.0 0.87578125 0.32109375 0.0765625 0.0921875
7.0 0.73671875 0.5828125 0.2046875 0.165625
7.0 0.615625 0.584375 0.109375 0.078125
7.0 0.54375 0.68359375 0.10625 0.0796875
7.0 0.4421875 0.6546875 0.06875 0.084375
7.0 0.83125 0.83984375 0.21875 0.0765625
7.0 0.66640625 0.7234375 0.0796875 0.071875
7.0 0.58515625 0.76484375 0.0765625 0.0390625
7.0 0.6390625 0.840625 0.1 0.13125
7.0 0.17890625 0.48828125 0.2359375 0.1515625
3.0 0.1109375 0.53125 0.065625 0.0375
