4.0 0.209375 0.109375 0.240625 0.21875
4.0 0.34609375 0.390625 0.1859375 0.1625
3.0 0.4 0.33671875 0.0375 0.0359375
4.0 0.1265625 0.415625 0.19375 0.159375
3.0 0.08984375 0.47265625 0.0171875 0.0203125
4.0 0.6703125 0.38359375 0.103125 0.1078125
4.0 0.5703125 0.39921875 0.103125 0.1171875
4.0 0.4515625 0.24140625 0.2 0.0671875
4.0 0.603125 0.06484375 0.175 0.1296875
4.0 0.44765625 0.07734375 0.0890625 0.0578125
3.0 0.47265625 0.02109375 0.0765625 0.0421875
3.0 0.45234375 0.06484375 0.0703125 0.0265625
3.0 0.4609375 0.08828125 0.0375 0.0109375
3.0 0.6140625 0.0453125 0.04375 0.059375
3.0 0.6921875 0.04453125 0.03125 0.0390625
3.0 0.7265625 0.3171875 0.021875 0.015625
3.0 0.80625 0.1703125 0.084375 0.046875
4.0 0.70546875 0.8234375 0.2265625 0.346875
7.0 0.34140625 0.96015625 0.2984375 0.0515625
7.0 0.39765625 0.8796875 0.0984375 0.10625
7.0 0.59765625 0.7390625 0.0359375 0.028125
7.0 0.70078125 0.72265625 0.0328125 0.0359375
3.0 0.321875 0.76875 0.046875 0.0375
4.0 0.3953125 0.740625 0.1375 0.065625
4.0 0.39609375 0.63828125 0.1515625 0.1078125
4.0 0.2671875 0.6359375 0.065625 0.1125
