3.0 0.50703125 0.865625 0.0453125 0.06875
3.0 0.21953125 0.02265625 0.0421875 0.0359375
3.0 0.25078125 0.06640625 0.0265625 0.0515625
3.0 0.24453125 0.11875 0.0390625 0.040625
7.0 0.49765625 0.66796875 0.1296875 0.2234375
7.0 0.63515625 0.52265625 0.1953125 0.0609375
7.0 0.48125 0.51015625 0.05 0.0265625
7.0 0.371875 0.484375 0.240625 0.09375
3.0 0.1875 0.49140625 0.059375 0.0328125
7.0 0.43046875 0.33203125 0.2203125 0.0796875
7.0 0.4828125 0.41171875 0.071875 0.0328125
7.0 0.65 0.3546875 0.1 0.03125
7.0 0.70390625 0.42578125 0.1484375 0.0546875
