3.0 0.690625 0.0125 0.084375 0.025
3.0 0.74765625 0.04765625 0.0328125 0.0546875
3.0 0.896875 0.12109375 0.034375 0.0671875
3.0 0.6125 0.0703125 0.128125 0.03125
3.0 0.53359375 0.1625 0.1984375 0.13125
3.0 0.4546875 0.28203125 0.1125 0.0578125
3.0 0.365625 0.3078125 0.084375 0.0625
3.0 0.23984375 0.4578125 0.0484375 0.0375
3.0 0.62109375 0.4765625 0.0609375 0.04375
3.0 0.49765625 0.75703125 0.1984375 0.2046875
3.0 0.1890625 0.05703125 0.13125 0.1140625
4.0 0.434375 0.72265625 0.53125 0.2421875
4.0 0.3359375 0.48671875 0.665625 0.1546875
2.0 0.81875 0.16171875 0.10625 0.0734375
2.0 0.69375 0.24140625 0.203125 0.0921875
2.0 0.50390625 0.15390625 0.1109375 0.0828125
2.0 0.1859375 0.51328125 0.3625 0.1203125
2.0 0.509375 0.43125 0.25625 0.08125
2.0 0.4796875 0.5375 0.15625 0.05625
