7.0 0.32421875 0.19140625 0.0671875 0.1078125
7.0 0.36328125 0.24921875 0.0421875 0.0296875
7.0 0.2984375 0.2625 0.0375 0.015625
7.0 0.19453125 0.37421875 0.1796875 0.0734375
7.0 0.44140625 0.3515625 0.1765625 0.078125
7.0 0.35 0.31171875 0.04375 0.0234375
7.0 0.46796875 0.45078125 0.1109375 0.1015625
7.0 0.28203125 0.475 0.0953125 0.046875
7.0 0.24765625 0.53203125 0.1109375 0.0609375
7.0 0.42890625 0.728125 0.1265625 0.11875
7.0 0.371875 0.6734375 0.15 0.08125
7.0 0.23515625 0.83828125 0.1671875 0.1328125
7.0 0.3828125 0.8984375 0.134375 0.134375
