7.0 0.7765625 0.4859375 0.08125 0.18125
7.0 0.6125 0.534375 0.10625 0.29375
7.0 0.68046875 0.8328125 0.1515625 0.20625
7.0 0.87265625 0.840625 0.1671875 0.315625
7.0 0.4953125 0.2546875 0.096875 0.121875
7.0 0.578125 0.1046875 0.090625 0.065625
7.0 0.41796875 0.728125 0.1640625 0.146875
7.0 0.49296875 0.6265625 0.0671875 0.178125
7.0 0.53984375 0.65234375 0.0546875 0.0578125
7.0 0.16953125 0.590625 0.0640625 0.225
7.0 0.03828125 0.571875 0.0765625 0.115625
7.0 0.6125 0.0296875 0.09375 0.059375
7.0 0.78125 0.07578125 0.065625 0.1109375
7.0 0.69609375 0.546875 0.0859375 0.2
