3.0 0.8171875 0.0375 0.125 0.05
3.0 0.45859375 0.1328125 0.0734375 0.0625
3.0 0.38359375 0.121875 0.0640625 0.05
3.0 0.50546875 0.35390625 0.0421875 0.0671875
7.0 0.1046875 0.60078125 0.190625 0.4046875
7.0 0.140625 0.93671875 0.075 0.1203125
7.0 0.63984375 0.26875 0.1828125 0.23125
7.0 0.790625 0.22109375 0.0625 0.0859375
7.0 0.7375 0.54453125 0.1 0.0828125
7.0 0.85859375 0.6625 0.2703125 0.175
7.0 0.465625 0.69765625 0.109375 0.1046875
7.0 0.3671875 0.63203125 0.121875 0.2515625
7.0 0.5765625 0.7890625 0.115625 0.225
7.0 0.91484375 0.1484375 0.0796875 0.115625
7.0 0.965625 0.2796875 0.0625 0.14375
7.0 0.7421875 0.44375 0.096875 0.08125
