7.0 0.3734375 0.690625 0.253125 0.153125
4.0 0.396875 0.70078125 0.29375 0.2578125
4.0 0.309375 0.2890625 0.165625 0.09375
4.0 0.21015625 0.5375 0.1765625 0.115625
7.0 0.12265625 0.4875 0.0890625 0.078125
7.0 0.17734375 0.44453125 0.1015625 0.0359375
4.0 0.50859375 0.52890625 0.1671875 0.1015625
7.0 0.5546875 0.5515625 0.0875 0.05
7.0 0.52265625 0.25078125 0.1390625 0.0703125
3.0 0.43125 0.13359375 0.0625 0.0328125
4.0 0.23984375 0.20390625 0.2671875 0.1953125
3.0 0.23515625 0.12578125 0.1359375 0.0390625
7.0 0.109375 0.34453125 0.16875 0.1109375
7.0 0.0359375 0.60078125 0.071875 0.0953125
7.0 0.06484375 0.646875 0.1265625 0.075
3.0 0.62109375 0.80859375 0.0890625 0.0890625
3.0 0.5671875 0.70703125 0.04375 0.0328125
4.0 0.82421875 0.68203125 0.1390625 0.0859375
3.0 0.93671875 0.8453125 0.0921875 0.046875
3.0 0.89140625 0.72265625 0.0578125 0.0703125
4.0 0.9640625 0.403125 0.071875 0.121875
7.0 0.9734375 0.39375 0.053125 0.06875
7.0 0.98515625 0.31640625 0.0296875 0.0609375
4.0 0.87265625 0.22421875 0.0828125 0.0890625
4.0 0.70625 0.21953125 0.140625 0.1515625
3.0 0.60390625 0.19296875 0.0578125 0.0359375
3.0 0.5265625 0.2984375 0.071875 0.04375
