3.0 0.2546875 0.4609375 0.0375 0.071875
3.0 0.41796875 0.9578125 0.0359375 0.08125
3.0 0.40390625 0.83828125 0.0203125 0.0359375
3.0 0.44921875 0.85 0.0390625 0.0625
3.0 0.22109375 0.86953125 0.0359375 0.0484375
3.0 0.184375 0.90546875 0.01875 0.0671875
3.0 0.0625 0.8421875 0.053125 0.05625
3.0 0.03046875 0.9234375 0.0328125 0.090625
3.0 0.028125 0.50234375 0.046875 0.0453125
3.0 0.1 0.55390625 0.071875 0.0484375
3.0 0.340625 0.90703125 0.028125 0.0578125
3.0 0.31796875 0.690625 0.0703125 0.053125
3.0 0.48203125 0.96953125 0.0484375 0.0515625
3.0 0.58125 0.54453125 0.03125 0.0546875
3.0 0.63125 0.5203125 0.028125 0.071875
