3.0 0.30859375 0.4328125 0.0421875 0.028125
3.0 0.340625 0.26015625 0.075 0.0296875
3.0 0.253125 0.2515625 0.034375 0.03125
3.0 0.746875 0.19375 0.259375 0.078125
3.0 0.6609375 0.27890625 0.1 0.0515625
3.0 0.67421875 0.359375 0.1296875 0.08125
3.0 0.83671875 0.46171875 0.0671875 0.0453125
3.0 0.76015625 0.515625 0.0609375 0.028125
3.0 0.915625 0.5328125 0.0875 0.040625
3.0 0.26015625 0.86171875 0.0671875 0.0640625
3.0 0.15078125 0.51484375 0.0640625 0.0390625
3.0 0.221875 0.4578125 0.046875 0.040625
3.0 0.31953125 0.35625 0.0765625 0.04375
