7.0 0.0421875 0.03203125 0.084375 0.0640625
7.0 0.8796875 0.2265625 0.19375 0.259375
3.0 0.559375 0.0453125 0.278125 0.090625
3.0 0.62734375 0.1359375 0.0734375 0.059375
3.0 0.17578125 0.21015625 0.1296875 0.0765625
3.0 0.2640625 0.4171875 0.528125 0.2625
3.0 0.08359375 0.6046875 0.1296875 0.084375
3.0 0.23359375 0.74375 0.4671875 0.178125
3.0 0.62578125 0.51796875 0.0984375 0.1578125
3.0 0.128125 0.88515625 0.10625 0.0828125
7.0 0.50390625 0.95546875 0.3859375 0.0890625
3.0 0.90703125 0.975 0.0515625 0.05
7.0 0.890625 0.9171875 0.21875 0.103125
3.0 0.11015625 0.109375 0.1265625 0.071875
3.0 0.41171875 0.22421875 0.1328125 0.1015625
3.0 0.9234375 0.63359375 0.096875 0.0421875
3.0 0.75 0.58984375 0.0875 0.0453125
3.0 0.89453125 0.5609375 0.1453125 0.078125
7.0 0.58046875 0.72265625 0.1640625 0.1328125
