4.0 0.528125 0.3203125 0.3625 0.36875
4.0 0.82421875 0.12421875 0.3484375 0.1984375
4.0 0.8734375 0.54453125 0.253125 0.2984375
4.0 0.10078125 0.93203125 0.1140625 0.1296875
3.0 0.32734375 0.934375 0.0921875 0.078125
3.0 0.4359375 0.94609375 0.078125 0.0984375
3.0 0.26015625 0.80859375 0.0578125 0.0515625
3.0 0.621875 0.27890625 0.14375 0.2265625
3.0 0.48125 0.253125 0.1375 0.140625
3.0 0.42265625 0.446875 0.1296875 0.08125
3.0 0.94140625 0.4703125 0.0828125 0.090625
3.0 0.846875 0.63359375 0.059375 0.0515625
3.0 0.78515625 0.60390625 0.0609375 0.0671875
3.0 0.1875 0.3078125 0.065625 0.078125
