7.0 0.1953125 0.43046875 0.13125 0.0953125
7.0 0.41796875 0.4734375 0.1015625 0.1
7.0 0.31328125 0.4703125 0.0515625 0.040625
7.0 0.53984375 0.38203125 0.1421875 0.0765625
7.0 0.67890625 0.69296875 0.1796875 0.2015625
7.0 0.5421875 0.7328125 0.084375 0.078125
7.0 0.4234375 0.6578125 0.04375 0.040625
3.0 0.46875 0.69765625 0.028125 0.0234375
3.0 0.46640625 0.6734375 0.0328125 0.034375
7.0 0.70234375 0.28359375 0.1421875 0.0765625
7.0 0.85 0.30546875 0.115625 0.0546875
7.0 0.83125 0.2265625 0.05625 0.04375
7.0 0.784375 0.47421875 0.1125 0.0609375
7.0 0.6171875 0.44609375 0.034375 0.0421875
7.0 0.66796875 0.390625 0.0640625 0.034375
7.0 0.72734375 0.4109375 0.0578125 0.03125
7.0 0.02578125 0.63671875 0.0515625 0.0640625
7.0 0.0171875 0.56953125 0.034375 0.0296875
7.0 0.05625 0.41875 0.1125 0.05
7.0 0.0515625 0.4921875 0.075 0.0375
7.0 0.1296875 0.55546875 0.025 0.0171875
7.0 0.26328125 0.58828125 0.0734375 0.0890625
3.0 0.18046875 0.60625 0.0265625 0.015625
7.0 0.025 0.1640625 0.05 0.028125
7.0 0.00390625 0.24375 0.0078125 0.021875
7.0 0.08515625 0.5140625 0.0328125 0.0375
3.0 0.21640625 0.6234375 0.0171875 0.01875
