4.0 0.50390625 0.85703125 0.7296875 0.2828125
3.0 0.62421875 0.89140625 0.1953125 0.0765625
3.0 0.7984375 0.74609375 0.10625 0.0484375
3.0 0.39140625 0.7828125 0.0359375 0.034375
4.0 0.06875 0.884375 0.13125 0.1625
3.0 0.65546875 0.98359375 0.0390625 0.0265625
3.0 0.50859375 0.71640625 0.0453125 0.0515625
3.0 0.5703125 0.66640625 0.090625 0.0234375
4.0 0.5484375 0.70234375 0.190625 0.0890625
4.0 0.80390625 0.63046875 0.2046875 0.1921875
3.0 0.8046875 0.884375 0.0625 0.059375
3.0 0.74375 0.6921875 0.05625 0.040625
3.0 0.775 0.6203125 0.1125 0.0625
3.0 0.26171875 0.51796875 0.1328125 0.1390625
3.0 0.2140625 0.38046875 0.071875 0.0484375
3.0 0.440625 0.4140625 0.059375 0.0875
3.0 0.59765625 0.47734375 0.1609375 0.1015625
3.0 0.74375 0.425 0.0375 0.025
4.0 0.903125 0.27890625 0.146875 0.2515625
4.0 0.65078125 0.35078125 0.4953125 0.3796875
3.0 0.31015625 0.16796875 0.1703125 0.0765625
3.0 0.35078125 0.22109375 0.0546875 0.0203125
3.0 0.33828125 0.3484375 0.0359375 0.025
3.0 0.115625 0.42109375 0.04375 0.0359375
4.0 0.93515625 0.94765625 0.1203125 0.0859375
3.0 0.97265625 0.65703125 0.0546875 0.0328125
3.0 0.96640625 0.55234375 0.0640625 0.0765625
4.0 0.7828125 0.5171875 0.11875 0.10625
4.0 0.49453125 0.6140625 0.0921875 0.075
