3.0 0.26796875 0.0609375 0.0953125 0.08125
3.0 0.1421875 0.065625 0.071875 0.05625
7.0 0.1390625 0.23515625 0.05625 0.0578125
7.0 0.82734375 0.5046875 0.1453125 0.25
7.0 0.92421875 0.34765625 0.1484375 0.0734375
7.0 0.9640625 0.40390625 0.065625 0.0703125
7.0 0.77890625 0.35546875 0.1328125 0.0515625
7.0 0.59453125 0.41796875 0.0421875 0.0359375
7.0 0.46640625 0.49765625 0.2859375 0.1546875
7.0 0.596875 0.60390625 0.13125 0.0890625
3.0 0.65390625 0.36328125 0.0390625 0.0234375
3.0 0.634375 0.38125 0.040625 0.021875
7.0 0.2859375 0.73203125 0.246875 0.1546875
3.0 0.08828125 0.68828125 0.0546875 0.0203125
7.0 0.4296875 0.64375 0.05625 0.040625
7.0 0.60859375 0.771875 0.1234375 0.115625
7.0 0.528125 0.87109375 0.1875 0.0765625
7.0 0.36796875 0.590625 0.1203125 0.028125
