3.0 0.86015625 0.9203125 0.0734375 0.05625
3.0 0.884375 0.8484375 0.025 0.046875
3.0 0.95703125 0.79375 0.0546875 0.0625
7.0 0.52890625 0.61484375 0.2859375 0.1421875
4.0 0.28046875 0.52421875 0.2953125 0.3203125
4.0 0.58046875 0.44765625 0.2609375 0.2109375
3.0 0.28046875 0.525 0.0609375 0.025
3.0 0.36796875 0.571875 0.0703125 0.0375
3.0 0.21171875 0.52109375 0.0671875 0.1328125
3.0 0.34921875 0.4203125 0.0859375 0.0625
7.0 0.20390625 0.71796875 0.0515625 0.0609375
3.0 0.9046875 0.43828125 0.059375 0.0703125
