4.0 0.653125 0.559375 0.20625 0.30625
4.0 0.47265625 0.4984375 0.3046875 0.384375
3.0 0.62578125 0.496875 0.1203125 0.115625
3.0 0.63359375 0.64453125 0.1796875 0.0859375
3.0 0.503125 0.359375 0.1125 0.103125
3.0 0.37890625 0.5703125 0.1328125 0.04375
3.0 0.56015625 0.9625 0.2015625 0.06875
3.0 0.38828125 0.94921875 0.2671875 0.0953125
3.0 0.15078125 0.51953125 0.2734375 0.1546875
4.0 0.04140625 0.12421875 0.0828125 0.0984375
3.0 0.021875 0.11953125 0.04375 0.0515625
4.0 0.57265625 0.8828125 0.1078125 0.071875
