4.0 0.09140625 0.81875 0.1796875 0.25
7.0 0.04140625 0.453125 0.0796875 0.0625
7.0 0.17578125 0.378125 0.1765625 0.125
7.0 0.14609375 0.103125 0.0390625 0.20625
7.0 0.30078125 0.14921875 0.0765625 0.1453125
7.0 0.39453125 0.0765625 0.1015625 0.1
7.0 0.81015625 0.584375 0.2109375 0.33125
7.0 0.840625 0.26015625 0.146875 0.1890625
3.0 0.084375 0.18671875 0.053125 0.0609375
4.0 0.73046875 0.39140625 0.1609375 0.1734375
3.0 0.8125 0.3046875 0.01875 0.05625
3.0 0.90234375 0.3234375 0.0453125 0.05625
3.0 0.25546875 0.57421875 0.0890625 0.0890625
4.0 0.56484375 0.33046875 0.0953125 0.1359375
