7.0 0.78515625 0.7765625 0.2859375 0.11875
3.0 0.92265625 0.93125 0.0703125 0.025
3.0 0.9546875 0.909375 0.05 0.021875
7.0 0.7328125 0.9328125 0.11875 0.128125
3.0 0.7015625 0.9796875 0.034375 0.0375
7.0 0.6328125 0.9296875 0.034375 0.034375
7.0 0.47578125 0.9609375 0.0734375 0.065625
7.0 0.6875 0.66484375 0.065625 0.0390625
3.0 0.9484375 0.55703125 0.05625 0.0453125
3.0 0.990625 0.59140625 0.015625 0.0203125
3.0 0.54296875 0.51640625 0.0328125 0.0421875
3.0 0.11953125 0.51640625 0.0421875 0.0296875
3.0 0.1875 0.496875 0.034375 0.015625
3.0 0.23984375 0.853125 0.0328125 0.028125
7.0 0.62265625 0.765625 0.0359375 0.04375
7.0 0.4171875 0.796875 0.046875 0.03125
7.0 0.803125 0.59296875 0.075 0.0765625
7.0 0.665625 0.60234375 0.059375 0.0546875
7.0 0.765625 0.37890625 0.065625 0.0453125
7.0 0.45859375 0.42578125 0.0453125 0.0453125
7.0 0.50546875 0.4734375 0.0390625 0.034375
3.0 0.4734375 0.4078125 0.071875 0.084375
3.0 0.9671875 0.3734375 0.0375 0.0375
3.0 0.93828125 0.3484375 0.0390625 0.0375
3.0 0.9234375 0.246875 0.028125 0.03125
3.0 0.97578125 0.20859375 0.0328125 0.0484375
3.0 0.96484375 0.0921875 0.0296875 0.01875
7.0 0.59296875 0.11171875 0.1640625 0.0953125
7.0 0.5328125 0.25390625 0.153125 0.0671875
7.0 0.31015625 0.28046875 0.0765625 0.0421875
7.0 0.09609375 0.33359375 0.1578125 0.0609375
7.0 0.7671875 0.1984375 0.10625 0.059375
7.0 0.45546875 0.17890625 0.0828125 0.0671875
3.0 0.4046875 0.3703125 0.021875 0.034375
7.0 0.51953125 0.3125 0.1515625 0.04375
7.0 0.9765625 0.68671875 0.04375 0.0765625
3.0 0.17421875 0.425 0.0515625 0.028125
3.0 0.334375 0.34921875 0.04375 0.0265625
7.0 0.2375 0.415625 0.05625 0.040625
7.0 0.16171875 0.47265625 0.1015625 0.0390625
7.0 0.2515625 0.4390625 0.034375 0.034375
7.0 0.2328125 0.521875 0.04375 0.0375
7.0 0.17578125 0.6 0.1046875 0.040625
3.0 0.5671875 0.9015625 0.04375 0.021875
7.0 0.26171875 0.940625 0.1453125 0.046875
7.0 0.35859375 0.9796875 0.0421875 0.01875
