6.0 0.1875 0.68046875 0.375 0.5078125
3.0 0.74609375 0.428125 0.1859375 0.184375
3.0 0.028125 0.15078125 0.05625 0.1265625
3.0 0.46796875 0.58671875 0.1796875 0.0546875
3.0 0.55546875 0.4515625 0.0984375 0.10625
3.0 0.59453125 0.36171875 0.1109375 0.0515625
3.0 0.75390625 0.3015625 0.1078125 0.059375
3.0 0.0671875 0.35625 0.1125 0.109375
3.0 0.23046875 0.4421875 0.1734375 0.125
3.0 0.81953125 0.75625 0.1890625 0.14375
3.0 0.703125 0.8546875 0.084375 0.06875
3.0 0.3265625 0.99375 0.1 0.0125
3.0 0.07421875 0.9703125 0.1484375 0.059375
3.0 0.41015625 0.91484375 0.0671875 0.0515625
3.0 0.95234375 0.0421875 0.0953125 0.084375
6.0 0.68984375 0.13671875 0.1671875 0.1453125
6.0 0.8984375 0.16953125 0.196875 0.1140625
6.0 0.53046875 0.12578125 0.1640625 0.1546875
3.0 0.521875 0.0984375 0.071875 0.0875
