3.0 0.13984375 0.934375 0.0515625 0.078125
3.0 0.11328125 0.8421875 0.0609375 0.053125
7.0 0.2625 0.8359375 0.178125 0.190625
3.0 0.05703125 0.55078125 0.1015625 0.1203125
7.0 0.74765625 0.87734375 0.1828125 0.0859375
7.0 0.53125 0.6078125 0.103125 0.13125
7.0 0.665625 0.64765625 0.071875 0.0890625
7.0 0.71484375 0.578125 0.1015625 0.096875
7.0 0.89296875 0.384375 0.2140625 0.153125
3.0 0.58125 0.33828125 0.18125 0.1390625
3.0 0.39140625 0.4984375 0.2234375 0.075
3.0 0.3859375 0.16171875 0.0625 0.0703125
3.0 0.46015625 0.121875 0.0515625 0.040625
3.0 0.7859375 0.0859375 0.10625 0.06875
3.0 0.93359375 0.13515625 0.1328125 0.0796875
7.0 0.3515625 0.240625 0.20625 0.090625
7.0 0.14296875 0.103125 0.2796875 0.121875
7.0 0.15234375 0.346875 0.1734375 0.096875
3.0 0.8890625 0.0375 0.0375 0.05
