4.0 0.46171875 0.0328125 0.3390625 0.065625
4.0 0.06953125 0.09296875 0.1390625 0.1796875
4.0 0.4421875 0.28046875 0.515625 0.3546875
4.0 0.0515625 0.31875 0.103125 0.115625
3.0 0.02109375 0.31328125 0.0421875 0.0671875
4.0 0.92890625 0.1484375 0.1421875 0.1375
4.0 0.09140625 0.8390625 0.1828125 0.2375
3.0 0.03046875 0.765625 0.0609375 0.090625
3.0 0.08984375 0.89140625 0.1796875 0.1265625
3.0 0.49609375 0.6984375 0.0984375 0.046875
4.0 0.63671875 0.653125 0.3171875 0.2375
4.0 0.840625 0.57421875 0.31875 0.1453125
3.0 0.55234375 0.5953125 0.1203125 0.08125
3.0 0.628125 0.6765625 0.171875 0.05625
3.0 0.721875 0.63125 0.05625 0.034375
3.0 0.934375 0.57109375 0.13125 0.1171875
4.0 0.46171875 0.9390625 0.3453125 0.121875
4.0 0.1234375 0.98515625 0.121875 0.0296875
3.0 0.95859375 0.87578125 0.0828125 0.0453125
4.0 0.984375 0.32890625 0.03125 0.1265625
