7.0 0.15234375 0.55703125 0.1421875 0.1796875
3.0 0.06875 0.41640625 0.04375 0.0328125
7.0 0.0203125 0.54375 0.040625 0.053125
7.0 0.56171875 0.565625 0.1265625 0.109375
3.0 0.72109375 0.54609375 0.0546875 0.0546875
7.0 0.5109375 0.35078125 0.13125 0.0828125
7.0 0.2015625 0.25625 0.04375 0.053125
3.0 0.9234375 0.53359375 0.046875 0.0953125
7.0 0.6796875 0.1890625 0.046875 0.090625
7.0 0.58203125 0.128125 0.0859375 0.11875
7.0 0.98125 0.05859375 0.034375 0.0515625
7.0 0.36015625 0.54140625 0.0546875 0.0828125
7.0 0.10078125 0.69453125 0.0734375 0.0828125
