5.0 0.15625 0.3546875 0.30625 0.128125
5.0 0.234375 0.3234375 0.228125 0.240625
5.0 0.26796875 0.13515625 0.3328125 0.1359375
5.0 0.58203125 0.21484375 0.1328125 0.0953125
5.0 0.53359375 0.4546875 0.1703125 0.09375
3.0 0.7359375 0.9828125 0.071875 0.034375
4.0 0.765625 0.21015625 0.19375 0.2328125
5.0 0.76640625 0.96796875 0.2484375 0.0640625
3.0 0.1328125 0.38359375 0.103125 0.0265625
3.0 0.24296875 0.16875 0.0703125 0.053125
3.0 0.35 0.13359375 0.140625 0.0484375
5.0 0.1890625 0.41953125 0.090625 0.0390625
5.0 0.55234375 0.609375 0.1078125 0.153125
