4.0 0.25703125 0.37734375 0.1734375 0.1203125
6.0 0.759375 0.6078125 0.2 0.084375
3.0 0.8390625 0.88828125 0.159375 0.1390625
6.0 0.65625 0.1390625 0.228125 0.078125
3.0 0.234375 0.27578125 0.05625 0.0359375
3.0 0.01640625 0.34453125 0.0328125 0.0640625
3.0 0.425 0.1609375 0.040625 0.065625
3.0 0.8359375 0.2546875 0.075 0.090625
3.0 0.88359375 0.0546875 0.0515625 0.021875
3.0 0.8640625 0.07890625 0.0375 0.0171875
3.0 0.80234375 0.09140625 0.0328125 0.0265625
3.0 0.85546875 0.44609375 0.0484375 0.0484375
3.0 0.7796875 0.4890625 0.05 0.05
3.0 0.88984375 0.56328125 0.0734375 0.0578125
3.0 0.95625 0.6765625 0.08125 0.028125
3.0 0.94453125 0.72734375 0.1015625 0.0546875
3.0 0.24453125 0.75234375 0.0796875 0.0734375
3.0 0.19921875 0.58359375 0.1046875 0.0515625
3.0 0.13359375 0.64453125 0.0609375 0.0515625
3.0 0.096875 0.72734375 0.059375 0.0515625
3.0 0.1125 0.76796875 0.0875 0.0296875
3.0 0.4765625 0.96796875 0.090625 0.0359375
3.0 0.4828125 0.821875 0.08125 0.034375
6.0 0.65390625 0.70703125 0.1078125 0.1296875
3.0 0.64140625 0.65390625 0.0390625 0.0296875
3.0 0.74296875 0.81171875 0.0484375 0.0453125
