3.0 0.02734375 0.5859375 0.0546875 0.065625
7.0 0.6625 0.63515625 0.109375 0.1890625
7.0 0.48125 0.75703125 0.178125 0.1578125
7.0 0.7859375 0.55703125 0.215625 0.0984375
3.0 0.9015625 0.64453125 0.1375 0.0578125
7.0 0.440625 0.34453125 0.278125 0.1171875
7.0 0.72109375 0.0796875 0.1515625 0.10625
7.0 0.3015625 0.16328125 0.153125 0.1203125
4.0 0.1921875 0.4203125 0.20625 0.0625
3.0 0.7875 0.1984375 0.03125 0.0375
3.0 0.959375 0.0671875 0.071875 0.0375
3.0 0.89140625 0.0546875 0.0421875 0.053125
