4.0 0.31328125 0.16640625 0.5671875 0.3296875
3.0 0.4546875 0.03046875 0.065625 0.0578125
3.0 0.35 0.0375 0.078125 0.034375
3.0 0.26640625 0.253125 0.0390625 0.0375
3.0 0.45 0.2328125 0.21875 0.053125
3.0 0.390625 0.3078125 0.078125 0.03125
3.0 0.73828125 0.2671875 0.0703125 0.040625
3.0 0.62421875 0.22890625 0.0546875 0.0671875
3.0 0.653125 0.09453125 0.0375 0.0234375
4.0 0.72421875 0.40390625 0.4453125 0.1640625
4.0 0.66953125 0.40234375 0.2828125 0.1390625
3.0 0.82265625 0.3859375 0.0234375 0.03125
3.0 0.77265625 0.53203125 0.2515625 0.0734375
3.0 0.8546875 0.58359375 0.084375 0.0265625
3.0 0.984375 0.49921875 0.03125 0.0359375
3.0 0.4578125 0.55234375 0.084375 0.0640625
3.0 0.32265625 0.73125 0.0546875 0.034375
3.0 0.1796875 0.83125 0.1 0.03125
3.0 0.21171875 0.91640625 0.0765625 0.0953125
3.0 0.06640625 0.7421875 0.0890625 0.10625
7.0 0.1578125 0.6171875 0.165625 0.171875
3.0 0.06796875 0.06796875 0.0640625 0.0421875
3.0 0.01640625 0.06796875 0.0203125 0.0484375
3.0 0.36015625 0.16875 0.1390625 0.0375
3.0 0.33671875 0.4875 0.0265625 0.025
