7.0 0.21640625 0.02890625 0.2109375 0.0578125
7.0 0.5515625 0.14453125 0.38125 0.2578125
7.0 0.828125 0.15859375 0.109375 0.1640625
7.0 0.81875 0.028125 0.1625 0.05625
7.0 0.04609375 0.46171875 0.0921875 0.1640625
4.0 0.2578125 0.578125 0.30625 0.10625
4.0 0.07421875 0.7890625 0.1484375 0.203125
4.0 0.68046875 0.58984375 0.4046875 0.1828125
4.0 0.60546875 0.8859375 0.2765625 0.228125
4.0 0.378125 0.796875 0.128125 0.19375
3.0 0.69140625 0.603125 0.1546875 0.053125
3.0 0.78359375 0.53984375 0.1703125 0.0953125
3.0 0.66875 0.65390625 0.25 0.0296875
3.0 0.659375 0.94921875 0.090625 0.1015625
3.0 0.0453125 0.7484375 0.090625 0.0625
