4.0 0.078125 0.9375 0.153125 0.11875
7.0 0.11484375 0.9796875 0.0328125 0.021875
4.0 0.115625 0.478125 0.1375 0.15625
4.0 0.625 0.50703125 0.215625 0.2890625
3.0 0.62734375 0.56484375 0.1953125 0.0984375
3.0 0.61328125 0.43515625 0.1046875 0.0703125
4.0 0.76875 0.33125 0.1625 0.171875
3.0 0.77890625 0.34765625 0.1328125 0.1203125
3.0 0.971875 0.4609375 0.05625 0.084375
3.0 0.78984375 0.52265625 0.0890625 0.0703125
4.0 0.953125 0.290625 0.09375 0.175
3.0 0.90703125 0.2546875 0.0484375 0.03125
3.0 0.98515625 0.221875 0.0265625 0.028125
4.0 0.8859375 0.33515625 0.08125 0.0765625
3.0 0.30859375 0.16484375 0.0484375 0.0390625
4.0 0.37890625 0.646875 0.1328125 0.121875
3.0 0.2125 0.66796875 0.078125 0.0734375
4.0 0.05234375 0.696875 0.1015625 0.065625
3.0 0.95703125 0.53125 0.0828125 0.028125
3.0 0.88203125 0.10859375 0.1390625 0.1109375
3.0 0.36640625 0.26015625 0.0453125 0.0609375
7.0 0.346875 0.30859375 0.0375 0.0328125
