4.0 0.109375 0.4921875 0.21875 0.115625
4.0 0.5015625 0.3703125 0.309375 0.084375
4.0 0.27578125 0.2609375 0.1140625 0.06875
4.0 0.165625 0.8078125 0.146875 0.1125
4.0 0.10625 0.6953125 0.1125 0.140625
4.0 0.0109375 0.33125 0.021875 0.115625
4.0 0.03359375 0.134375 0.0671875 0.05625
4.0 0.11015625 0.1703125 0.1484375 0.125
4.0 0.17578125 0.40859375 0.0984375 0.0703125
4.0 0.90703125 0.38203125 0.1859375 0.1140625
4.0 0.828125 0.67421875 0.165625 0.2203125
3.0 0.14765625 0.85 0.0546875 0.025
3.0 0.1734375 0.6046875 0.05625 0.04375
3.0 0.1453125 0.521875 0.04375 0.046875
3.0 0.1796875 0.3171875 0.103125 0.075
3.0 0.1859375 0.15859375 0.05625 0.0421875
3.0 0.02421875 0.12890625 0.0484375 0.0390625
3.0 0.3 0.24609375 0.046875 0.0390625
3.0 0.37734375 0.16953125 0.0578125 0.0578125
3.0 0.41953125 0.37421875 0.0359375 0.0859375
3.0 0.38046875 0.3140625 0.0453125 0.021875
3.0 0.87578125 0.2953125 0.0546875 0.05
3.0 0.8421875 0.18125 0.128125 0.053125
3.0 0.9796875 0.35078125 0.040625 0.0296875
3.0 0.9890625 0.31484375 0.021875 0.0328125
3.0 0.978125 0.6859375 0.04375 0.075
3.0 0.73203125 0.85078125 0.0671875 0.0640625
