2.0 0.2328125 0.7890625 0.171875 0.259375
3.0 0.9484375 0.9953125 0.090625 0.009375
3.0 0.63046875 0.86875 0.1265625 0.05
2.0 0.66015625 0.74140625 0.4421875 0.1328125
2.0 0.471875 0.55390625 0.3375 0.1359375
2.0 0.21953125 0.309375 0.3328125 0.078125
2.0 0.39296875 0.34140625 0.0609375 0.0328125
2.0 0.034375 0.296875 0.06875 0.084375
2.0 0.1828125 0.45078125 0.115625 0.0828125
4.0 0.23125 0.1609375 0.084375 0.1375
3.0 0.33125 0.00390625 0.08125 0.0078125
4.0 0.18828125 0.05859375 0.1421875 0.0609375
3.0 0.409375 0.40625 0.128125 0.05
3.0 0.8015625 0.3953125 0.078125 0.059375
3.0 0.9765625 0.33828125 0.046875 0.0640625
2.0 0.7328125 0.16953125 0.09375 0.0953125
