4.0 0.11796875 0.63125 0.1515625 0.134375
4.0 0.3359375 0.86015625 0.140625 0.1328125
5.0 0.59296875 0.7453125 0.2765625 0.2125
4.0 0.2078125 0.55625 0.2 0.09375
5.0 0.3953125 0.334375 0.309375 0.2125
5.0 0.60078125 0.2203125 0.2390625 0.18125
5.0 0.6484375 0.42890625 0.28125 0.1765625
5.0 0.8125 0.60546875 0.096875 0.1015625
3.0 0.878125 0.68359375 0.24375 0.0546875
3.0 0.6234375 0.29140625 0.084375 0.0515625
3.0 0.1984375 0.53203125 0.165625 0.0296875
5.0 0.0734375 0.89375 0.075 0.115625
5.0 0.403125 0.59609375 0.1375 0.0953125
