3.0 0.51015625 0.05625 0.3078125 0.1125
3.0 0.02578125 0.3921875 0.0515625 0.13125
3.0 0.1171875 0.25 0.103125 0.090625
3.0 0.41796875 0.43359375 0.3828125 0.3484375
3.0 0.9671875 0.55 0.065625 0.109375
3.0 0.73359375 0.33828125 0.1046875 0.0921875
3.0 0.62421875 0.646875 0.1484375 0.11875
3.0 0.5078125 0.63515625 0.115625 0.0921875
3.0 0.1625 0.703125 0.0875 0.06875
4.0 0.75234375 0.82578125 0.4046875 0.3203125
3.0 0.0875 0.3390625 0.0875 0.06875
3.0 0.90703125 0.37421875 0.1203125 0.0984375
3.0 0.8953125 0.25 0.0375 0.034375
3.0 0.98203125 0.7421875 0.0359375 0.05625
3.0 0.9265625 0.76171875 0.0625 0.0421875
3.0 0.56328125 0.87578125 0.0796875 0.0703125
3.0 0.51796875 0.26640625 0.0859375 0.0609375
3.0 0.73671875 0.421875 0.0640625 0.05625
