7.0 0.0625 0.2671875 0.125 0.25625
4.0 0.10234375 0.29375 0.2046875 0.290625
4.0 0.74765625 0.159375 0.1640625 0.16875
4.0 0.265625 0.08359375 0.203125 0.1671875
7.0 0.35 0.01171875 0.140625 0.0234375
7.0 0.43828125 0.04296875 0.0609375 0.0859375
4.0 0.3109375 0.39609375 0.175 0.1703125
7.0 0.27265625 0.44765625 0.0859375 0.0890625
7.0 0.840625 0.3828125 0.121875 0.14375
4.0 0.8640625 0.10546875 0.271875 0.2109375
7.0 0.621875 0.01796875 0.19375 0.0359375
3.0 0.00390625 0.47734375 0.0078125 0.0421875
7.0 0.49140625 0.97890625 0.1953125 0.0421875
4.0 0.06484375 0.7484375 0.1296875 0.140625
3.0 0.02265625 0.82578125 0.0453125 0.0546875
4.0 0.6 0.9015625 0.21875 0.128125
7.0 0.6171875 0.91015625 0.121875 0.1109375
7.0 0.74921875 0.984375 0.1390625 0.03125
7.0 0.765625 0.915625 0.10625 0.0875
7.0 0.9484375 0.93125 0.103125 0.071875
4.0 0.92265625 0.7546875 0.1546875 0.08125
4.0 0.88984375 0.5765625 0.2203125 0.134375
3.0 0.959375 0.46328125 0.0625 0.0578125
3.0 0.75 0.3921875 0.075 0.071875
