7.0 0.06484375 0.81328125 0.1265625 0.1640625
7.0 0.16875 0.65078125 0.109375 0.1453125
7.0 0.2609375 0.621875 0.128125 0.30625
7.0 0.415625 0.728125 0.15 0.278125
7.0 0.45390625 0.5453125 0.0859375 0.159375
7.0 0.59453125 0.3421875 0.4515625 0.159375
7.0 0.621875 0.1890625 0.371875 0.1375
7.0 0.9453125 0.478125 0.090625 0.10625
7.0 0.61328125 0.509375 0.1265625 0.184375
3.0 0.65625 0.9296875 0.046875 0.103125
7.0 0.25078125 0.290625 0.0703125 0.1
3.0 0.1984375 0.2234375 0.10625 0.128125
3.0 0.3640625 0.22578125 0.03125 0.1203125
3.0 0.9390625 0.22265625 0.121875 0.1578125
3.0 0.62890625 0.109375 0.0390625 0.09375
