4.0 0.6265625 0.60078125 0.35625 0.3046875
4.0 0.44296875 0.7265625 0.3890625 0.3375
4.0 0.87265625 0.56171875 0.2546875 0.2578125
4.0 0.81328125 0.77578125 0.2421875 0.1953125
3.0 0.78359375 0.79609375 0.0703125 0.0546875
3.0 0.92734375 0.5578125 0.1453125 0.125
3.0 0.440625 0.73046875 0.103125 0.0765625
3.0 0.56171875 0.68203125 0.1390625 0.1078125
3.0 0.671875 0.5859375 0.190625 0.1625
4.0 0.178125 0.37421875 0.35625 0.3890625
4.0 0.340625 0.05703125 0.31875 0.1140625
3.0 0.33125 0.00546875 0.11875 0.0109375
3.0 0.396875 0.05703125 0.084375 0.0609375
3.0 0.17109375 0.34921875 0.2046875 0.1609375
