7.0 0.4859375 0.7765625 0.18125 0.08125
7.0 0.534375 0.6125 0.29375 0.10625
7.0 0.8328125 0.68046875 0.20625 0.1515625
7.0 0.840625 0.87265625 0.315625 0.1671875
7.0 0.2546875 0.4953125 0.121875 0.096875
7.0 0.1046875 0.578125 0.065625 0.090625
7.0 0.728125 0.41796875 0.146875 0.1640625
7.0 0.6265625 0.49296875 0.178125 0.0671875
7.0 0.65234375 0.53984375 0.0578125 0.0546875
7.0 0.590625 0.16953125 0.225 0.0640625
7.0 0.571875 0.03828125 0.115625 0.0765625
7.0 0.0296875 0.6125 0.059375 0.09375
7.0 0.07578125 0.78125 0.1109375 0.065625
7.0 0.546875 0.69609375 0.2 0.0859375
