3.0 0.45 0.74296875 0.121875 0.2015625
3.0 0.58515625 0.9703125 0.0359375 0.059375
3.0 0.54765625 0.79765625 0.0484375 0.0734375
3.0 0.70703125 0.73671875 0.1046875 0.1296875
3.0 0.6953125 0.81796875 0.11875 0.1171875
3.0 0.62421875 0.62578125 0.0953125 0.1484375
3.0 0.5484375 0.4296875 0.11875 0.20625
3.0 0.5765625 0.484375 0.053125 0.08125
3.0 0.428125 0.4515625 0.04375 0.065625
3.0 0.46875 0.05078125 0.109375 0.1015625
3.0 0.7234375 0.51484375 0.059375 0.0921875
4.0 0.4109375 0.6734375 0.071875 0.096875
