3.0 0.03515625 0.50625 0.0703125 0.03125
3.0 0.14296875 0.56796875 0.1546875 0.0703125
3.0 0.5453125 0.7859375 0.18125 0.08125
7.0 0.5484375 0.24453125 0.1625 0.1890625
3.0 0.540625 0.57109375 0.290625 0.0640625
3.0 0.77734375 0.3890625 0.1109375 0.11875
3.0 0.6359375 0.61953125 0.084375 0.0640625
3.0 0.828125 0.7046875 0.159375 0.0875
3.0 0.97265625 0.59609375 0.0546875 0.0359375
3.0 0.94296875 0.65390625 0.0484375 0.0796875
3.0 0.9546875 0.93125 0.053125 0.05
3.0 0.834375 0.86796875 0.171875 0.1203125
3.0 0.30390625 0.6234375 0.0796875 0.040625
3.0 0.28203125 0.91015625 0.0765625 0.1421875
3.0 0.8828125 0.4265625 0.059375 0.040625
