3.0 0.95625 0.5828125 0.0625 0.05
3.0 0.8359375 0.5609375 0.028125 0.0375
7.0 0.79140625 0.60234375 0.0921875 0.0515625
7.0 0.5921875 0.5453125 0.078125 0.046875
7.0 0.48984375 0.69375 0.2046875 0.10625
3.0 0.03125 0.93046875 0.05 0.0890625
3.0 0.02578125 0.61640625 0.0453125 0.0296875
3.0 0.065625 0.65703125 0.0375 0.0265625
7.0 0.50234375 0.546875 0.0890625 0.046875
7.0 0.6015625 0.4375 0.103125 0.13125
7.0 0.44375 0.35234375 0.09375 0.0796875
7.0 0.346875 0.37265625 0.096875 0.0609375
7.0 0.3 0.43359375 0.2 0.0640625
3.0 0.74375 0.4453125 0.078125 0.01875
3.0 0.91875 0.253125 0.025 0.01875
