4.0 0.88359375 0.28828125 0.2328125 0.3203125
4.0 0.85703125 0.58125 0.2578125 0.346875
4.0 0.965625 0.58359375 0.06875 0.1484375
4.0 0.6890625 0.68828125 0.353125 0.3296875
4.0 0.75546875 0.82890625 0.2890625 0.0890625
4.0 0.95234375 0.8359375 0.0953125 0.065625
4.0 0.43203125 0.3515625 0.3515625 0.240625
4.0 0.6125 0.1953125 0.159375 0.14375
4.0 0.78515625 0.2484375 0.2953125 0.1875
4.0 0.06015625 0.4890625 0.1203125 0.190625
4.0 0.3328125 0.7375 0.4125 0.21875
4.0 0.0984375 0.553125 0.196875 0.11875
3.0 0.8921875 0.5359375 0.065625 0.040625
3.0 0.41953125 0.6875 0.1078125 0.08125
3.0 0.32109375 0.45703125 0.0546875 0.0828125
3.0 0.134375 0.7421875 0.090625 0.1
3.0 0.0234375 0.853125 0.046875 0.053125
4.0 0.128125 0.23046875 0.209375 0.1921875
3.0 0.10234375 0.54375 0.0640625 0.059375
