3.0 0.11015625 0.42890625 0.0546875 0.0828125
3.0 0.50078125 0.49453125 0.0890625 0.0984375
3.0 0.25546875 0.5546875 0.1640625 0.171875
3.0 0.353125 0.54453125 0.034375 0.0640625
3.0 0.2578125 0.79453125 0.121875 0.1328125
3.0 0.45546875 0.88671875 0.1015625 0.0984375
3.0 0.5203125 0.77421875 0.140625 0.2140625
3.0 0.61484375 0.61875 0.1140625 0.134375
3.0 0.66015625 0.81328125 0.0578125 0.0796875
3.0 0.7375 0.78359375 0.140625 0.1921875
7.0 0.528125 0.00859375 0.046875 0.0171875
7.0 0.571875 0.0046875 0.05625 0.009375
7.0 0.42421875 0.64921875 0.1046875 0.1234375
3.0 0.4 0.69765625 0.075 0.0953125
7.0 0.675 0.234375 0.0875 0.14375
7.0 0.709375 0.059375 0.08125 0.109375
7.0 0.81484375 0.2734375 0.0765625 0.1375
7.0 0.9078125 0.240625 0.1 0.11875
3.0 0.47265625 0.29140625 0.0765625 0.0921875
7.0 0.540625 0.31171875 0.096875 0.1078125
7.0 0.43828125 0.49765625 0.1171875 0.1453125
7.0 0.55546875 0.41015625 0.0640625 0.0921875
3.0 0.40859375 0.0203125 0.0390625 0.040625
7.0 0.63203125 0.00390625 0.0359375 0.0078125
7.0 0.5609375 0.04609375 0.0875 0.0921875
7.0 0.15625 0.95546875 0.053125 0.0765625
