7.0 0.44453125 0.55234375 0.0890625 0.1796875
7.0 0.578125 0.7140625 0.13125 0.253125
7.0 0.66640625 0.6484375 0.0796875 0.234375
7.0 0.7875 0.62734375 0.1125 0.2171875
7.0 0.8390625 0.60078125 0.21875 0.1296875
7.0 0.72578125 0.45 0.0890625 0.09375
7.0 0.5265625 0.36171875 0.034375 0.1265625
7.0 0.4953125 0.32421875 0.034375 0.0671875
7.0 0.37421875 0.55703125 0.0453125 0.1390625
7.0 0.30390625 0.5296875 0.0703125 0.05625
7.0 0.23203125 0.4546875 0.0390625 0.065625
7.0 0.215625 0.628125 0.1 0.0625
7.0 0.4890625 0.15546875 0.084375 0.2046875
7.0 0.14453125 0.4984375 0.0328125 0.06875
