7.0 0.453125 0.6734375 0.19375 0.25
7.0 0.69296875 0.75078125 0.1984375 0.1890625
3.0 0.81953125 0.7453125 0.1546875 0.23125
7.0 0.7796875 0.93515625 0.14375 0.1296875
3.0 0.86171875 0.44296875 0.1265625 0.1671875
3.0 0.70390625 0.28984375 0.0640625 0.1265625
3.0 0.1203125 0.2640625 0.15 0.146875
3.0 0.0265625 0.58359375 0.053125 0.3078125
3.0 0.178125 0.80625 0.09375 0.084375
3.0 0.371875 0.609375 0.096875 0.09375
3.0 0.32421875 0.309375 0.0546875 0.1125
7.0 0.2453125 0.0765625 0.0625 0.1
7.0 0.08984375 0.06015625 0.0859375 0.0734375
7.0 0.18359375 0.03203125 0.0859375 0.0640625
7.0 0.31171875 0.0671875 0.0828125 0.134375
7.0 0.1125 0.1625 0.10625 0.090625
7.0 0.19375 0.1671875 0.040625 0.06875
7.0 0.6 0.6359375 0.05 0.06875
3.0 0.02265625 0.85234375 0.0453125 0.0921875
