7.0 0.32890625 0.8796875 0.1265625 0.059375
7.0 0.26796875 0.83203125 0.2046875 0.0578125
7.0 0.5875 0.85859375 0.10625 0.0609375
7.0 0.66328125 0.88671875 0.0984375 0.0453125
7.0 0.68203125 0.9078125 0.0640625 0.05
7.0 0.36796875 0.671875 0.2984375 0.171875
7.0 0.61953125 0.63125 0.0328125 0.05625
7.0 0.72734375 0.58671875 0.0921875 0.1578125
7.0 0.6515625 0.58984375 0.05625 0.0234375
3.0 0.19921875 0.2578125 0.0640625 0.040625
3.0 0.1328125 0.196875 0.128125 0.059375
3.0 0.25 0.184375 0.10625 0.0375
3.0 0.60078125 0.2078125 0.0546875 0.028125
3.0 0.7234375 0.14296875 0.01875 0.0203125
3.0 0.6984375 0.26953125 0.0625 0.1421875
3.0 0.5 0.33671875 0.184375 0.0515625
3.0 0.3859375 0.48125 0.046875 0.028125
7.0 0.95390625 0.91328125 0.0921875 0.0640625
7.0 0.978125 0.97890625 0.03125 0.0234375
7.0 0.58359375 0.76328125 0.0796875 0.0421875
7.0 0.53515625 0.74453125 0.0390625 0.0390625
3.0 0.96953125 0.04375 0.0515625 0.040625
