3.0 0.52578125 0.915625 0.0984375 0.1
3.0 0.4125 0.78046875 0.04375 0.0546875
3.0 0.390625 0.64609375 0.05625 0.0328125
3.0 0.4984375 0.396875 0.04375 0.05625
3.0 0.6 0.4875 0.025 0.028125
3.0 0.7046875 0.5140625 0.01875 0.053125
3.0 0.6265625 0.609375 0.053125 0.034375
4.0 0.11640625 0.7875 0.0671875 0.271875
4.0 0.0265625 0.9265625 0.046875 0.121875
3.0 0.35234375 0.91484375 0.0890625 0.0859375
3.0 0.12734375 0.8953125 0.0359375 0.040625
3.0 0.3359375 0.684375 0.034375 0.025
3.0 0.31015625 0.55859375 0.0234375 0.0265625
3.0 0.52421875 0.44375 0.0421875 0.03125
3.0 0.16875 0.20078125 0.034375 0.0734375
