3.0 0.61328125 0.090625 0.0484375 0.09375
3.0 0.48828125 0.05390625 0.1296875 0.0671875
4.0 0.5765625 0.16796875 0.453125 0.2578125
4.0 0.828125 0.50703125 0.121875 0.2671875
4.0 0.565625 0.453125 0.165625 0.24375
4.0 0.4265625 0.51015625 0.203125 0.4109375
3.0 0.2578125 0.28125 0.071875 0.103125
4.0 0.59609375 0.69296875 0.2203125 0.1546875
3.0 0.390625 0.7609375 0.065625 0.0375
3.0 0.34921875 0.70390625 0.0671875 0.0296875
4.0 0.19765625 0.790625 0.2359375 0.403125
4.0 0.703125 0.83046875 0.16875 0.2078125
