3.0 0.12578125 0.32890625 0.1953125 0.1015625
3.0 0.521875 0.29375 0.071875 0.10625
3.0 0.28828125 0.2109375 0.2546875 0.059375
3.0 0.49453125 0.13359375 0.1765625 0.0578125
3.0 0.28984375 0.1015625 0.0765625 0.028125
3.0 0.65234375 0.0890625 0.0828125 0.05
3.0 0.6390625 0.2125 0.034375 0.04375
3.0 0.90859375 0.1125 0.0953125 0.065625
3.0 0.38359375 0.76171875 0.1390625 0.0484375
3.0 0.30390625 0.6640625 0.0453125 0.065625
3.0 0.48359375 0.74296875 0.0453125 0.0578125
3.0 0.27734375 0.99140625 0.0453125 0.0171875
3.0 0.0296875 0.77890625 0.053125 0.0609375
3.0 0.82109375 0.9828125 0.0671875 0.034375
3.0 0.75390625 0.39453125 0.0671875 0.0765625
3.0 0.21484375 0.75859375 0.0765625 0.0609375
3.0 0.1671875 0.828125 0.059375 0.034375
3.0 0.015625 0.0046875 0.03125 0.009375
