7.0 0.67421875 0.71875 0.1765625 0.390625
3.0 0.746875 0.55078125 0.203125 0.1484375
7.0 0.3453125 0.2734375 0.35625 0.178125
3.0 0.2078125 0.31640625 0.096875 0.0484375
3.0 0.0453125 0.31171875 0.053125 0.0484375
3.0 0.04921875 0.61875 0.0984375 0.075
3.0 0.0796875 0.5390625 0.084375 0.034375
3.0 0.296875 0.56171875 0.171875 0.0546875
7.0 0.4546875 0.04765625 0.146875 0.0953125
7.0 0.28125 0.08125 0.046875 0.1625
7.0 0.353125 0.04765625 0.053125 0.0953125
3.0 0.865625 0.68046875 0.13125 0.2296875
5.0 0.384375 0.396875 0.225 0.14375
5.0 0.58203125 0.6734375 0.1296875 0.24375
5.0 0.78046875 0.62734375 0.2796875 0.3421875
