4.0 0.52578125 0.1546875 0.5328125 0.309375
7.0 0.52890625 0.2109375 0.4953125 0.190625
3.0 0.89921875 0.21953125 0.1390625 0.0890625
3.0 0.91796875 0.3234375 0.1578125 0.090625
3.0 0.73671875 0.26328125 0.0390625 0.0296875
3.0 0.73671875 0.20703125 0.0421875 0.0546875
3.0 0.1703125 0.24765625 0.109375 0.0890625
3.0 0.09296875 0.13359375 0.1171875 0.0515625
3.0 0.05 0.325 0.1 0.15625
3.0 0.10703125 0.0484375 0.1953125 0.096875
4.0 0.13125 0.21875 0.2625 0.4375
4.0 0.95625 0.046875 0.0875 0.09375
4.0 0.79453125 0.5046875 0.2765625 0.225
7.0 0.28359375 0.6921875 0.1453125 0.128125
7.0 0.26484375 0.8671875 0.1234375 0.084375
7.0 0.1375 0.64765625 0.053125 0.0640625
3.0 0.06484375 0.4890625 0.1296875 0.08125
4.0 0.609375 0.68046875 0.21875 0.1609375
