4.0 0.3859375 0.48046875 0.665625 0.3796875
4.0 0.78828125 0.671875 0.3984375 0.33125
3.0 0.72734375 0.7546875 0.1609375 0.096875
3.0 0.8671875 0.71015625 0.171875 0.1640625
3.0 0.6765625 0.69765625 0.065625 0.0421875
3.0 0.353125 0.5734375 0.3 0.140625
3.0 0.57265625 0.61875 0.0703125 0.05
3.0 0.54609375 0.79609375 0.1921875 0.1140625
4.0 0.534375 0.91953125 0.309375 0.1609375
4.0 0.43671875 0.06484375 0.4265625 0.1296875
4.0 0.9609375 0.15546875 0.078125 0.0953125
3.0 0.85390625 0.08984375 0.0484375 0.0421875
4.0 0.8890625 0.18984375 0.146875 0.0953125
4.0 0.91328125 0.43359375 0.1734375 0.1609375
4.0 0.9796875 0.38515625 0.040625 0.0953125
3.0 0.953125 0.4421875 0.084375 0.05
4.0 0.8703125 0.4984375 0.228125 0.159375
4.0 0.7609375 0.4421875 0.096875 0.090625
4.0 0.22265625 0.29921875 0.1421875 0.1328125
