3.0 0.503125 0.2109375 0.103125 0.090625
3.0 0.28671875 0.77578125 0.1015625 0.0578125
3.0 0.54140625 0.4578125 0.0703125 0.028125
3.0 0.37109375 0.43046875 0.1578125 0.1015625
3.0 0.16640625 0.40703125 0.0984375 0.0515625
3.0 0.60859375 0.13984375 0.0796875 0.0609375
3.0 0.1265625 0.09921875 0.090625 0.0703125
4.0 0.54375 0.1578125 0.221875 0.296875
4.0 0.35546875 0.27578125 0.1328125 0.1984375
4.0 0.09296875 0.0734375 0.1859375 0.128125
4.0 0.06640625 0.90390625 0.1328125 0.1921875
4.0 0.94296875 0.88671875 0.1015625 0.1265625
4.0 0.7109375 0.565625 0.271875 0.175
