4.0 0.2828125 0.265625 0.303125 0.2875
4.0 0.40078125 0.34609375 0.2359375 0.1546875
4.0 0.58828125 0.19296875 0.2421875 0.1484375
4.0 0.30625 0.54296875 0.253125 0.1359375
4.0 0.56796875 0.509375 0.0984375 0.19375
4.0 0.14921875 0.72265625 0.1109375 0.2640625
4.0 0.04453125 0.778125 0.0765625 0.20625
4.0 0.359375 0.7421875 0.2375 0.140625
4.0 0.26875 0.96875 0.484375 0.0625
4.0 0.62734375 0.88828125 0.1015625 0.1390625
4.0 0.77109375 0.55703125 0.1859375 0.0859375
4.0 0.07109375 0.275 0.1421875 0.184375
4.0 0.1234375 0.03984375 0.246875 0.0671875
3.0 0.90703125 0.45546875 0.0609375 0.0296875
3.0 0.96328125 0.25703125 0.0578125 0.0421875
3.0 0.76796875 0.4234375 0.0265625 0.046875
3.0 0.67109375 0.46171875 0.0921875 0.0609375
3.0 0.5671875 0.4859375 0.05 0.090625
3.0 0.51015625 0.59921875 0.0921875 0.0984375
3.0 0.3484375 0.72734375 0.203125 0.0671875
3.0 0.21015625 0.75078125 0.0484375 0.0546875
3.0 0.04375 0.82265625 0.059375 0.0578125
3.0 0.14609375 0.828125 0.0640625 0.05625
3.0 0.63125 0.88046875 0.053125 0.0765625
3.0 0.778125 0.56015625 0.121875 0.0546875
3.0 0.23125 0.19296875 0.121875 0.1640625
3.0 0.3515625 0.3296875 0.15625 0.10625
3.0 0.184375 0.34140625 0.078125 0.0921875
3.0 0.14140625 0.4234375 0.1203125 0.06875
3.0 0.04140625 0.49921875 0.0828125 0.1578125
3.0 0.09140625 0.20546875 0.0546875 0.0359375
