7.0 0.91484375 0.05 0.0921875 0.04375
7.0 0.94609375 0.11015625 0.0515625 0.0515625
7.0 0.828125 0.115625 0.0375 0.0375
7.0 0.80625 0.16953125 0.065625 0.0265625
7.0 0.8140625 0.19609375 0.053125 0.0234375
7.0 0.725 0.10234375 0.06875 0.0359375
7.0 0.675 0.1453125 0.046875 0.021875
7.0 0.496875 0.2390625 0.065625 0.06875
7.0 0.46953125 0.28203125 0.0484375 0.0328125
7.0 0.55703125 0.38046875 0.0921875 0.1046875
7.0 0.4390625 0.35390625 0.04375 0.0546875
7.0 0.734375 0.42265625 0.290625 0.0921875
7.0 0.8484375 0.46484375 0.05 0.0421875
7.0 0.859375 0.56953125 0.15 0.0578125
7.0 0.8984375 0.6 0.075 0.03125
7.0 0.9390625 0.67578125 0.096875 0.1234375
7.0 0.72890625 0.68671875 0.3046875 0.1515625
7.0 0.78515625 0.8203125 0.2265625 0.146875
3.0 0.53203125 0.74765625 0.0890625 0.0296875
7.0 0.2984375 0.4203125 0.0625 0.075
7.0 0.21171875 0.4015625 0.0828125 0.0625
3.0 0.16171875 0.2203125 0.0453125 0.08125
7.0 0.3453125 0.27109375 0.04375 0.0578125
7.0 0.29453125 0.28984375 0.0578125 0.0859375
7.0 0.21953125 0.3140625 0.0546875 0.075
