4.0 0.6546875 0.14609375 0.378125 0.1890625
4.0 0.6953125 0.27578125 0.39375 0.0890625
3.0 0.5953125 0.13828125 0.090625 0.0265625
3.0 0.7109375 0.20546875 0.090625 0.0421875
7.0 0.36796875 0.26640625 0.2421875 0.2421875
7.0 0.17890625 0.17890625 0.2671875 0.2734375
7.0 0.65 0.43984375 0.346875 0.1890625
7.0 0.2671875 0.546875 0.134375 0.140625
7.0 0.33828125 0.9109375 0.3828125 0.09375
3.0 0.63984375 0.27734375 0.0453125 0.0296875
3.0 0.75859375 0.29453125 0.0515625 0.0390625
4.0 0.18359375 0.4234375 0.1828125 0.10625
4.0 0.37421875 0.54765625 0.1203125 0.1234375
4.0 0.159375 0.5328125 0.0875 0.1
4.0 0.15 0.6734375 0.121875 0.109375
4.0 0.31875 0.71171875 0.096875 0.1078125
3.0 0.74296875 0.7796875 0.0578125 0.078125
3.0 0.1078125 0.76328125 0.04375 0.0234375
3.0 0.7875 0.5015625 0.03125 0.03125
