3.0 0.484375 0.19453125 0.11875 0.1359375
3.0 0.3890625 0.03515625 0.078125 0.0359375
3.0 0.35 0.1265625 0.0375 0.0375
3.0 0.58984375 0.0671875 0.0390625 0.0375
3.0 0.625 0.01015625 0.075 0.0203125
3.0 0.6734375 0.0484375 0.040625 0.0875
3.0 0.87265625 0.37265625 0.0703125 0.0640625
3.0 0.96875 0.3875 0.05625 0.040625
3.0 0.89375 0.4578125 0.10625 0.028125
3.0 0.603125 0.52421875 0.09375 0.0421875
3.0 0.478125 0.83984375 0.10625 0.1265625
3.0 0.05 0.61953125 0.090625 0.0796875
3.0 0.47109375 0.54765625 0.0421875 0.0328125
3.0 0.43125 0.61953125 0.0375 0.0484375
3.0 0.91640625 0.625 0.0859375 0.10625
