3.0 0.81953125 0.29921875 0.3609375 0.1390625
3.0 0.5109375 0.18984375 0.2 0.1015625
3.0 0.55859375 0.04296875 0.1640625 0.0703125
3.0 0.33828125 0.5484375 0.1265625 0.125
3.0 0.58203125 0.56015625 0.1796875 0.1171875
3.0 0.25 0.496875 0.040625 0.1
3.0 0.1484375 0.9515625 0.084375 0.0875
3.0 0.4484375 0.84140625 0.153125 0.1859375
3.0 0.76953125 0.66484375 0.0796875 0.0484375
3.0 0.0609375 0.2234375 0.1125 0.034375
3.0 0.20234375 0.646875 0.0671875 0.084375
3.0 0.109375 0.71484375 0.096875 0.0359375
3.0 0.19375 0.8078125 0.046875 0.059375
