3.0 0.89296875 0.20625 0.1828125 0.090625
3.0 0.68125 0.3296875 0.096875 0.0625
3.0 0.93359375 0.3953125 0.1265625 0.05625
3.0 0.75390625 0.4390625 0.1140625 0.046875
7.0 0.4015625 0.60859375 0.3125 0.2796875
3.0 0.65859375 0.88203125 0.2171875 0.1046875
3.0 0.7671875 0.96875 0.159375 0.0625
7.0 0.45625 0.45078125 0.184375 0.0703125
7.0 0.29765625 0.2453125 0.1609375 0.084375
7.0 0.43046875 0.26640625 0.1015625 0.1421875
3.0 0.53359375 0.06640625 0.0515625 0.0359375
3.0 0.2109375 0.7703125 0.090625 0.078125
3.0 0.7453125 0.61640625 0.140625 0.0890625
