7.0 0.5421875 0.46796875 0.128125 0.2578125
7.0 0.7328125 0.6984375 0.1875 0.359375
7.0 0.85859375 0.60546875 0.1140625 0.3359375
7.0 0.975 0.575 0.05 0.309375
7.0 0.975 0.5375 0.05 0.184375
7.0 0.93984375 0.32109375 0.1203125 0.1328125
7.0 0.65859375 0.19453125 0.0484375 0.1828125
7.0 0.61328125 0.14140625 0.0484375 0.0953125
7.0 0.440625 0.475 0.065625 0.196875
7.0 0.3390625 0.4359375 0.1 0.08125
7.0 0.2375 0.328125 0.053125 0.09375
7.0 0.21328125 0.57578125 0.1421875 0.0921875
7.0 0.60390625 0.02421875 0.1203125 0.0484375
7.0 0.11328125 0.39140625 0.0453125 0.0984375
