3.0 0.565625 0.4265625 0.090625 0.0375
3.0 0.31171875 0.6640625 0.0609375 0.04375
3.0 0.175 0.6234375 0.040625 0.03125
3.0 0.259375 0.58828125 0.053125 0.0265625
3.0 0.58671875 0.5921875 0.0359375 0.103125
4.0 0.67421875 0.58203125 0.1703125 0.2359375
3.0 0.77578125 0.41796875 0.1171875 0.0484375
4.0 0.16796875 0.3703125 0.1484375 0.115625
4.0 0.35546875 0.5 0.3171875 0.059375
3.0 0.57890625 0.14765625 0.0859375 0.0296875
3.0 0.5734375 0.0828125 0.140625 0.075
3.0 0.13515625 0.2359375 0.0734375 0.040625
4.0 0.61015625 0.9421875 0.4078125 0.109375
4.0 0.7484375 0.82421875 0.24375 0.1078125
4.0 0.69296875 0.796875 0.0421875 0.021875
4.0 0.65078125 0.7828125 0.0359375 0.025
3.0 0.43984375 0.32421875 0.0296875 0.0328125
4.0 0.36875 0.26875 0.15625 0.153125
7.0 0.11953125 0.1046875 0.0421875 0.025
3.0 0.74921875 0.16171875 0.0515625 0.0515625
