4.0 0.83203125 0.31328125 0.3296875 0.5671875
3.0 0.96796875 0.4546875 0.0578125 0.065625
3.0 0.9609375 0.35 0.034375 0.078125
3.0 0.7453125 0.26640625 0.0375 0.0390625
3.0 0.765625 0.45 0.053125 0.21875
3.0 0.690625 0.390625 0.03125 0.078125
3.0 0.73125 0.73828125 0.040625 0.0703125
3.0 0.76953125 0.62421875 0.0671875 0.0546875
3.0 0.90390625 0.653125 0.0234375 0.0375
4.0 0.59453125 0.72421875 0.1640625 0.4453125
4.0 0.59609375 0.66953125 0.1390625 0.2828125
3.0 0.6125 0.82265625 0.03125 0.0234375
3.0 0.46640625 0.77265625 0.0734375 0.2515625
3.0 0.41484375 0.8546875 0.0265625 0.084375
3.0 0.49921875 0.984375 0.0359375 0.03125
3.0 0.44609375 0.4578125 0.0640625 0.084375
3.0 0.2671875 0.32265625 0.034375 0.0546875
3.0 0.1671875 0.1796875 0.03125 0.1
3.0 0.08203125 0.21171875 0.0953125 0.0765625
3.0 0.25625 0.06640625 0.10625 0.0890625
7.0 0.38125 0.1578125 0.171875 0.165625
3.0 0.93046875 0.06796875 0.0421875 0.0640625
3.0 0.93046875 0.01640625 0.0484375 0.0203125
3.0 0.8296875 0.36015625 0.0375 0.1390625
3.0 0.5109375 0.33671875 0.025 0.0265625
