7.0 0.18359375 0.19140625 0.1296875 0.0984375
7.0 0.38203125 0.6953125 0.1328125 0.19375
7.0 0.5171875 0.603125 0.134375 0.15
7.0 0.44453125 0.4421875 0.2734375 0.128125
7.0 0.61171875 0.3171875 0.2234375 0.25
7.0 0.47578125 0.23125 0.1390625 0.075
7.0 0.3578125 0.14609375 0.1125 0.0671875
7.0 0.41953125 0.32734375 0.0921875 0.0796875
3.0 0.3765625 0.32734375 0.03125 0.0484375
7.0 0.82109375 0.0703125 0.1640625 0.1375
7.0 0.65703125 0.0796875 0.0796875 0.11875
7.0 0.40390625 0.025 0.1546875 0.05
3.0 0.2171875 0.00625 0.028125 0.0125
3.0 0.01328125 0.1 0.0265625 0.03125
3.0 0.80078125 0.403125 0.0453125 0.021875
7.0 0.8875 0.4171875 0.04375 0.025
7.0 0.80078125 0.53984375 0.0546875 0.0546875
3.0 0.22265625 0.6125 0.0921875 0.04375
3.0 0.440625 0.9125 0.0875 0.040625
3.0 0.35390625 0.93359375 0.0703125 0.0265625
