4.0 0.55859375 0.14453125 0.1265625 0.1484375
4.0 0.56171875 0.2421875 0.1359375 0.053125
7.0 0.04296875 0.2765625 0.0765625 0.0875
3.0 0.0765625 0.23125 0.084375 0.059375
3.0 0.040625 0.7890625 0.08125 0.084375
3.0 0.24453125 0.73203125 0.1515625 0.0609375
3.0 0.39453125 0.68984375 0.0765625 0.0609375
3.0 0.65234375 0.68359375 0.0796875 0.0640625
3.0 0.80234375 0.5765625 0.0390625 0.015625
7.0 0.37265625 0.609375 0.2109375 0.103125
3.0 0.44140625 0.5203125 0.0859375 0.03125
7.0 0.15234375 0.4265625 0.0453125 0.0375
7.0 0.16015625 0.38671875 0.0671875 0.0359375
4.0 0.94609375 0.3796875 0.1078125 0.0875
4.0 0.64609375 0.23828125 0.0515625 0.0484375
3.0 0.959375 0.17421875 0.04375 0.0390625
