7.0 0.378125 0.96796875 0.18125 0.0515625
4.0 0.91484375 0.90546875 0.1578125 0.1765625
4.0 0.77734375 0.66796875 0.3390625 0.3515625
7.0 0.54921875 0.61171875 0.2140625 0.3640625
7.0 0.33828125 0.81171875 0.1953125 0.1859375
7.0 0.0875 0.95703125 0.1375 0.0796875
7.0 0.115625 0.85546875 0.23125 0.1640625
7.0 0.26171875 0.2921875 0.1796875 0.265625
4.0 0.39765625 0.3984375 0.2859375 0.15625
4.0 0.590625 0.3296875 0.19375 0.1375
4.0 0.74765625 0.20625 0.3390625 0.209375
3.0 0.4234375 0.415625 0.115625 0.078125
3.0 0.9640625 0.840625 0.0625 0.053125
3.0 0.2671875 0.44375 0.0875 0.05625
3.0 0.603125 0.3625 0.14375 0.04375
3.0 0.19296875 0.28046875 0.0359375 0.0234375
