4.0 0.80390625 0.225 0.3890625 0.225
4.0 0.91171875 0.34453125 0.1578125 0.1171875
3.0 0.8734375 0.31484375 0.0375 0.0359375
3.0 0.9296875 0.3890625 0.0625 0.021875
4.0 0.83828125 0.46953125 0.3203125 0.1796875
3.0 0.8890625 0.4703125 0.075 0.025
3.0 0.95859375 0.50390625 0.0671875 0.0328125
3.0 0.98046875 0.45625 0.0265625 0.0375
7.0 0.8640625 0.603125 0.084375 0.046875
7.0 0.525 0.7984375 0.134375 0.18125
7.0 0.421875 0.85546875 0.121875 0.0734375
3.0 0.46796875 0.9609375 0.0859375 0.028125
4.0 0.20234375 0.75546875 0.4046875 0.0859375
4.0 0.28046875 0.86796875 0.0703125 0.0359375
4.0 0.0359375 0.5015625 0.071875 0.053125
4.0 0.0859375 0.39140625 0.171875 0.1421875
4.0 0.07265625 0.23046875 0.1453125 0.2171875
4.0 0.38359375 0.21796875 0.0890625 0.1578125
4.0 0.41953125 0.45234375 0.3734375 0.1640625
3.0 0.1140625 0.26171875 0.04375 0.0390625
7.0 0.0578125 0.62734375 0.096875 0.1734375
3.0 0.8125 0.23671875 0.06875 0.0484375
7.0 0.63515625 0.48203125 0.0578125 0.1515625
7.0 0.65859375 0.59296875 0.1078125 0.0671875
