6.0 0.453125 0.5984375 0.19375 0.234375
3.0 0.61171875 0.634375 0.0890625 0.059375
3.0 0.51875 0.59140625 0.0375 0.0796875
6.0 0.471875 0.51015625 0.06875 0.0703125
6.0 0.52421875 0.5328125 0.0359375 0.05625
6.0 0.3375 0.5390625 0.10625 0.18125
5.0 0.55 0.4328125 0.059375 0.1125
6.0 0.540625 0.478125 0.046875 0.08125
7.0 0.8 0.4421875 0.09375 0.06875
7.0 0.85625 0.490625 0.04375 0.053125
3.0 0.8328125 0.4953125 0.03125 0.03125
7.0 0.7796875 0.02734375 0.05 0.0546875
5.0 0.47734375 0.334375 0.0890625 0.140625
6.0 0.56015625 0.49921875 0.0609375 0.1265625
3.0 0.57109375 0.5765625 0.0390625 0.0375
