7.0 0.28203125 0.9125 0.3640625 0.1625
7.0 0.55390625 0.86640625 0.2703125 0.1171875
7.0 0.58515625 0.75703125 0.1390625 0.1296875
7.0 0.27734375 0.6546875 0.1296875 0.146875
7.0 0.34921875 0.62578125 0.1640625 0.0921875
7.0 0.521875 0.590625 0.19375 0.13125
7.0 0.20703125 0.5703125 0.0578125 0.075
7.0 0.05 0.54921875 0.06875 0.0984375
7.0 0.18828125 0.484375 0.1015625 0.1
7.0 0.48359375 0.3578125 0.2234375 0.325
7.0 0.36875 0.46484375 0.096875 0.1453125
7.0 0.04375 0.46171875 0.046875 0.0453125
3.0 0.3546875 0.7375 0.096875 0.084375
3.0 0.57421875 0.06015625 0.1640625 0.1203125
3.0 0.22890625 0.33125 0.1140625 0.075
3.0 0.65625 0.25078125 0.1375 0.1296875
3.0 0.78515625 0.16171875 0.1015625 0.0640625
3.0 0.315625 0.1546875 0.078125 0.05
