4.0 0.90703125 0.2515625 0.1859375 0.171875
4.0 0.90390625 0.37421875 0.1921875 0.1890625
4.0 0.8890625 0.5546875 0.221875 0.2125
3.0 0.965625 0.62421875 0.06875 0.0546875
3.0 0.934375 0.5671875 0.13125 0.06875
3.0 0.86796875 0.521875 0.0921875 0.03125
5.0 0.53359375 0.396875 0.2046875 0.159375
5.0 0.4640625 0.5296875 0.18125 0.146875
3.0 0.46875 0.56875 0.08125 0.046875
3.0 0.559375 0.36171875 0.09375 0.0703125
3.0 0.51875 0.446875 0.140625 0.06875
4.0 0.3765625 0.64375 0.15 0.125
3.0 0.521875 0.61875 0.071875 0.078125
