7.0 0.3890625 0.68046875 0.103125 0.0734375
7.0 0.39140625 0.5984375 0.1171875 0.109375
7.0 0.203125 0.93828125 0.175 0.1171875
7.0 0.09453125 0.690625 0.1859375 0.146875
7.0 0.284375 0.4875 0.090625 0.121875
7.0 0.45625 0.43046875 0.040625 0.0859375
7.0 0.64609375 0.7203125 0.0890625 0.134375
3.0 0.89296875 0.65390625 0.0265625 0.0484375
7.0 0.65859375 0.26796875 0.1140625 0.1421875
7.0 0.5890625 0.33359375 0.059375 0.0703125
7.0 0.73046875 0.353125 0.0671875 0.09375
7.0 0.78984375 0.45625 0.1140625 0.140625
7.0 0.1125 0.21875 0.1875 0.103125
3.0 0.31796875 0.39140625 0.0140625 0.0234375
3.0 0.525 0.6421875 0.01875 0.05625
7.0 0.4375 0.83828125 0.128125 0.0734375
7.0 0.46328125 0.76875 0.1328125 0.078125
7.0 0.4015625 0.39609375 0.090625 0.0609375
5.0 0.57578125 0.6390625 0.0703125 0.103125
5.0 0.63984375 0.540625 0.0609375 0.065625
5.0 0.47578125 0.684375 0.1046875 0.08125
5.0 0.46171875 0.46796875 0.0890625 0.1171875
5.0 0.559375 0.54609375 0.01875 0.0640625
