3.0 0.171875 0.0609375 0.20625 0.05
3.0 0.534375 0.215625 0.05625 0.096875
3.0 0.64375 0.21796875 0.096875 0.0640625
3.0 0.63203125 0.30546875 0.1046875 0.0390625
2.0 0.63046875 0.346875 0.0515625 0.053125
3.0 0.671875 0.33828125 0.021875 0.0171875
3.0 0.58515625 0.3796875 0.0765625 0.025
3.0 0.37109375 0.209375 0.0578125 0.046875
3.0 0.20234375 0.21796875 0.0421875 0.0484375
3.0 0.225 0.28359375 0.071875 0.0421875
3.0 0.2515625 0.23359375 0.034375 0.0390625
3.0 0.29453125 0.29921875 0.0765625 0.0296875
3.0 0.0890625 0.18359375 0.15 0.0703125
3.0 0.034375 0.24140625 0.06875 0.0421875
3.0 0.63984375 0.15078125 0.0390625 0.0390625
3.0 0.77265625 0.115625 0.0234375 0.01875
3.0 0.88515625 0.17734375 0.0421875 0.0390625
3.0 0.93828125 0.11953125 0.0515625 0.0328125
3.0 0.9578125 0.17265625 0.084375 0.0609375
3.0 0.9828125 0.05234375 0.034375 0.0328125
3.0 0.3765625 0.3 0.04375 0.05
3.0 0.05390625 0.371875 0.0796875 0.025
3.0 0.05625 0.40703125 0.059375 0.0359375
3.0 0.22265625 0.36484375 0.0671875 0.0234375
3.0 0.134375 0.4609375 0.084375 0.05
3.0 0.21328125 0.65078125 0.0453125 0.0265625
3.0 0.053125 0.76796875 0.1 0.1359375
3.0 0.196875 0.73125 0.15625 0.128125
3.0 0.184375 0.80859375 0.15 0.0765625
3.0 0.23359375 0.88125 0.1171875 0.05625
3.0 0.39921875 0.8546875 0.0484375 0.04375
4.0 0.85078125 0.9453125 0.2984375 0.1
3.0 0.515625 0.80546875 0.13125 0.0703125
4.0 0.35625 0.73515625 0.178125 0.1765625
3.0 0.81328125 0.49296875 0.0578125 0.0421875
3.0 0.3640625 0.5046875 0.1375 0.0375
3.0 0.53203125 0.70390625 0.0609375 0.0703125
3.0 0.6875 0.79375 0.109375 0.065625
3.0 0.69453125 0.85859375 0.0453125 0.0296875
3.0 0.60859375 0.80234375 0.0390625 0.0578125
3.0 0.73828125 0.9375 0.0671875 0.06875
3.0 0.6140625 0.53671875 0.046875 0.0296875
3.0 0.71015625 0.4984375 0.0453125 0.03125
3.0 0.8765625 0.01328125 0.046875 0.0234375
4.0 0.196875 0.0796875 0.39375 0.159375
