3.0 0.07109375 0.1171875 0.0796875 0.11875
3.0 0.50546875 0.09765625 0.0734375 0.0734375
3.0 0.628125 0.1953125 0.221875 0.096875
3.0 0.684375 0.03125 0.096875 0.0625
3.0 0.84609375 0.26328125 0.0609375 0.0578125
3.0 0.97578125 0.10625 0.0484375 0.084375
3.0 0.16328125 0.34609375 0.1734375 0.0890625
3.0 0.03828125 0.2703125 0.0765625 0.084375
3.0 0.090625 0.57734375 0.175 0.1296875
3.0 0.5125 0.509375 0.090625 0.078125
3.0 0.3828125 0.871875 0.178125 0.10625
3.0 0.1140625 0.89140625 0.125 0.2015625
3.0 0.58046875 0.615625 0.0453125 0.103125
3.0 0.82265625 0.8546875 0.1546875 0.096875
3.0 0.81015625 0.93203125 0.2609375 0.0703125
3.0 0.78125 0.9921875 0.096875 0.015625
