4.0 0.2265625 0.48984375 0.453125 0.4671875
4.0 0.64921875 0.378125 0.3859375 0.303125
4.0 0.58359375 0.17890625 0.1640625 0.1203125
4.0 0.75078125 0.21484375 0.2359375 0.1359375
4.0 0.7375 0.84140625 0.275 0.2078125
4.0 0.96171875 0.52109375 0.0765625 0.1796875
3.0 0.55703125 0.86484375 0.0890625 0.0734375
3.0 0.71484375 0.36484375 0.1265625 0.0765625
3.0 0.621875 0.2984375 0.1125 0.09375
3.0 0.57890625 0.39140625 0.0703125 0.0453125
3.0 0.25 0.60234375 0.19375 0.1828125
7.0 0.0734375 0.3390625 0.125 0.084375
3.0 0.63515625 0.5828125 0.0984375 0.090625
3.0 0.68125 0.521875 0.084375 0.059375
3.0 0.4625 0.77265625 0.109375 0.1296875
3.0 0.9921875 0.29609375 0.015625 0.0859375
3.0 0.78671875 0.24453125 0.0515625 0.0390625
3.0 0.73828125 0.1765625 0.1296875 0.053125
7.0 0.18125 0.2625 0.084375 0.06875
