7.0 0.45859375 0.6015625 0.1921875 0.06875
7.0 0.46171875 0.54921875 0.1140625 0.0328125
7.0 0.46484375 0.51484375 0.0390625 0.0390625
7.0 0.40390625 0.48828125 0.0984375 0.0328125
7.0 0.41015625 0.44140625 0.1796875 0.0578125
7.0 0.28671875 0.459375 0.0296875 0.040625
7.0 0.28359375 0.25234375 0.0765625 0.1046875
7.0 0.1765625 0.29140625 0.075 0.1234375
3.0 0.92109375 0.45078125 0.1296875 0.0703125
3.0 0.853125 0.11640625 0.1875 0.0671875
3.0 0.721875 0.17734375 0.0625 0.0546875
3.0 0.3109375 0.15 0.065625 0.128125
3.0 0.36875 0.0671875 0.0875 0.071875
3.0 0.0640625 0.24140625 0.075 0.0890625
3.0 0.27890625 0.5765625 0.0328125 0.034375
3.0 0.05859375 0.65859375 0.0234375 0.0828125
3.0 0.01875 0.66875 0.0375 0.065625
3.0 0.94765625 0.753125 0.0671875 0.0625
3.0 0.76796875 0.5984375 0.0515625 0.065625
3.0 0.53203125 0.4046875 0.0671875 0.05625
3.0 0.7015625 0.33359375 0.125 0.0421875
