4.0 0.27578125 0.678125 0.3640625 0.371875
4.0 0.38671875 0.378125 0.0828125 0.221875
4.0 0.21328125 0.25859375 0.1171875 0.1609375
4.0 0.16484375 0.12578125 0.0890625 0.1640625
4.0 0.2640625 0.10078125 0.16875 0.1828125
7.0 0.50703125 0.37734375 0.1515625 0.0953125
4.0 0.475 0.28203125 0.225 0.4484375
3.0 0.5125 0.74609375 0.040625 0.0890625
3.0 0.646875 0.796875 0.034375 0.071875
4.0 0.7453125 0.83671875 0.16875 0.1390625
4.0 0.60390625 0.6828125 0.0859375 0.35
3.0 0.72265625 0.146875 0.0609375 0.140625
3.0 0.6875 0.05859375 0.05625 0.1015625
7.0 0.85546875 0.0734375 0.1015625 0.09375
7.0 0.9359375 0.50078125 0.128125 0.4796875
3.0 0.84609375 0.4875 0.0203125 0.05625
3.0 0.903125 0.25 0.015625 0.01875
4.0 0.88515625 0.28046875 0.1578125 0.0859375
3.0 0.9609375 0.26953125 0.021875 0.0265625
