4.0 0.64375 0.46953125 0.175 0.2328125
4.0 0.93359375 0.55078125 0.1328125 0.2140625
4.0 0.89140625 0.2859375 0.2171875 0.084375
4.0 0.109375 0.1578125 0.165625 0.21875
4.0 0.0515625 0.56640625 0.096875 0.2046875
3.0 0.41640625 0.5796875 0.1671875 0.209375
3.0 0.26171875 0.52890625 0.1015625 0.1078125
3.0 0.25625 0.63125 0.0375 0.03125
3.0 0.46875 0.43046875 0.128125 0.0703125
3.0 0.4796875 0.36171875 0.06875 0.0421875
7.0 0.471875 0.32421875 0.14375 0.0359375
7.0 0.2890625 0.3875 0.09375 0.028125
3.0 0.1296875 0.01328125 0.071875 0.0171875
3.0 0.134375 0.04375 0.05 0.01875
