3.0 0.428125 0.1671875 0.221875 0.146875
2.0 0.425 0.33125 0.20625 0.140625
3.0 0.56328125 0.28046875 0.1296875 0.1421875
2.0 0.42421875 0.46875 0.0890625 0.065625
2.0 0.56328125 0.45078125 0.1234375 0.0796875
2.0 0.31796875 0.603125 0.2359375 0.096875
2.0 0.65625 0.515625 0.234375 0.14375
3.0 0.77109375 0.45625 0.0828125 0.08125
2.0 0.44609375 0.7515625 0.1265625 0.140625
3.0 0.8078125 0.6609375 0.084375 0.084375
2.0 0.44375 0.64296875 0.134375 0.0765625
3.0 0.57734375 0.88046875 0.0765625 0.0734375
