5.0 0.32734375 0.925 0.2390625 0.14375
5.0 0.52265625 0.96640625 0.2359375 0.0640625
5.0 0.06796875 0.83828125 0.1234375 0.2078125
3.0 0.06484375 0.8671875 0.0953125 0.08125
3.0 0.30078125 0.92109375 0.1171875 0.0921875
3.0 0.88984375 0.52421875 0.0984375 0.0640625
4.0 0.90390625 0.08671875 0.1015625 0.1296875
3.0 0.840625 0.78671875 0.128125 0.0640625
3.0 0.30703125 0.6796875 0.1796875 0.0375
3.0 0.640625 0.68671875 0.05625 0.0765625
3.0 0.4890625 0.85703125 0.09375 0.0359375
3.0 0.7109375 0.9234375 0.096875 0.03125
3.0 0.1046875 0.96875 0.0375 0.034375
3.0 0.51015625 0.60390625 0.0671875 0.0328125
