4.0 0.76953125 0.85703125 0.0890625 0.1453125
4.0 0.4546875 0.72578125 0.4625 0.3234375
4.0 0.05390625 0.87578125 0.1078125 0.1328125
4.0 0.57578125 0.93671875 0.1890625 0.1109375
7.0 0.43203125 0.39375 0.1671875 0.146875
7.0 0.4671875 0.575 0.09375 0.078125
3.0 0.703125 0.46875 0.040625 0.0625
3.0 0.72734375 0.1546875 0.1203125 0.059375
7.0 0.92734375 0.3890625 0.1359375 0.121875
3.0 0.25078125 0.8515625 0.0265625 0.0375
3.0 0.44765625 0.77890625 0.1015625 0.0609375
3.0 0.58359375 0.69765625 0.0390625 0.0453125
3.0 0.64296875 0.67421875 0.0296875 0.0421875
3.0 0.4171875 0.65703125 0.13125 0.1203125
3.0 0.75859375 0.9046875 0.0484375 0.03125
3.0 0.5796875 0.8953125 0.0375 0.0375
4.0 0.2140625 0.21484375 0.0875 0.1453125
