3.0 0.8453125 0.2953125 0.1625 0.134375
3.0 0.9359375 0.36875 0.128125 0.159375
7.0 0.83203125 0.50234375 0.2453125 0.1828125
7.0 0.6640625 0.72734375 0.26875 0.1953125
3.0 0.696875 0.87734375 0.046875 0.0390625
7.0 0.7515625 0.64375 0.14375 0.125
7.0 0.9375 0.69609375 0.125 0.1515625
7.0 0.82734375 0.96953125 0.1328125 0.0609375
7.0 0.9 0.90078125 0.134375 0.1078125
7.0 0.31640625 0.7859375 0.2046875 0.15625
7.0 0.20546875 0.78515625 0.0640625 0.0453125
7.0 0.29296875 0.58046875 0.0921875 0.0734375
7.0 0.40859375 0.4375 0.1609375 0.128125
7.0 0.16328125 0.60546875 0.1890625 0.1703125
7.0 0.03046875 0.6171875 0.0609375 0.159375
7.0 0.2734375 0.4328125 0.125 0.103125
7.0 0.50234375 0.64296875 0.1359375 0.1171875
7.0 0.6109375 0.39921875 0.315625 0.3140625
7.0 0.65859375 0.42734375 0.1328125 0.0921875
