3.0 0.23984375 0.48203125 0.1234375 0.1046875
3.0 0.02421875 0.48125 0.0484375 0.1
3.0 0.0265625 0.315625 0.053125 0.090625
2.0 0.0109375 0.20859375 0.021875 0.0390625
3.0 0.375 0.13828125 0.171875 0.1359375
3.0 0.446875 0.30625 0.15 0.09375
3.0 0.6078125 0.2203125 0.096875 0.165625
2.0 0.84609375 0.325 0.1515625 0.078125
3.0 0.7828125 0.4640625 0.0625 0.20625
2.0 0.7859375 0.6046875 0.0875 0.0875
3.0 0.86796875 0.55859375 0.0828125 0.2578125
3.0 0.975 0.76796875 0.05 0.0734375
3.0 0.97421875 0.86171875 0.0515625 0.0515625
3.0 0.5796875 0.95390625 0.171875 0.0921875
3.0 0.5171875 0.72109375 0.16875 0.1390625
3.0 0.0265625 0.91953125 0.053125 0.1609375
3.0 0.24375 0.96171875 0.059375 0.0640625
3.0 0.04453125 0.6515625 0.0703125 0.06875
3.0 0.31484375 0.621875 0.0484375 0.065625
