7.0 0.540625 0.3609375 0.065625 0.109375
3.0 0.4125 0.565625 0.05625 0.0375
3.0 0.41796875 0.59921875 0.0140625 0.0234375
3.0 0.23203125 0.63203125 0.0390625 0.0453125
3.0 0.3796875 0.74765625 0.040625 0.0421875
3.0 0.703125 0.34140625 0.01875 0.0296875
3.0 0.625 0.53671875 0.028125 0.0328125
3.0 0.58984375 0.5015625 0.0234375 0.0375
3.0 0.65390625 0.69921875 0.0234375 0.0453125
4.0 0.63203125 0.80234375 0.2671875 0.1078125
3.0 0.54765625 0.9875 0.0609375 0.025
3.0 0.07109375 0.7765625 0.0453125 0.03125
3.0 0.1359375 0.80625 0.03125 0.034375
3.0 0.56640625 0.6265625 0.0203125 0.05625
3.0 0.88984375 0.86484375 0.0265625 0.0484375
7.0 0.95234375 0.60859375 0.0890625 0.1078125
3.0 0.76484375 0.54296875 0.0234375 0.0359375
