7.0 0.54765625 0.228125 0.3359375 0.40625
3.0 0.4234375 0.1171875 0.053125 0.06875
7.0 0.7296875 0.49296875 0.234375 0.0953125
7.0 0.87421875 0.5890625 0.1484375 0.04375
7.0 0.6953125 0.66640625 0.165625 0.1109375
7.0 0.5484375 0.6078125 0.071875 0.046875
7.0 0.4484375 0.621875 0.103125 0.05
7.0 0.2640625 0.5328125 0.375 0.16875
7.0 0.459375 0.5015625 0.08125 0.040625
7.0 0.36640625 0.70234375 0.2203125 0.1265625
7.0 0.4515625 0.784375 0.025 0.040625
7.0 0.490625 0.765625 0.034375 0.01875
7.0 0.47421875 0.965625 0.0984375 0.05
