3.0 0.05 0.68125 0.1 0.1375
3.0 0.1765625 0.69609375 0.23125 0.1609375
3.0 0.28515625 0.8140625 0.1359375 0.06875
3.0 0.275 0.75859375 0.0625 0.0546875
3.0 0.1546875 0.5734375 0.065625 0.053125
3.0 0.2375 0.61484375 0.1125 0.0734375
3.0 0.25078125 0.56171875 0.1203125 0.0953125
3.0 0.39296875 0.5125 0.0921875 0.065625
3.0 0.44609375 0.75 0.1859375 0.128125
3.0 0.53515625 0.6296875 0.1578125 0.096875
3.0 0.625 0.57734375 0.109375 0.0703125
3.0 0.46953125 0.4984375 0.1953125 0.1625
3.0 0.609375 0.41171875 0.06875 0.0546875
3.0 0.6421875 0.5 0.115625 0.08125
3.0 0.63515625 0.6703125 0.0546875 0.040625
3.0 0.265625 0.0921875 0.125 0.078125
