2.0 0.53828125 0.52109375 0.1546875 0.1203125
3.0 0.61328125 0.596875 0.0453125 0.103125
2.0 0.446875 0.415625 0.06875 0.18125
2.0 0.25 0.340625 0.084375 0.184375
2.0 0.36171875 0.553125 0.0984375 0.175
2.0 0.18359375 0.21640625 0.0921875 0.1203125
2.0 0.240625 0.11875 0.05 0.075
3.0 0.18828125 0.82578125 0.0578125 0.1015625
3.0 0.396875 0.95546875 0.1 0.0453125
3.0 0.31796875 0.925 0.0359375 0.146875
3.0 0.11171875 0.8359375 0.0609375 0.090625
3.0 0.228125 0.978125 0.0625 0.0375
3.0 0.55859375 0.9390625 0.0734375 0.1125
2.0 0.1421875 0.9734375 0.025 0.040625
2.0 0.2859375 0.4765625 0.040625 0.084375
