4.0 0.06953125 0.30078125 0.1390625 0.1078125
4.0 0.25390625 0.359375 0.1703125 0.121875
4.0 0.815625 0.4078125 0.221875 0.171875
4.0 0.86875 0.27265625 0.15 0.1171875
4.0 0.44609375 0.4890625 0.1390625 0.109375
4.0 0.6328125 0.59296875 0.3 0.1734375
4.0 0.8921875 0.596875 0.203125 0.16875
3.0 0.8875 0.54375 0.11875 0.0625
3.0 0.79296875 0.07265625 0.0453125 0.0296875
3.0 0.88046875 0.11796875 0.0765625 0.0484375
3.0 0.95625 0.053125 0.059375 0.090625
3.0 0.76875 0.3703125 0.1 0.071875
4.0 0.1734375 0.4203125 0.175 0.13125
4.0 0.33515625 0.1828125 0.2015625 0.096875
4.0 0.58046875 0.140625 0.2859375 0.0875
4.0 0.5609375 0.25078125 0.246875 0.1078125
