3.0 0.47734375 0.2296875 0.0703125 0.03125
3.0 0.609375 0.11171875 0.09375 0.0453125
6.0 0.665625 0.41875 0.271875 0.115625
6.0 0.47578125 0.58203125 0.1453125 0.1546875
6.0 0.49140625 0.48359375 0.0640625 0.0453125
6.0 0.46484375 0.471875 0.0421875 0.03125
6.0 0.54921875 0.51484375 0.0671875 0.1171875
6.0 0.3515625 0.53046875 0.075 0.1703125
3.0 0.35859375 0.575 0.0296875 0.046875
6.0 0.7328125 0.3046875 0.234375 0.103125
6.0 0.19453125 0.3390625 0.1328125 0.065625
3.0 0.94453125 0.45859375 0.0484375 0.0265625
