7.0 0.3890625 0.31796875 0.103125 0.0734375
7.0 0.39140625 0.4 0.1171875 0.109375
7.0 0.203125 0.06015625 0.175 0.1171875
7.0 0.09453125 0.3078125 0.1859375 0.146875
7.0 0.284375 0.5109375 0.090625 0.121875
7.0 0.45625 0.56796875 0.040625 0.0859375
7.0 0.64609375 0.278125 0.0890625 0.134375
3.0 0.89296875 0.34453125 0.0265625 0.0484375
7.0 0.65859375 0.73046875 0.1140625 0.1421875
7.0 0.5890625 0.66484375 0.059375 0.0703125
7.0 0.73046875 0.6453125 0.0671875 0.09375
7.0 0.78984375 0.5421875 0.1140625 0.140625
7.0 0.1125 0.7796875 0.1875 0.103125
3.0 0.31796875 0.60703125 0.0140625 0.0234375
3.0 0.525 0.35625 0.01875 0.05625
7.0 0.4375 0.16015625 0.128125 0.0734375
7.0 0.46328125 0.2296875 0.1328125 0.078125
7.0 0.4015625 0.60234375 0.090625 0.0609375
5.0 0.57578125 0.359375 0.0703125 0.103125
5.0 0.63984375 0.4578125 0.0609375 0.065625
5.0 0.47578125 0.3140625 0.1046875 0.08125
5.0 0.46171875 0.53046875 0.0890625 0.1171875
5.0 0.559375 0.45234375 0.01875 0.0640625
