7.0 0.2109375 0.88046875 0.2875 0.2359375
7.0 0.3609375 0.68203125 0.19375 0.1703125
7.0 0.1328125 0.67734375 0.259375 0.1453125
7.0 0.8390625 0.06484375 0.215625 0.1234375
7.0 0.546875 0.6328125 0.1375 0.11875
7.0 0.74609375 0.48203125 0.1890625 0.1671875
7.0 0.3734375 0.49453125 0.0625 0.0453125
7.0 0.334375 0.3265625 0.259375 0.275
7.0 0.45859375 0.21484375 0.2109375 0.1640625
7.0 0.4734375 0.8421875 0.23125 0.078125
3.0 0.6125 0.0796875 0.1 0.121875
3.0 0.08203125 0.8140625 0.1640625 0.115625
