7.0 0.6328125 0.65859375 0.54375 0.2046875
7.0 0.271875 0.84375 0.0875 0.040625
7.0 0.21796875 0.7828125 0.0609375 0.0875
7.0 0.13515625 0.7171875 0.0921875 0.084375
7.0 0.18671875 0.49296875 0.2890625 0.2171875
7.0 0.215625 0.36328125 0.1375 0.0609375
7.0 0.353125 0.32421875 0.11875 0.1046875
7.0 0.54921875 0.1671875 0.0640625 0.04375
7.0 0.3984375 0.13828125 0.103125 0.0609375
7.0 0.328125 0.0546875 0.153125 0.059375
7.0 0.23046875 0.02265625 0.0515625 0.0453125
7.0 0.70234375 0.07421875 0.2265625 0.1484375
7.0 0.825 0.3796875 0.2375 0.09375
