3.0 0.32578125 0.27421875 0.0828125 0.0421875
3.0 0.5203125 0.434375 0.08125 0.084375
3.0 0.24453125 0.53515625 0.0578125 0.0484375
3.0 0.51875 0.74140625 0.040625 0.0390625
3.0 0.68828125 0.940625 0.0640625 0.05
7.0 0.15 0.4046875 0.125 0.20625
7.0 0.07890625 0.40078125 0.0546875 0.0796875
7.0 0.2375 0.51171875 0.1 0.1203125
7.0 0.4390625 0.525 0.240625 0.253125
7.0 0.49140625 0.61015625 0.0984375 0.2265625
7.0 0.77109375 0.584375 0.2578125 0.340625
7.0 0.659375 0.75546875 0.05625 0.0765625
7.0 0.5546875 0.87890625 0.203125 0.0859375
