3.0 0.20703125 0.96015625 0.0671875 0.0796875
3.0 0.3265625 0.8203125 0.05625 0.078125
7.0 0.378125 0.82734375 0.09375 0.1234375
7.0 0.35390625 0.6265625 0.0546875 0.075
7.0 0.415625 0.61796875 0.096875 0.1328125
7.0 0.54140625 0.6171875 0.0953125 0.128125
3.0 0.47578125 0.41171875 0.0890625 0.1234375
3.0 0.5515625 0.31875 0.15625 0.203125
7.0 0.7171875 0.03046875 0.0875 0.0609375
7.0 0.83125 0.49921875 0.059375 0.0828125
3.0 0.53515625 0.82890625 0.0578125 0.0765625
7.0 0.21015625 0.6703125 0.0390625 0.046875
7.0 0.26015625 0.45390625 0.0671875 0.0953125
7.0 0.165625 0.39375 0.04375 0.053125
7.0 0.63203125 0.32734375 0.0421875 0.0578125
7.0 0.684375 0.30546875 0.071875 0.0890625
3.0 0.628125 0.77734375 0.04375 0.0578125
