3.0 0.66875 0.1875 0.09375 0.175
3.0 0.63515625 0.4140625 0.1046875 0.25
3.0 0.3265625 0.07421875 0.103125 0.1234375
3.0 0.2953125 0.27734375 0.196875 0.2390625
3.0 0.115625 0.29453125 0.140625 0.1859375
3.0 0.74453125 0.48359375 0.1140625 0.3265625
3.0 0.45859375 0.5875 0.2390625 0.171875
3.0 0.6421875 0.69375 0.228125 0.253125
3.0 0.4359375 0.734375 0.184375 0.115625
3.0 0.22734375 0.6828125 0.1203125 0.18125
3.0 0.22578125 0.82578125 0.2046875 0.2015625
3.0 0.06171875 0.94375 0.0859375 0.1125
3.0 0.390625 0.9484375 0.146875 0.103125
3.0 0.80546875 0.0875 0.1296875 0.134375
