7.0 0.259375 0.678125 0.196875 0.209375
7.0 0.43515625 0.60703125 0.0796875 0.1046875
7.0 0.5703125 0.57734375 0.13125 0.2046875
7.0 0.234375 0.484375 0.196875 0.084375
7.0 0.57265625 0.7140625 0.0921875 0.06875
7.0 0.66796875 0.50234375 0.1015625 0.1265625
7.0 0.45234375 0.38671875 0.0484375 0.0765625
7.0 0.396875 0.3140625 0.228125 0.075
7.0 0.5828125 0.29375 0.11875 0.071875
7.0 0.56015625 0.16171875 0.2359375 0.1203125
7.0 0.5171875 0.0484375 0.2625 0.096875
7.0 0.8671875 0.13515625 0.265625 0.1484375
7.0 0.83828125 0.3203125 0.1234375 0.040625
