4.0 0.48671875 0.40546875 0.7109375 0.2296875
3.0 0.31875 0.365625 0.209375 0.06875
3.0 0.7828125 0.89453125 0.121875 0.1734375
4.0 0.9078125 0.315625 0.18125 0.11875
3.0 0.7796875 0.3140625 0.059375 0.04375
7.0 0.90625 0.75390625 0.18125 0.1578125
3.0 0.94453125 0.89765625 0.1046875 0.1078125
7.0 0.84765625 0.5875 0.1265625 0.053125
7.0 0.71171875 0.69375 0.1109375 0.2125
3.0 0.696875 0.58046875 0.08125 0.0234375
3.0 0.7765625 0.540625 0.053125 0.028125
7.0 0.51328125 0.56640625 0.0734375 0.0515625
4.0 0.5296875 0.84765625 0.115625 0.1703125
3.0 0.490625 0.8328125 0.025 0.028125
3.0 0.54921875 0.90546875 0.0515625 0.0390625
7.0 0.0375 0.71171875 0.059375 0.0296875
