4.0 0.5984375 0.86171875 0.303125 0.1109375
3.0 0.48671875 0.12265625 0.2140625 0.0578125
3.0 0.265625 0.30859375 0.13125 0.1640625
5.0 0.934375 0.51171875 0.1 0.1515625
3.0 0.58828125 0.23671875 0.2421875 0.1046875
3.0 0.16171875 0.14453125 0.1015625 0.0921875
3.0 0.0625 0.0390625 0.1 0.05
3.0 0.03671875 0.08671875 0.0640625 0.0453125
7.0 0.534375 0.075 0.271875 0.084375
7.0 0.0421875 0.5546875 0.04375 0.090625
4.0 0.50390625 0.296875 0.1515625 0.08125
5.0 0.78515625 0.44765625 0.0765625 0.1171875
3.0 0.5640625 0.609375 0.084375 0.03125
4.0 0.36640625 0.9390625 0.1921875 0.121875
4.0 0.27109375 0.48515625 0.1765625 0.1328125
5.0 0.40390625 0.50546875 0.0734375 0.1046875
