7.0 0.5765625 0.77109375 0.19375 0.2015625
7.0 0.6546875 0.715625 0.0875 0.040625
7.0 0.66953125 0.95078125 0.0578125 0.0859375
7.0 0.58671875 0.95703125 0.0921875 0.0328125
7.0 0.56640625 0.49375 0.2828125 0.18125
3.0 0.66015625 0.42109375 0.0671875 0.0578125
3.0 0.62265625 0.146875 0.0921875 0.053125
3.0 0.5140625 0.3828125 0.08125 0.040625
4.0 0.2640625 0.43984375 0.215625 0.2390625
3.0 0.8875 0.4546875 0.053125 0.0375
3.0 0.86484375 0.39765625 0.0640625 0.0265625
3.0 0.25546875 0.22265625 0.0515625 0.0453125
