4.0 0.2953125 0.33984375 0.321875 0.3765625
4.0 0.5046875 0.60234375 0.19375 0.3265625
4.0 0.6734375 0.68515625 0.196875 0.2890625
3.0 0.48203125 0.515625 0.1171875 0.11875
3.0 0.52734375 0.646875 0.0859375 0.146875
3.0 0.78046875 0.64765625 0.0921875 0.1078125
3.0 0.18046875 0.29765625 0.0515625 0.0640625
3.0 0.621875 0.48125 0.090625 0.109375
3.0 0.1609375 0.60234375 0.05625 0.0671875
3.0 0.8625 0.190625 0.071875 0.096875
3.0 0.44453125 0.0609375 0.0921875 0.1
3.0 0.99609375 0.753125 0.0078125 0.05625
4.0 0.34296875 0.80546875 0.2234375 0.3890625
