7.0 0.8140625 0.79609375 0.125 0.1171875
7.0 0.92890625 0.8828125 0.0984375 0.078125
7.0 0.9546875 0.80703125 0.0375 0.0453125
7.0 0.73671875 0.68671875 0.0796875 0.0546875
7.0 0.4265625 0.4609375 0.190625 0.096875
7.0 0.425 0.309375 0.196875 0.20625
7.0 0.57421875 0.38359375 0.0703125 0.1890625
7.0 0.6578125 0.40234375 0.034375 0.1015625
7.0 0.68359375 0.41875 0.0453125 0.08125
7.0 0.95234375 0.4234375 0.0953125 0.103125
3.0 0.859375 0.47890625 0.09375 0.0453125
7.0 0.821875 0.29609375 0.06875 0.1109375
7.0 0.81171875 0.14921875 0.1203125 0.1328125
3.0 0.8734375 0.2234375 0.034375 0.0375
7.0 0.93046875 0.1 0.1109375 0.1625
7.0 0.95625 0.3375 0.053125 0.05
7.0 0.93984375 0.228125 0.0890625 0.065625
7.0 0.95 0.5421875 0.0875 0.1
7.0 0.98515625 0.628125 0.0296875 0.040625
7.0 0.73046875 0.4234375 0.0453125 0.05
3.0 0.52421875 0.54375 0.0546875 0.04375
3.0 0.6078125 0.5265625 0.034375 0.028125
3.0 0.6046875 0.57578125 0.040625 0.0296875
3.0 0.4703125 0.5796875 0.025 0.0625
7.0 0.50859375 0.7890625 0.0234375 0.071875
3.0 0.53671875 0.78359375 0.0265625 0.0546875
7.0 0.6875 0.228125 0.065625 0.115625
7.0 0.9859375 0.6859375 0.028125 0.065625
3.0 0.309375 0.58515625 0.0375 0.0453125
3.0 0.57265625 0.81171875 0.0203125 0.0390625
