4.0 0.06953125 0.69765625 0.1390625 0.1078125
4.0 0.25390625 0.63828125 0.1703125 0.1203125
4.0 0.815625 0.590625 0.221875 0.171875
4.0 0.86875 0.72578125 0.15 0.1171875
4.0 0.44609375 0.509375 0.1390625 0.109375
4.0 0.6328125 0.40546875 0.3 0.1734375
4.0 0.8921875 0.4015625 0.203125 0.16875
3.0 0.8875 0.4546875 0.11875 0.0625
3.0 0.79296875 0.92578125 0.0453125 0.0296875
3.0 0.88046875 0.88046875 0.0765625 0.0484375
3.0 0.95625 0.9453125 0.059375 0.090625
3.0 0.76875 0.628125 0.1 0.071875
4.0 0.1734375 0.578125 0.175 0.13125
4.0 0.33515625 0.815625 0.2015625 0.096875
4.0 0.58046875 0.8578125 0.2859375 0.0875
4.0 0.5609375 0.74765625 0.246875 0.1078125
