7.0 0.85546875 0.2421875 0.1796875 0.165625
7.0 0.975 0.11796875 0.05 0.1109375
7.0 0.7453125 0.39765625 0.1125 0.0796875
7.0 0.30234375 0.72109375 0.2734375 0.1390625
7.0 0.30078125 0.8953125 0.2796875 0.209375
7.0 0.51328125 0.83203125 0.1015625 0.2703125
7.0 0.6328125 0.80546875 0.05 0.1453125
7.0 0.66953125 0.78203125 0.0640625 0.1171875
7.0 0.99296875 0.77421875 0.0140625 0.1453125
3.0 0.92109375 0.69609375 0.1328125 0.0640625
7.0 0.86796875 0.93828125 0.0984375 0.1234375
7.0 0.73671875 0.775 0.0640625 0.071875
3.0 0.44140625 0.60390625 0.0796875 0.0640625
3.0 0.56015625 0.62734375 0.0484375 0.0421875
3.0 0.55625 0.55703125 0.05625 0.0421875
3.0 0.36484375 0.5515625 0.0328125 0.090625
7.0 0.41953125 0.25234375 0.0328125 0.1015625
3.0 0.459375 0.259375 0.0375 0.078125
7.0 0.67578125 0.9859375 0.0953125 0.028125
3.0 0.13515625 0.54375 0.0546875 0.065625
3.0 0.5109375 0.2203125 0.03125 0.05625
