7.0 0.9578125 0.44375 0.078125 0.1
7.0 0.659375 0.67578125 0.125 0.2546875
7.0 0.73671875 0.3828125 0.1828125 0.240625
3.0 0.6125 0.47421875 0.059375 0.0453125
3.0 0.54765625 0.40703125 0.0609375 0.0734375
7.0 0.5296875 0.9125 0.078125 0.16875
7.0 0.3109375 0.6421875 0.103125 0.2
7.0 0.15859375 0.43515625 0.1671875 0.1890625
7.0 0.2359375 0.05703125 0.11875 0.1140625
3.0 0.15703125 0.32578125 0.0359375 0.0265625
3.0 0.146875 0.3015625 0.053125 0.01875
7.0 0.12578125 0.75625 0.1203125 0.153125
7.0 0.02265625 0.8421875 0.0453125 0.115625
7.0 0.23046875 0.7109375 0.0984375 0.121875
7.0 0.3234375 0.29609375 0.05625 0.0859375
7.0 0.42734375 0.1234375 0.0296875 0.084375
7.0 0.8171875 0.64921875 0.1375 0.1390625
7.0 0.871875 0.765625 0.090625 0.134375
7.0 0.896875 0.10234375 0.140625 0.1390625
7.0 0.89140625 0.26796875 0.1484375 0.0765625
7.0 0.7796875 0.9578125 0.0625 0.08125
7.0 0.5140625 0.596875 0.090625 0.1375
3.0 0.48359375 0.675 0.0234375 0.015625
