4.0 0.7234375 0.834375 0.459375 0.33125
4.0 0.56328125 0.25703125 0.5328125 0.5078125
4.0 0.93359375 0.2609375 0.1296875 0.5125
3.0 0.75859375 0.59453125 0.1421875 0.1421875
3.0 0.60234375 0.9046875 0.0984375 0.190625
3.0 0.69140625 0.35390625 0.2265625 0.1109375
3.0 0.68671875 0.48203125 0.1515625 0.0578125
3.0 0.67734375 0.1671875 0.1828125 0.11875
3.0 0.8171875 0.16171875 0.065625 0.1078125
3.0 0.84140625 0.31171875 0.0421875 0.0859375
3.0 0.94140625 0.1046875 0.0609375 0.2
4.0 0.4015625 0.83359375 0.146875 0.3328125
4.0 0.2234375 0.4078125 0.196875 0.2625
4.0 0.23984375 0.725 0.2234375 0.2
3.0 0.3984375 0.86015625 0.075 0.2328125
3.0 0.3203125 0.640625 0.040625 0.05
3.0 0.24296875 0.7171875 0.1078125 0.184375
3.0 0.20078125 0.471875 0.1140625 0.10625
3.0 0.2296875 0.31796875 0.159375 0.0484375
3.0 0.86640625 0.5640625 0.0328125 0.034375
3.0 0.88046875 0.76875 0.0921875 0.1125
3.0 0.77265625 0.71328125 0.1234375 0.0515625
3.0 0.4578125 0.63046875 0.059375 0.0578125
3.0 0.3703125 0.45078125 0.1 0.1015625
