3.0 0.475 0.23984375 0.15 0.1578125
3.0 0.23046875 0.12109375 0.2234375 0.0859375
3.0 0.09140625 0.2140625 0.0609375 0.06875
3.0 0.03515625 0.2796875 0.0515625 0.05
3.0 0.03515625 0.1921875 0.0484375 0.05625
3.0 0.809375 0.27265625 0.040625 0.0484375
3.0 0.7609375 0.24765625 0.0375 0.0828125
3.0 0.58046875 0.38359375 0.1015625 0.0421875
3.0 0.71640625 0.35390625 0.0546875 0.0296875
3.0 0.9421875 0.40546875 0.084375 0.0515625
3.0 0.82578125 0.353125 0.0859375 0.075
3.0 0.7484375 0.5375 0.24375 0.065625
3.0 0.62265625 0.44921875 0.2140625 0.0546875
3.0 0.20859375 0.4234375 0.2109375 0.071875
3.0 0.2328125 0.36796875 0.0375 0.0171875
3.0 0.21171875 0.26796875 0.0734375 0.0921875
3.0 0.38515625 0.3140625 0.1140625 0.11875
3.0 0.38984375 0.40234375 0.1234375 0.0421875
3.0 0.23359375 0.60703125 0.0859375 0.0796875
3.0 0.23359375 0.54375 0.0828125 0.021875
3.0 0.12265625 0.63828125 0.1515625 0.1671875
3.0 0.48671875 0.7328125 0.1046875 0.0875
3.0 0.9734375 0.6609375 0.046875 0.0375
