7.0 0.95390625 0.64765625 0.0828125 0.1484375
7.0 0.82890625 0.70234375 0.1328125 0.0703125
7.0 0.9578125 0.534375 0.06875 0.071875
7.0 0.940625 0.46953125 0.10625 0.0921875
7.0 0.90546875 0.5484375 0.0328125 0.0625
7.0 0.8453125 0.56484375 0.059375 0.0203125
7.0 0.7828125 0.609375 0.146875 0.06875
7.0 0.73515625 0.5296875 0.0578125 0.0375
7.0 0.5421875 0.5953125 0.209375 0.16875
7.0 0.5 0.48203125 0.15 0.0609375
7.0 0.3578125 0.36484375 0.125 0.0859375
3.0 0.215625 0.3703125 0.06875 0.08125
3.0 0.11015625 0.35234375 0.0921875 0.0515625
7.0 0.24765625 0.740625 0.0953125 0.053125
3.0 0.4265625 0.734375 0.03125 0.028125
3.0 0.3 0.97265625 0.075 0.0328125
3.0 0.078125 0.9765625 0.09375 0.04375
3.0 0.81953125 0.90390625 0.0578125 0.0328125
3.0 0.07890625 0.50546875 0.0609375 0.0984375
3.0 0.146875 0.7046875 0.08125 0.065625
3.0 0.27265625 0.6078125 0.0265625 0.025
3.0 0.80625 0.484375 0.0625 0.04375
3.0 0.74609375 0.453125 0.0640625 0.059375
3.0 0.7421875 0.28984375 0.19375 0.0796875
3.0 0.92109375 0.26875 0.0828125 0.04375
7.0 0.22890625 0.25546875 0.0453125 0.0234375
3.0 0.196875 0.6671875 0.03125 0.05
3.0 0.2875 0.85546875 0.078125 0.0484375
