3.0 0.8171875 0.96015625 0.125 0.0484375
3.0 0.45859375 0.865625 0.0734375 0.0625
3.0 0.38359375 0.8765625 0.0640625 0.05
3.0 0.50546875 0.64453125 0.0421875 0.0671875
7.0 0.1046875 0.39765625 0.190625 0.4046875
7.0 0.140625 0.06171875 0.075 0.1203125
7.0 0.63984375 0.7296875 0.1828125 0.23125
7.0 0.790625 0.77734375 0.0625 0.0859375
7.0 0.7375 0.45390625 0.1 0.0828125
7.0 0.85859375 0.3359375 0.2703125 0.175
7.0 0.465625 0.30078125 0.109375 0.1046875
7.0 0.3671875 0.36640625 0.121875 0.2515625
7.0 0.5765625 0.209375 0.115625 0.225
7.0 0.91484375 0.85 0.0796875 0.115625
7.0 0.965625 0.71875 0.0625 0.14375
7.0 0.7421875 0.5546875 0.096875 0.08125
