7.0 0.4140625 0.671875 0.178125 0.103125
7.0 0.5546875 0.9265625 0.08125 0.071875
7.0 0.54609375 0.88046875 0.1453125 0.0609375
7.0 0.53125 0.72734375 0.078125 0.0484375
7.0 0.70078125 0.8921875 0.0640625 0.071875
7.0 0.66875 0.7390625 0.078125 0.11875
7.0 0.6 0.4859375 0.075 0.178125
7.0 0.55234375 0.503125 0.0296875 0.103125
7.0 0.76953125 0.23359375 0.1515625 0.1578125
7.0 0.43671875 0.284375 0.0703125 0.19375
7.0 0.271875 0.35859375 0.0625 0.1046875
7.0 0.46328125 0.51953125 0.0609375 0.1015625
7.0 0.58125 0.2484375 0.05 0.1375
7.0 0.4953125 0.115625 0.096875 0.05
7.0 0.509375 0.16484375 0.1125 0.0453125
7.0 0.5359375 0.2375 0.05 0.090625
3.0 0.18359375 0.4328125 0.0859375 0.040625
7.0 0.3171875 0.503125 0.08125 0.0625
