4.0 0.2390625 0.1125 0.2875 0.196875
3.0 0.2765625 0.103125 0.16875 0.0875
3.0 0.3546875 0.140625 0.078125 0.10625
3.0 0.4125 0.19296875 0.03125 0.0421875
3.0 0.07890625 0.46484375 0.0609375 0.1296875
3.0 0.321875 0.753125 0.125 0.303125
3.0 0.315625 0.51953125 0.0625 0.0890625
4.0 0.39765625 0.45546875 0.0671875 0.0765625
3.0 0.8078125 0.72421875 0.3625 0.1265625
3.0 0.80234375 0.55546875 0.0671875 0.1171875
3.0 0.94140625 0.32421875 0.0828125 0.0859375
3.0 0.590625 0.34296875 0.24375 0.1796875
2.0 0.58671875 0.45390625 0.1265625 0.0796875
3.0 0.65625 0.334375 0.04375 0.14375
3.0 0.71796875 0.2359375 0.0828125 0.103125
3.0 0.6265625 0.1921875 0.06875 0.1
3.0 0.17578125 0.81484375 0.1046875 0.1171875
