7.0 0.14765625 0.4390625 0.1359375 0.203125
7.0 0.140625 0.27890625 0.078125 0.0671875
7.0 0.290625 0.2484375 0.065625 0.05
7.0 0.3828125 0.3234375 0.065625 0.090625
7.0 0.49296875 0.59609375 0.0546875 0.1421875
7.0 0.6953125 0.62578125 0.15 0.1671875
7.0 0.45234375 0.76640625 0.2046875 0.1359375
7.0 0.57578125 0.584375 0.0234375 0.053125
7.0 0.61796875 0.49921875 0.0203125 0.0296875
7.0 0.60078125 0.36640625 0.0671875 0.1796875
7.0 0.553125 0.22421875 0.071875 0.1421875
7.0 0.78515625 0.43125 0.0671875 0.178125
7.0 0.925 0.2171875 0.053125 0.059375
7.0 0.86328125 0.36015625 0.0421875 0.0546875
7.0 0.90546875 0.39140625 0.0484375 0.0703125
7.0 0.9 0.11171875 0.10625 0.0984375
7.0 0.79921875 0.1453125 0.0515625 0.046875
3.0 0.790625 0.15 0.03125 0.021875
3.0 0.44140625 0.065625 0.0203125 0.021875
7.0 0.41015625 0.4984375 0.0515625 0.0375
7.0 0.93828125 0.5078125 0.1234375 0.1
