3.0 0.965625 0.78125 0.034375 0.040625
3.0 0.8875 0.37109375 0.025 0.0390625
3.0 0.5359375 0.15234375 0.03125 0.0390625
3.0 0.575 0.25703125 0.05 0.0453125
3.0 0.4265625 0.05859375 0.025 0.0421875
3.0 0.359375 0.45703125 0.028125 0.0265625
3.0 0.296875 0.434375 0.01875 0.03125
3.0 0.53828125 0.55703125 0.0234375 0.0515625
3.0 0.603125 0.46171875 0.028125 0.0421875
3.0 0.946875 0.7 0.0375 0.053125
3.0 0.9875 0.9046875 0.021875 0.053125
3.0 0.7546875 0.40625 0.028125 0.046875
3.0 0.69921875 0.15390625 0.0203125 0.0234375
3.0 0.5546875 0.671875 0.021875 0.05
3.0 0.6453125 0.6671875 0.01875 0.03125
