4.0 0.33828125 0.4625 0.2296875 0.1625
4.0 0.23984375 0.3078125 0.1921875 0.21875
4.0 0.69140625 0.8828125 0.1234375 0.128125
4.0 0.5125 0.57578125 0.15625 0.1546875
4.0 0.509375 0.09375 0.309375 0.16875
4.0 0.89921875 0.79921875 0.1953125 0.3859375
4.0 0.103125 0.7828125 0.20625 0.409375
4.0 0.0609375 0.3234375 0.115625 0.203125
3.0 0.84921875 0.2890625 0.0390625 0.075
3.0 0.65546875 0.33359375 0.0734375 0.0859375
3.0 0.60390625 0.6578125 0.0671875 0.0875
3.0 0.26328125 0.31953125 0.0828125 0.1890625
3.0 0.03671875 0.3453125 0.0578125 0.121875
3.0 0.76484375 0.02578125 0.0515625 0.0421875
3.0 0.35625 0.8328125 0.096875 0.075
3.0 0.82890625 0.9125 0.0421875 0.0875
3.0 0.915625 0.9609375 0.05625 0.071875
3.0 0.678125 0.8640625 0.04375 0.078125
