3.0 0.15625 0.54921875 0.08125 0.0546875
3.0 0.4125 0.51015625 0.05625 0.0953125
3.0 0.51484375 0.4515625 0.0828125 0.128125
3.0 0.45 0.40625 0.05 0.0375
3.0 0.8078125 0.59609375 0.040625 0.0828125
3.0 0.65546875 0.315625 0.0765625 0.165625
3.0 0.75078125 0.384375 0.0203125 0.040625
7.0 0.91640625 0.25390625 0.0765625 0.1453125
3.0 0.303125 0.459375 0.04375 0.16875
3.0 0.26875 0.10234375 0.059375 0.0890625
3.0 0.425 0.89375 0.06875 0.1
3.0 0.08984375 0.240625 0.0328125 0.10625
3.0 0.859375 0.92109375 0.028125 0.0671875
3.0 0.84609375 0.1578125 0.0328125 0.021875
