7.0 0.40625 0.3796875 0.26875 0.209375
7.0 0.8421875 0.6328125 0.309375 0.325
3.0 0.98828125 0.75390625 0.0234375 0.1890625
7.0 0.1640625 0.82578125 0.09375 0.1234375
7.0 0.1984375 0.53515625 0.140625 0.1859375
7.0 0.9515625 0.0875 0.096875 0.175
7.0 0.67578125 0.2015625 0.0890625 0.084375
7.0 0.80859375 0.3171875 0.1265625 0.096875
7.0 0.03203125 0.8 0.0640625 0.134375
7.0 0.00546875 0.9265625 0.0109375 0.128125
7.0 0.853125 0.9703125 0.203125 0.059375
7.0 0.64453125 0.7390625 0.0828125 0.11875
7.0 0.36875 0.56640625 0.15 0.1296875
7.0 0.51328125 0.6359375 0.0546875 0.046875
7.0 0.04609375 0.62421875 0.0921875 0.1578125
3.0 0.103125 0.096875 0.05 0.0625
3.0 0.2234375 0.41015625 0.053125 0.0578125
