7.0 0.5203125 0.25703125 0.20625 0.1640625
7.0 0.41328125 0.2984375 0.1109375 0.08125
7.0 0.18828125 0.25859375 0.1984375 0.1578125
3.0 0.521875 0.38203125 0.190625 0.1359375
7.0 0.509375 0.11484375 0.178125 0.1453125
7.0 0.7328125 0.09140625 0.340625 0.1828125
7.0 0.9828125 0.375 0.034375 0.084375
7.0 0.31171875 0.6390625 0.2921875 0.221875
7.0 0.02890625 0.55 0.0578125 0.115625
7.0 0.37109375 0.75 0.0828125 0.0625
7.0 0.5265625 0.8046875 0.08125 0.059375
7.0 0.74296875 0.6640625 0.3984375 0.2875
