3.0 0.378125 0.3546875 0.196875 0.084375
4.0 0.1484375 0.525 0.296875 0.34375
3.0 0.51015625 0.20546875 0.1234375 0.1140625
3.0 0.64921875 0.43828125 0.1953125 0.2109375
3.0 0.715625 0.90625 0.128125 0.125
7.0 0.70234375 0.8390625 0.2140625 0.153125
3.0 0.1140625 0.2 0.084375 0.109375
3.0 0.015625 0.2828125 0.03125 0.10625
3.0 0.82109375 0.54609375 0.0984375 0.0421875
3.0 0.978125 0.72734375 0.04375 0.0640625
3.0 0.8625 0.4171875 0.096875 0.171875
3.0 0.95625 0.43515625 0.0875 0.2234375
3.0 0.978125 0.303125 0.04375 0.16875
3.0 0.38046875 0.50078125 0.0859375 0.0546875
