3.0 0.2109375 0.49765625 0.090625 0.0453125
3.0 0.378125 0.72421875 0.109375 0.1046875
3.0 0.60234375 0.78515625 0.0828125 0.0390625
3.0 0.50234375 0.78359375 0.0953125 0.0484375
3.0 0.2 0.5625 0.0875 0.05625
3.0 0.809375 0.465625 0.046875 0.05
2.0 0.65 0.4203125 0.06875 0.059375
2.0 0.75 0.46640625 0.053125 0.0265625
2.0 0.51875 0.45 0.140625 0.1625
2.0 0.47734375 0.30703125 0.1515625 0.0546875
3.0 0.79296875 0.14375 0.0421875 0.034375
3.0 0.8640625 0.1765625 0.034375 0.03125
3.0 0.925 0.221875 0.025 0.021875
3.0 0.96875 0.253125 0.03125 0.025
3.0 0.62421875 0.96796875 0.0640625 0.0359375
3.0 0.82109375 0.86796875 0.0421875 0.0609375
