3.0 0.46328125 0.15 0.0484375 0.075
7.0 0.74140625 0.58046875 0.2078125 0.2359375
7.0 0.6765625 0.2671875 0.31875 0.140625
7.0 0.5125 0.121875 0.05625 0.065625
7.0 0.36796875 0.1015625 0.1109375 0.1
7.0 0.3609375 0.2921875 0.0375 0.028125
7.0 0.39921875 0.3234375 0.0421875 0.025
7.0 0.3203125 0.33359375 0.0625 0.0359375
7.0 0.21015625 0.39609375 0.0796875 0.1359375
3.0 0.428125 0.59609375 0.1375 0.0296875
7.0 0.0109375 0.89921875 0.021875 0.2015625
3.0 0.6296875 0.97890625 0.1125 0.0421875
7.0 0.61015625 0.86875 0.1109375 0.06875
7.0 0.50703125 0.73359375 0.1546875 0.0765625
