4.0 0.66015625 0.5359375 0.2296875 0.1625
4.0 0.75859375 0.690625 0.1921875 0.21875
4.0 0.30703125 0.11484375 0.1234375 0.1265625
4.0 0.4859375 0.42265625 0.15625 0.1546875
4.0 0.4890625 0.9046875 0.309375 0.16875
4.0 0.09921875 0.19921875 0.1953125 0.3859375
4.0 0.89609375 0.215625 0.2078125 0.409375
4.0 0.9375 0.675 0.115625 0.203125
3.0 0.14921875 0.70859375 0.0390625 0.0734375
3.0 0.34296875 0.66484375 0.0734375 0.0859375
3.0 0.39453125 0.340625 0.0671875 0.0875
3.0 0.73515625 0.67890625 0.0828125 0.1890625
3.0 0.96015625 0.653125 0.0578125 0.121875
3.0 0.23359375 0.97265625 0.0515625 0.0421875
3.0 0.6421875 0.165625 0.096875 0.075
3.0 0.16875 0.08515625 0.04375 0.0859375
3.0 0.0828125 0.0375 0.05625 0.071875
3.0 0.3203125 0.134375 0.04375 0.078125
