3.0 0.26875 0.6203125 0.059375 0.028125
3.0 0.43984375 0.61171875 0.0765625 0.0453125
3.0 0.46328125 0.68359375 0.0546875 0.0421875
3.0 0.5296875 0.44296875 0.084375 0.1453125
3.0 0.39921875 0.14296875 0.0296875 0.0359375
3.0 0.89609375 0.54375 0.0953125 0.075
3.0 0.87421875 0.7890625 0.1296875 0.04375
7.0 0.17890625 0.740625 0.1765625 0.046875
7.0 0.1390625 0.79609375 0.028125 0.0453125
7.0 0.0375 0.71796875 0.05625 0.0578125
7.0 0.18359375 0.70234375 0.0359375 0.0171875
7.0 0.01953125 0.56171875 0.0390625 0.0515625
