4.0 0.5484375 0.68046875 0.21875 0.2828125
4.0 0.3796875 0.765625 0.178125 0.20625
4.0 0.42421875 0.45 0.3015625 0.20625
4.0 0.8078125 0.7296875 0.275 0.34375
4.0 0.7171875 0.35703125 0.24375 0.2171875
4.0 0.80859375 0.21171875 0.2515625 0.1421875
4.0 0.9578125 0.37421875 0.084375 0.1734375
4.0 0.29921875 0.14296875 0.3671875 0.1203125
3.0 0.5625 0.60625 0.11875 0.10625
3.0 0.37734375 0.78203125 0.1015625 0.0984375
3.0 0.45078125 0.4796875 0.2046875 0.096875
3.0 0.740625 0.37890625 0.109375 0.1140625
3.0 0.82265625 0.20546875 0.1578125 0.0890625
