3.0 0.79609375 0.27578125 0.1265625 0.0890625
3.0 0.7078125 0.1828125 0.046875 0.03125
3.0 0.59296875 0.203125 0.1453125 0.065625
3.0 0.58125 0.41484375 0.103125 0.0390625
3.0 0.8375 0.54375 0.153125 0.034375
3.0 0.79296875 0.48828125 0.0390625 0.0203125
3.0 0.53046875 0.55625 0.1765625 0.121875
3.0 0.815625 0.64765625 0.221875 0.0640625
3.0 0.35078125 0.5859375 0.1078125 0.13125
3.0 0.46953125 0.65703125 0.1203125 0.0359375
3.0 0.25 0.5953125 0.05625 0.065625
3.0 0.025 0.45859375 0.05 0.0515625
3.0 0.03515625 0.384375 0.0703125 0.0875
3.0 0.315625 0.4203125 0.06875 0.05625
3.0 0.3109375 0.88125 0.071875 0.065625
3.0 0.56875 0.93828125 0.04375 0.0578125
3.0 0.1125 0.86171875 0.05 0.0640625
3.0 0.2484375 0.81796875 0.078125 0.0671875
3.0 0.16796875 0.89296875 0.0765625 0.0921875
3.0 0.04375 0.12265625 0.059375 0.0515625
3.0 0.21875 0.43984375 0.084375 0.0390625
3.0 0.07578125 0.5765625 0.1015625 0.05
3.0 0.3546875 0.69453125 0.05 0.0453125
3.0 0.11171875 0.11953125 0.0796875 0.0671875
3.0 0.0421875 0.225 0.075 0.021875
3.0 0.4796875 0.921875 0.065625 0.05625
