4.0 0.4515625 0.29921875 0.23125 0.3109375
3.0 0.471875 0.2484375 0.075 0.121875
3.0 0.425 0.3125 0.046875 0.053125
3.0 0.41015625 0.41015625 0.1390625 0.0890625
3.0 0.1828125 0.5734375 0.115625 0.078125
3.0 0.22734375 0.6234375 0.0515625 0.025
3.0 0.1875 0.65625 0.059375 0.028125
4.0 0.19921875 0.41640625 0.1078125 0.1390625
3.0 0.18984375 0.4546875 0.0578125 0.065625
4.0 0.69921875 0.30703125 0.3046875 0.1078125
3.0 0.63515625 0.28671875 0.0953125 0.0296875
3.0 0.7125 0.32578125 0.053125 0.0328125
3.0 0.5890625 0.396875 0.053125 0.05
4.0 0.83203125 0.42890625 0.1328125 0.0828125
4.0 0.82109375 0.56328125 0.3453125 0.1953125
3.0 0.87109375 0.6046875 0.2046875 0.06875
3.0 0.6765625 0.6359375 0.071875 0.05
3.0 0.85859375 0.38515625 0.0296875 0.0390625
3.0 0.246875 0.2625 0.06875 0.071875
7.0 0.07734375 0.03515625 0.1546875 0.0703125
7.0 0.04296875 0.1390625 0.0859375 0.109375
4.0 0.35625 0.0359375 0.159375 0.071875
3.0 0.2375 0.146875 0.04375 0.028125
3.0 0.46875 0.10859375 0.03125 0.0453125
3.0 0.42109375 0.1828125 0.0328125 0.03125
4.0 0.22109375 0.76484375 0.2390625 0.1734375
4.0 0.81328125 0.8640625 0.3703125 0.271875
4.0 0.45625 0.9296875 0.303125 0.109375
4.0 0.2625 0.93203125 0.071875 0.1359375
3.0 0.21171875 0.753125 0.0484375 0.025
3.0 0.16640625 0.73125 0.0578125 0.04375
3.0 0.19140625 0.81171875 0.1265625 0.0453125
3.0 0.55 0.6890625 0.071875 0.03125
