3.0 0.9265625 0.059375 0.140625 0.075
3.0 0.9453125 0.23203125 0.109375 0.0796875
7.0 0.87109375 0.20625 0.0546875 0.065625
7.0 0.94453125 0.19453125 0.0390625 0.0203125
7.0 0.81171875 0.15078125 0.0984375 0.0390625
3.0 0.73671875 0.2609375 0.0578125 0.065625
3.0 0.85390625 0.4328125 0.1109375 0.084375
3.0 0.9421875 0.440625 0.078125 0.059375
3.0 0.515625 0.47421875 0.0625 0.0484375
3.0 0.571875 0.53671875 0.0625 0.0859375
3.0 0.590625 0.46328125 0.04375 0.0390625
3.0 0.521875 0.3859375 0.10625 0.03125
3.0 0.52421875 0.296875 0.0703125 0.04375
3.0 0.59609375 0.2625 0.0359375 0.046875
3.0 0.43828125 0.2625 0.0734375 0.040625
3.0 0.47890625 0.06875 0.0515625 0.05625
3.0 0.175 0.3421875 0.05625 0.0375
3.0 0.1375 0.37578125 0.034375 0.0203125
3.0 0.14453125 0.44375 0.0609375 0.05625
3.0 0.228125 0.5640625 0.103125 0.096875
3.0 0.315625 0.603125 0.096875 0.15625
3.0 0.45234375 0.5015625 0.0421875 0.05
3.0 0.5140625 0.5390625 0.134375 0.125
3.0 0.646875 0.5671875 0.09375 0.078125
3.0 0.06015625 0.9234375 0.1203125 0.065625
3.0 0.7078125 0.96171875 0.021875 0.0671875
3.0 0.60078125 0.953125 0.1296875 0.05
3.0 0.921875 0.825 0.046875 0.0375
3.0 0.9265625 0.66640625 0.034375 0.0421875
3.0 0.98125 0.5703125 0.028125 0.034375
3.0 0.9703125 0.61953125 0.040625 0.0453125
3.0 0.621875 0.628125 0.096875 0.034375
3.0 0.03359375 0.60625 0.0671875 0.065625
3.0 0.0234375 0.5390625 0.034375 0.028125
3.0 0.08671875 0.36328125 0.0390625 0.0296875
3.0 0.2 0.07578125 0.09375 0.0546875
3.0 0.1234375 0.17578125 0.059375 0.0546875
3.0 0.42890625 0.35078125 0.0609375 0.0890625
