7.0 0.371875 0.87265625 0.171875 0.1265625
7.0 0.9046875 0.76484375 0.190625 0.1515625
7.0 0.58359375 0.92734375 0.1953125 0.1453125
7.0 0.42265625 0.96015625 0.0796875 0.0796875
7.0 0.29921875 0.6296875 0.1171875 0.125
7.0 0.57578125 0.75 0.0890625 0.090625
7.0 0.5671875 0.58203125 0.128125 0.0703125
4.0 0.1875 0.3359375 0.203125 0.09375
7.0 0.2 0.39296875 0.10625 0.0390625
4.0 0.25625 0.6703125 0.21875 0.275
4.0 0.57890625 0.5859375 0.1828125 0.090625
4.0 0.88203125 0.75859375 0.2359375 0.1890625
4.0 0.57578125 0.9125 0.2328125 0.175
