7.0 0.43671875 0.31015625 0.1828125 0.1703125
7.0 0.55234375 0.6203125 0.0890625 0.11875
7.0 0.5203125 0.5390625 0.10625 0.109375
7.0 0.2890625 0.6015625 0.084375 0.203125
7.0 0.359375 0.6109375 0.1 0.15
3.0 0.30234375 0.96953125 0.0671875 0.0515625
3.0 0.38203125 0.9796875 0.0390625 0.034375
3.0 0.0296875 0.5828125 0.05 0.103125
3.0 0.075 0.6921875 0.06875 0.15625
3.0 0.05078125 0.50078125 0.0484375 0.0390625
3.0 0.10390625 0.85625 0.0421875 0.040625
3.0 0.19765625 0.47265625 0.0328125 0.0328125
3.0 0.3 0.35 0.05625 0.04375
3.0 0.28984375 0.30546875 0.0921875 0.0484375
3.0 0.08515625 0.32265625 0.0328125 0.0640625
7.0 0.36484375 0.75234375 0.0296875 0.0421875
7.0 0.4453125 0.48203125 0.03125 0.0671875
7.0 0.4078125 0.49375 0.028125 0.034375
7.0 0.53203125 0.715625 0.0359375 0.0625
3.0 0.77734375 0.76484375 0.0421875 0.0328125
3.0 0.78203125 0.89921875 0.0296875 0.0796875
3.0 0.81328125 0.8640625 0.0328125 0.034375
3.0 0.90390625 0.778125 0.0484375 0.0625
4.0 0.77421875 0.709375 0.2171875 0.090625
3.0 0.81875 0.540625 0.034375 0.04375
3.0 0.73671875 0.33046875 0.0484375 0.1046875
3.0 0.6078125 0.30234375 0.01875 0.0390625
