7.0 0.075 0.5609375 0.15 0.14375
7.0 0.36484375 0.24921875 0.1265625 0.0984375
7.0 0.3984375 0.51171875 0.246875 0.1578125
7.0 0.55546875 0.45859375 0.1484375 0.1546875
7.0 0.66171875 0.53515625 0.1828125 0.1078125
7.0 0.7734375 0.47578125 0.253125 0.1265625
7.0 0.80078125 0.3609375 0.0890625 0.05
3.0 0.74453125 0.3828125 0.1015625 0.053125
3.0 0.72109375 0.3484375 0.0546875 0.05625
3.0 0.97109375 0.54453125 0.0578125 0.1109375
3.0 0.14921875 0.2859375 0.0890625 0.084375
7.0 0.16640625 0.34296875 0.1640625 0.1359375
