3.0 0.109375 0.93203125 0.05625 0.0453125
3.0 0.15859375 0.60390625 0.0734375 0.0765625
3.0 0.5640625 0.88984375 0.06875 0.0421875
3.0 0.3078125 0.45703125 0.071875 0.0421875
3.0 0.44375 0.51171875 0.059375 0.0640625
3.0 0.44375 0.403125 0.078125 0.04375
3.0 0.58046875 0.5234375 0.0515625 0.034375
3.0 0.85390625 0.54609375 0.0484375 0.0390625
3.0 0.834375 0.3515625 0.08125 0.065625
3.0 0.8484375 0.3109375 0.021875 0.01875
3.0 0.896875 0.1546875 0.078125 0.084375
3.0 0.9765625 0.184375 0.040625 0.05
3.0 0.83828125 0.04609375 0.0453125 0.0796875
3.0 0.621875 0.12109375 0.046875 0.0234375
3.0 0.6890625 0.409375 0.059375 0.0625
