3.0 0.18828125 0.2625 0.1546875 0.053125
3.0 0.415625 0.12734375 0.075 0.0796875
3.0 0.49765625 0.1234375 0.0453125 0.05
3.0 0.51171875 0.2625 0.0765625 0.0625
3.0 0.52734375 0.37578125 0.1640625 0.1109375
3.0 0.66171875 0.32265625 0.0859375 0.0953125
3.0 0.87578125 0.36953125 0.1953125 0.1140625
3.0 0.675 0.1359375 0.109375 0.065625
3.0 0.828125 0.13984375 0.0875 0.0921875
3.0 0.77265625 0.0140625 0.1109375 0.028125
3.0 0.99453125 0.1671875 0.0109375 0.075
3.0 0.9734375 0.05625 0.053125 0.084375
3.0 0.1125 0.08671875 0.078125 0.0453125
3.0 0.2109375 0.0609375 0.071875 0.046875
3.0 0.821875 0.54140625 0.159375 0.1453125
3.0 0.52109375 0.7953125 0.1890625 0.33125
3.0 0.36953125 0.578125 0.3640625 0.08125
3.0 0.1546875 0.35234375 0.121875 0.1046875
3.0 0.15078125 0.4640625 0.2609375 0.078125
3.0 0.0390625 0.6265625 0.078125 0.096875
