7.0 0.4015625 0.6015625 0.178125 0.103125
7.0 0.7234375 0.93671875 0.159375 0.0578125
7.0 0.14140625 0.6625 0.0515625 0.0625
7.0 0.52578125 0.48671875 0.1109375 0.1765625
3.0 0.63515625 0.4890625 0.0453125 0.0375
7.0 0.5890625 0.32890625 0.08125 0.1734375
7.0 0.66484375 0.4375 0.1921875 0.04375
7.0 0.68359375 0.48984375 0.0390625 0.0203125
7.0 0.76484375 0.384375 0.1421875 0.053125
7.0 0.8875 0.328125 0.05 0.0375
7.0 0.95625 0.34609375 0.05625 0.0359375
7.0 0.91875 0.478125 0.096875 0.06875
7.0 0.878125 0.6125 0.06875 0.08125
7.0 0.7984375 0.7203125 0.08125 0.08125
7.0 0.85625 0.8515625 0.053125 0.059375
7.0 0.87421875 0.78046875 0.0640625 0.0734375
7.0 0.93828125 0.8484375 0.0609375 0.08125
7.0 0.88671875 0.96015625 0.0234375 0.0203125
7.0 0.8890625 0.928125 0.028125 0.028125
7.0 0.590625 0.57890625 0.08125 0.0421875
3.0 0.3375 0.05859375 0.03125 0.0359375
7.0 0.659375 0.73125 0.121875 0.128125
