3.0 0.084375 0.5484375 0.053125 0.034375
7.0 0.3609375 0.19921875 0.05625 0.1265625
7.0 0.45625 0.196875 0.053125 0.071875
7.0 0.25703125 0.6953125 0.0359375 0.15625
7.0 0.33203125 0.53515625 0.0546875 0.1765625
7.0 0.43671875 0.4984375 0.1328125 0.078125
7.0 0.31640625 0.75703125 0.0515625 0.1671875
7.0 0.4875 0.6734375 0.2125 0.14375
7.0 0.24140625 0.38515625 0.1171875 0.1015625
7.0 0.340625 0.3515625 0.05 0.053125
7.0 0.47265625 0.3359375 0.1484375 0.121875
3.0 0.58203125 0.346875 0.0265625 0.084375
7.0 0.18046875 0.6140625 0.0515625 0.08125
