7.0 0.1671875 0.23125 0.140625 0.14375
7.0 0.26796875 0.28984375 0.1109375 0.0671875
7.0 0.0953125 0.2328125 0.184375 0.1375
7.0 0.47734375 0.32109375 0.0640625 0.0734375
7.0 0.60625 0.30078125 0.109375 0.1203125
7.0 0.36953125 0.46640625 0.1890625 0.1234375
7.0 0.55859375 0.58046875 0.2109375 0.1109375
7.0 0.70546875 0.475 0.0921875 0.1125
7.0 0.72109375 0.57734375 0.1234375 0.1015625
4.0 0.34453125 0.53359375 0.1421875 0.1046875
7.0 0.4578125 0.52421875 0.096875 0.0890625
3.0 0.75859375 0.6921875 0.0453125 0.03125
3.0 0.8875 0.74453125 0.078125 0.0234375
3.0 0.878125 0.2328125 0.034375 0.04375
