3.0 0.4125 0.82421875 0.1125 0.0734375
3.0 0.965625 0.9171875 0.0625 0.071875
3.0 0.53203125 0.70546875 0.0890625 0.0921875
3.0 0.51328125 0.58984375 0.1359375 0.0765625
3.0 0.4109375 0.515625 0.053125 0.0875
3.0 0.33671875 0.28203125 0.1609375 0.0703125
3.0 0.3 0.7578125 0.103125 0.040625
3.0 0.72265625 0.78671875 0.0421875 0.0640625
3.0 0.68203125 0.7171875 0.0359375 0.078125
3.0 0.9265625 0.69609375 0.071875 0.1015625
3.0 0.91015625 0.19296875 0.1484375 0.0609375
3.0 0.95390625 0.2984375 0.0890625 0.034375
3.0 0.6078125 0.17421875 0.040625 0.0296875
3.0 0.696875 0.22578125 0.028125 0.0421875
3.0 0.2484375 0.48984375 0.053125 0.0234375
3.0 0.54921875 0.98828125 0.0328125 0.0203125
