7.0 0.421875 0.79765625 0.15625 0.1140625
7.0 0.5140625 0.5734375 0.15 0.121875
7.0 0.31640625 0.64921875 0.1609375 0.1328125
7.0 0.4359375 0.390625 0.08125 0.059375
7.0 0.678125 0.48046875 0.215625 0.1171875
7.0 0.53046875 0.34140625 0.1140625 0.0890625
3.0 0.85078125 0.515625 0.0515625 0.040625
3.0 0.82890625 0.36796875 0.1359375 0.1078125
3.0 0.6609375 0.5859375 0.053125 0.04375
7.0 0.61640625 0.71953125 0.1234375 0.1078125
7.0 0.64453125 0.86640625 0.1203125 0.0921875
3.0 0.20078125 0.44296875 0.0859375 0.0546875
6.0 0.08125 0.30546875 0.1625 0.1296875
6.0 0.32109375 0.33046875 0.1828125 0.1328125
3.0 0.19765625 0.4734375 0.0609375 0.0375
3.0 0.18984375 0.1125 0.0984375 0.06875
3.0 0.13125 0.10546875 0.109375 0.1015625
3.0 0.34296875 0.04609375 0.0703125 0.0609375
3.0 0.2515625 0.075 0.04375 0.034375
3.0 0.23984375 0.03125 0.0421875 0.0375
3.0 0.26328125 0.0046875 0.0359375 0.009375
3.0 0.21953125 0.2125 0.0515625 0.04375
3.0 0.45703125 0.13359375 0.0609375 0.0484375
3.0 0.47578125 0.23125 0.0484375 0.0375
3.0 0.88046875 0.5609375 0.0484375 0.040625
3.0 0.09609375 0.29609375 0.0453125 0.0328125
3.0 0.296875 0.28984375 0.046875 0.0359375
7.0 0.4546875 0.46484375 0.075 0.0703125
3.0 0.578125 0.6375 0.046875 0.04375
