3.0 0.41875 0.459375 0.171875 0.115625
3.0 0.753125 0.92578125 0.034375 0.0453125
3.0 0.58515625 0.6671875 0.0421875 0.034375
3.0 0.61015625 0.48125 0.1390625 0.040625
3.0 0.48671875 0.0640625 0.0453125 0.03125
3.0 0.61171875 0.1078125 0.0703125 0.040625
3.0 0.759375 0.3265625 0.040625 0.0625
3.0 0.26796875 0.4609375 0.0671875 0.034375
3.0 0.20078125 0.428125 0.0671875 0.053125
3.0 0.6953125 0.39296875 0.04375 0.0515625
3.0 0.2296875 0.496875 0.03125 0.059375
3.0 0.28671875 0.603125 0.0484375 0.046875
3.0 0.34375 0.58125 0.03125 0.015625
3.0 0.38359375 0.63203125 0.0890625 0.0578125
3.0 0.41875 0.58984375 0.06875 0.0296875
3.0 0.21875 0.7328125 0.046875 0.05625
7.0 0.97578125 0.82421875 0.0484375 0.0453125
