7.0 0.284375 0.75859375 0.4375 0.2046875
7.0 0.53671875 0.63984375 0.2546875 0.2234375
7.0 0.7515625 0.46015625 0.146875 0.1765625
7.0 0.465625 0.4390625 0.15625 0.06875
7.0 0.3640625 0.3203125 0.165625 0.1875
7.0 0.19921875 0.56015625 0.3984375 0.1421875
7.0 0.08125 0.12578125 0.1625 0.2453125
3.0 0.82890625 0.6703125 0.1796875 0.06875
3.0 0.7265625 0.3046875 0.190625 0.071875
3.0 0.83046875 0.234375 0.1015625 0.09375
3.0 0.98203125 0.54921875 0.0359375 0.0484375
3.0 0.94296875 0.978125 0.1140625 0.04375
3.0 0.53125 0.32109375 0.1 0.0546875
