3.0 0.93984375 0.79765625 0.0796875 0.1140625
3.0 0.3515625 0.725 0.075 0.040625
3.0 0.47421875 0.81171875 0.0640625 0.0734375
3.0 0.796875 0.8890625 0.053125 0.04375
3.0 0.528125 0.66796875 0.084375 0.0328125
3.0 0.66640625 0.6171875 0.0171875 0.053125
3.0 0.2609375 0.84453125 0.065625 0.0546875
3.0 0.07578125 0.60625 0.1140625 0.059375
3.0 0.125 0.54609375 0.034375 0.0515625
3.0 0.0453125 0.51171875 0.065625 0.0515625
3.0 0.10546875 0.3953125 0.1359375 0.0625
3.0 0.53203125 0.14453125 0.1109375 0.0453125
