7.0 0.434375 0.4828125 0.228125 0.384375
7.0 0.240625 0.18984375 0.184375 0.3640625
7.0 0.375 0.08046875 0.25625 0.1609375
7.0 0.4453125 0.2515625 0.053125 0.10625
7.0 0.5765625 0.2515625 0.2625 0.34375
7.0 0.903125 0.1109375 0.165625 0.221875
4.0 0.53359375 0.8359375 0.5640625 0.328125
3.0 0.54609375 0.8796875 0.0890625 0.15
3.0 0.834375 0.5109375 0.05625 0.103125
3.0 0.5953125 0.57109375 0.053125 0.0796875
3.0 0.475 0.97578125 0.053125 0.0484375
3.0 0.10390625 0.79609375 0.1265625 0.2359375
4.0 0.15625 0.7375 0.240625 0.453125
