4.0 0.56640625 0.63203125 0.2390625 0.1015625
4.0 0.928125 0.55859375 0.14375 0.1484375
4.0 0.33125 0.46328125 0.20625 0.2140625
4.0 0.10859375 0.375 0.1421875 0.18125
4.0 0.4921875 0.0828125 0.21875 0.096875
3.0 0.6234375 0.1828125 0.09375 0.03125
3.0 0.44921875 0.13203125 0.0828125 0.0421875
3.0 0.48984375 0.0828125 0.0265625 0.021875
3.0 0.553125 0.09140625 0.04375 0.0421875
3.0 0.53515625 0.0296875 0.0484375 0.03125
3.0 0.4390625 0.025 0.075 0.040625
3.0 0.58671875 0.5078125 0.0859375 0.065625
3.0 0.53125 0.44609375 0.034375 0.0109375
7.0 0.55859375 0.35234375 0.0515625 0.0578125
7.0 0.67578125 0.38359375 0.0703125 0.0640625
4.0 0.8671875 0.7046875 0.046875 0.0625
3.0 0.27578125 0.89296875 0.0453125 0.0390625
7.0 0.03515625 0.70078125 0.0359375 0.0265625
3.0 0.7734375 0.8515625 0.115625 0.059375
3.0 0.64453125 0.73125 0.0703125 0.0625
4.0 0.68203125 0.678125 0.0953125 0.1625
4.0 0.409375 0.6203125 0.134375 0.09375
