5.0 0.45625 0.159375 0.11875 0.209375
5.0 0.065625 0.16484375 0.13125 0.0953125
4.0 0.31328125 0.5296875 0.2140625 0.253125
4.0 0.48515625 0.653125 0.1515625 0.246875
4.0 0.45546875 0.8078125 0.2109375 0.1875
5.0 0.346875 0.15234375 0.1 0.1359375
5.0 0.26875 0.08515625 0.1375 0.1515625
5.0 0.48671875 0.93671875 0.1359375 0.1265625
5.0 0.74296875 0.49375 0.1078125 0.13125
4.0 0.8515625 0.53984375 0.11875 0.1609375
3.0 0.115625 0.32421875 0.075 0.0359375
3.0 0.0546875 0.346875 0.028125 0.065625
3.0 0.2484375 0.74453125 0.059375 0.0953125
3.0 0.1296875 0.45546875 0.034375 0.0484375
3.0 0.290625 0.5875 0.096875 0.125
3.0 0.3125 0.4875 0.046875 0.04375
3.0 0.56796875 0.54375 0.0890625 0.090625
3.0 0.76640625 0.5421875 0.0546875 0.053125
4.0 0.84140625 0.33125 0.1453125 0.2125
3.0 0.678125 0.21796875 0.040625 0.0953125
3.0 0.79140625 0.33125 0.0515625 0.059375
3.0 0.871875 0.32421875 0.028125 0.0484375
3.0 0.85390625 0.5296875 0.0453125 0.084375
3.0 0.8640625 0.8078125 0.021875 0.0375
3.0 0.02265625 0.95703125 0.0390625 0.0859375
