4.0 0.9390625 0.1078125 0.10625 0.075
4.0 0.809375 0.06796875 0.140625 0.1203125
4.0 0.9484375 0.23359375 0.0375 0.0734375
4.0 0.928125 0.3 0.078125 0.06875
4.0 0.79296875 0.353125 0.1453125 0.096875
4.0 0.86953125 0.434375 0.0828125 0.109375
4.0 0.69375 0.4875 0.271875 0.071875
4.0 0.69375 0.57578125 0.20625 0.0578125
3.0 0.071875 0.22421875 0.090625 0.0640625
3.0 0.1640625 0.25 0.071875 0.05625
4.0 0.65 0.3640625 0.078125 0.053125
4.0 0.47109375 0.32109375 0.1109375 0.0515625
4.0 0.4 0.35859375 0.153125 0.0640625
3.0 0.2609375 0.3328125 0.03125 0.028125
3.0 0.16484375 0.340625 0.0265625 0.040625
7.0 0.22890625 0.35859375 0.0328125 0.0328125
3.0 0.3140625 0.45078125 0.115625 0.0765625
7.0 0.1265625 0.36875 0.021875 0.0375
3.0 0.0296875 0.36484375 0.05 0.0484375
7.0 0.15390625 0.45234375 0.0921875 0.0578125
3.0 0.16015625 0.54375 0.0671875 0.065625
3.0 0.25234375 0.53828125 0.1046875 0.0359375
3.0 0.17734375 0.63828125 0.1015625 0.0796875
3.0 0.2421875 0.71328125 0.05625 0.0359375
3.0 0.659375 0.790625 0.08125 0.059375
3.0 0.34296875 0.63125 0.0265625 0.03125
7.0 0.29765625 0.67734375 0.0328125 0.0453125
3.0 0.1109375 0.78359375 0.075 0.0359375
3.0 0.7234375 0.65234375 0.06875 0.0484375
3.0 0.6171875 0.2515625 0.028125 0.021875
3.0 0.30078125 0.13515625 0.0328125 0.0453125
3.0 0.73984375 0.18515625 0.0421875 0.0296875
3.0 0.3203125 0.2390625 0.040625 0.028125
