7.0 0.60234375 0.78359375 0.0953125 0.1515625
7.0 0.24296875 0.76640625 0.2296875 0.1578125
7.0 0.3484375 0.56171875 0.13125 0.0796875
7.0 0.84453125 0.6703125 0.0859375 0.075
3.0 0.7640625 0.81953125 0.16875 0.0828125
3.0 0.71171875 0.715625 0.0984375 0.06875
3.0 0.93671875 0.7421875 0.0984375 0.0375
7.0 0.56015625 0.61015625 0.1046875 0.0546875
7.0 0.378125 0.9640625 0.16875 0.059375
3.0 0.2265625 0.8921875 0.059375 0.046875
7.0 0.225 0.62265625 0.125 0.0828125
4.0 0.2265625 0.91328125 0.140625 0.1484375
3.0 0.92578125 0.546875 0.0546875 0.034375
