7.0 0.62578125 0.09453125 0.0640625 0.0734375
7.0 0.5234375 0.12421875 0.1375 0.0546875
7.0 0.45390625 0.02578125 0.1109375 0.0453125
7.0 0.54296875 0.34140625 0.0890625 0.0640625
3.0 0.55078125 0.34375 0.0390625 0.040625
3.0 0.51171875 0.34140625 0.0265625 0.0359375
3.0 0.25625 0.71484375 0.04375 0.0421875
3.0 0.36875 0.98515625 0.028125 0.0296875
7.0 0.7015625 0.46875 0.353125 0.10625
7.0 0.56171875 0.5515625 0.1328125 0.05625
7.0 0.50234375 0.49609375 0.0484375 0.0265625
7.0 0.48671875 0.390625 0.0640625 0.04375
7.0 0.30390625 0.475 0.1328125 0.1375
7.0 0.4375 0.46015625 0.040625 0.0234375
7.0 0.3984375 0.46484375 0.0375 0.0265625
7.0 0.384375 0.3734375 0.046875 0.028125
7.0 0.27734375 0.40625 0.0765625 0.0625
7.0 0.56484375 0.2484375 0.0546875 0.04375
7.0 0.52109375 0.29296875 0.0609375 0.0390625
7.0 0.5484375 0.61875 0.125 0.103125
7.0 0.33515625 0.6328125 0.1953125 0.1125
7.0 0.4125 0.5609375 0.078125 0.090625
7.0 0.41484375 0.74140625 0.1203125 0.0984375
7.0 0.0328125 0.475 0.059375 0.08125
