7.0 0.71171875 0.86640625 0.1671875 0.1421875
7.0 0.08515625 0.59921875 0.1671875 0.0984375
7.0 0.3390625 0.534375 0.125 0.134375
3.0 0.0390625 0.43515625 0.075 0.0234375
3.0 0.175 0.36484375 0.109375 0.0421875
3.0 0.34296875 0.24453125 0.0609375 0.0921875
7.0 0.734375 0.6390625 0.05 0.04375
7.0 0.9765625 0.39765625 0.04375 0.0296875
3.0 0.7078125 0.52109375 0.053125 0.0265625
3.0 0.5640625 0.58515625 0.059375 0.0234375
3.0 0.8515625 0.33671875 0.05 0.0796875
3.0 0.9015625 0.2328125 0.03125 0.040625
3.0 0.97890625 0.1 0.0328125 0.021875
3.0 0.41796875 0.4015625 0.0484375 0.0375
3.0 0.5671875 0.43984375 0.0625 0.0421875
