3.0 0.5875 0.8625 0.065625 0.065625
3.0 0.59140625 0.92578125 0.0296875 0.0515625
3.0 0.65703125 0.98046875 0.0546875 0.0390625
3.0 0.74453125 0.98984375 0.0578125 0.0203125
3.0 0.1546875 0.96484375 0.103125 0.0703125
3.0 0.22890625 0.75859375 0.0671875 0.1265625
3.0 0.59375 0.33984375 0.046875 0.0453125
3.0 0.94375 0.38125 0.109375 0.16875
3.0 0.909375 0.6609375 0.18125 0.065625
4.0 0.09453125 0.71484375 0.1578125 0.2828125
4.0 0.2609375 0.921875 0.128125 0.1
4.0 0.671875 0.9015625 0.284375 0.196875
4.0 0.8703125 0.76328125 0.234375 0.1046875
