7.0 0.20234375 0.69140625 0.0828125 0.2328125
7.0 0.2296875 0.50703125 0.171875 0.1421875
7.0 0.72265625 0.85625 0.1359375 0.175
7.0 0.54375 0.7234375 0.2875 0.121875
7.0 0.953125 0.5984375 0.084375 0.10625
7.0 0.909375 0.4703125 0.165625 0.121875
7.0 0.80234375 0.3953125 0.1703125 0.165625
7.0 0.76171875 0.31015625 0.0765625 0.0828125
7.0 0.93515625 0.16796875 0.1109375 0.1671875
3.0 0.83125 0.0890625 0.025 0.15
7.0 0.4296875 0.36640625 0.18125 0.2203125
3.0 0.228125 0.34765625 0.08125 0.0828125
7.0 0.03671875 0.5015625 0.0734375 0.0375
7.0 0.590625 0.30546875 0.0625 0.0484375
3.0 0.484375 0.51015625 0.03125 0.0609375
7.0 0.54453125 0.4078125 0.0546875 0.05
7.0 0.45859375 0.1921875 0.1234375 0.090625
7.0 0.86171875 0.83125 0.0953125 0.09375
