3.0 0.1484375 0.375 0.04375 0.059375
3.0 0.22265625 0.39609375 0.0765625 0.0515625
3.0 0.73515625 0.76171875 0.0546875 0.1078125
3.0 0.33203125 0.759375 0.0890625 0.05
3.0 0.4109375 0.815625 0.08125 0.096875
3.0 0.47421875 0.8671875 0.0484375 0.08125
7.0 0.31015625 0.48203125 0.1046875 0.1390625
7.0 0.47109375 0.4125 0.1890625 0.084375
3.0 0.403125 0.3765625 0.04375 0.021875
7.0 0.9 0.40546875 0.084375 0.0546875
7.0 0.83828125 0.4765625 0.1015625 0.1
7.0 0.784375 0.31015625 0.125 0.0703125
7.0 0.6609375 0.3265625 0.075 0.05625
7.0 0.9 0.2046875 0.19375 0.071875
7.0 0.6953125 0.51640625 0.115625 0.0640625
7.0 0.49453125 0.5546875 0.0984375 0.06875
7.0 0.615625 0.6171875 0.153125 0.190625
7.0 0.3765625 0.66796875 0.128125 0.1703125
7.0 0.26953125 0.5765625 0.0578125 0.028125
