4.0 0.40546875 0.78671875 0.3953125 0.2921875
4.0 0.4515625 0.3984375 0.378125 0.303125
4.0 0.06171875 0.08359375 0.1234375 0.1671875
4.0 0.359375 0.1890625 0.225 0.11875
4.0 0.165625 0.40390625 0.178125 0.3359375
5.0 0.83984375 0.1625 0.1703125 0.196875
4.0 0.89765625 0.903125 0.1890625 0.171875
3.0 0.2515625 0.92578125 0.084375 0.0734375
3.0 0.27265625 0.7765625 0.1140625 0.0875
3.0 0.4078125 0.77890625 0.153125 0.2515625
3.0 0.5328125 0.87734375 0.084375 0.0734375
3.0 0.46015625 0.4890625 0.1015625 0.09375
3.0 0.578125 0.440625 0.09375 0.0625
3.0 0.91640625 0.859375 0.0734375 0.034375
3.0 0.83984375 0.15703125 0.0609375 0.0703125
3.0 0.65 0.3671875 0.025 0.059375
3.0 0.6140625 0.259375 0.065625 0.034375
3.0 0.709375 0.371875 0.046875 0.059375
4.0 0.05 0.725 0.1 0.196875
