4.0 0.55859375 0.85390625 0.1265625 0.1484375
4.0 0.56171875 0.75546875 0.1359375 0.0546875
7.0 0.04296875 0.721875 0.0765625 0.0875
3.0 0.0765625 0.7671875 0.084375 0.059375
3.0 0.040625 0.209375 0.08125 0.084375
3.0 0.24453125 0.265625 0.1515625 0.059375
3.0 0.39453125 0.30859375 0.0765625 0.0609375
3.0 0.65234375 0.31484375 0.0796875 0.0640625
3.0 0.80234375 0.421875 0.0390625 0.015625
7.0 0.37265625 0.3890625 0.2109375 0.103125
3.0 0.44140625 0.478125 0.0859375 0.03125
7.0 0.15234375 0.571875 0.0453125 0.0375
7.0 0.16015625 0.61171875 0.0671875 0.0359375
4.0 0.94609375 0.61875 0.1078125 0.0875
4.0 0.64609375 0.76015625 0.0515625 0.0484375
3.0 0.959375 0.82421875 0.04375 0.0390625
