4.0 0.7671875 0.2453125 0.465625 0.490625
4.0 0.21640625 0.1375 0.4328125 0.275
4.0 0.6640625 0.309375 0.4625 0.2125
4.0 0.68359375 0.49921875 0.5296875 0.2234375
4.0 0.8296875 0.8421875 0.340625 0.221875
3.0 0.11171875 0.4390625 0.1484375 0.15625
4.0 0.275 0.775 0.225 0.35625
3.0 0.47109375 0.79296875 0.1421875 0.1765625
3.0 0.678125 0.68203125 0.240625 0.0671875
3.0 0.28203125 0.71171875 0.1203125 0.1453125
3.0 0.89296875 0.9078125 0.2140625 0.084375
3.0 0.86953125 0.07109375 0.2609375 0.1421875
