4.0 0.42421875 0.70234375 0.5515625 0.2390625
4.0 0.6984375 0.42890625 0.328125 0.2234375
4.0 0.93046875 0.5375 0.1265625 0.1
4.0 0.93828125 0.40703125 0.1234375 0.1546875
4.0 0.13828125 0.2234375 0.2203125 0.1625
4.0 0.64453125 0.09140625 0.1734375 0.1765625
4.0 0.8953125 0.0765625 0.175 0.153125
3.0 0.053125 0.34453125 0.08125 0.0515625
3.0 0.7359375 0.3859375 0.071875 0.08125
3.0 0.7921875 0.4734375 0.103125 0.0625
3.0 0.6609375 0.475 0.04375 0.04375
3.0 0.2921875 0.6453125 0.2125 0.1
7.0 0.5703125 0.85234375 0.084375 0.0765625
3.0 0.434375 0.37578125 0.10625 0.0515625
3.0 0.52734375 0.3625 0.0609375 0.053125
3.0 0.14140625 0.440625 0.1640625 0.046875
3.0 0.91953125 0.1828125 0.0984375 0.046875
3.0 0.9109375 0.371875 0.040625 0.03125
3.0 0.9828125 0.428125 0.034375 0.09375
7.0 0.7015625 0.79921875 0.075 0.0484375
