3.0 0.0296875 0.5359375 0.059375 0.115625
7.0 0.20859375 0.4046875 0.1734375 0.159375
7.0 0.25390625 0.6171875 0.3859375 0.15
7.0 0.03046875 0.61640625 0.0609375 0.0359375
3.0 0.67734375 0.22734375 0.0640625 0.0484375
3.0 0.6671875 0.4640625 0.125 0.05625
3.0 0.984375 0.4 0.03125 0.028125
3.0 0.76328125 0.79453125 0.1015625 0.0515625
3.0 0.83671875 0.1140625 0.0734375 0.115625
3.0 0.3390625 0.74375 0.0375 0.034375
3.0 0.68515625 0.12734375 0.0453125 0.0296875
3.0 0.32734375 0.3828125 0.0421875 0.040625
