7.0 0.32421875 0.7515625 0.2546875 0.178125
7.0 0.52265625 0.4578125 0.1203125 0.2125
7.0 0.41640625 0.35625 0.0671875 0.115625
7.0 0.9453125 0.41640625 0.1 0.1015625
7.0 0.7359375 0.4515625 0.125 0.1
7.0 0.27109375 0.0546875 0.2296875 0.109375
7.0 0.46328125 0.11953125 0.0921875 0.0390625
7.0 0.50859375 0.034375 0.0578125 0.0625
7.0 0.2671875 0.2578125 0.103125 0.078125
3.0 0.35546875 0.41640625 0.0484375 0.0765625
3.0 0.06171875 0.96640625 0.0515625 0.0296875
3.0 0.03671875 0.95 0.0359375 0.028125
3.0 0.04140625 0.665625 0.0640625 0.05
7.0 0.30390625 0.88359375 0.1296875 0.0640625
7.0 0.74296875 0.94609375 0.1328125 0.0546875
