7.0 0.44453125 0.12421875 0.1796875 0.1578125
7.0 0.69296875 0.07265625 0.1296875 0.1078125
7.0 0.78828125 0.259375 0.0890625 0.103125
7.0 0.9734375 0.14140625 0.053125 0.0953125
7.0 0.42734375 0.39609375 0.1171875 0.1515625
7.0 0.84296875 0.43671875 0.2421875 0.2203125
7.0 0.14765625 0.2203125 0.1265625 0.08125
7.0 0.12109375 0.5171875 0.2140625 0.2
7.0 0.159375 0.62265625 0.196875 0.1484375
3.0 0.2859375 0.63359375 0.06875 0.0453125
3.0 0.190625 0.490625 0.040625 0.034375
7.0 0.415625 0.67890625 0.121875 0.1109375
7.0 0.22578125 0.76171875 0.1203125 0.0703125
7.0 0.37890625 0.81171875 0.0828125 0.0703125
3.0 0.946875 0.715625 0.09375 0.046875
7.0 0.56640625 0.796875 0.1015625 0.09375
7.0 0.51484375 0.72421875 0.0890625 0.0296875
7.0 0.10078125 0.9390625 0.1984375 0.078125
7.0 0.31015625 0.95 0.0890625 0.0875
3.0 0.6171875 0.58828125 0.090625 0.0359375
7.0 0.5359375 0.63046875 0.075 0.0953125
3.0 0.91953125 0.57109375 0.0484375 0.0640625
3.0 0.959375 0.47734375 0.053125 0.0515625
