7.0 0.703125 0.71953125 0.59375 0.4671875
3.0 0.90859375 0.73359375 0.1015625 0.0765625
7.0 0.33984375 0.62421875 0.2578125 0.1921875
7.0 0.14609375 0.63125 0.1484375 0.109375
7.0 0.203125 0.48203125 0.221875 0.1671875
7.0 0.36328125 0.446875 0.0953125 0.071875
7.0 0.42109375 0.38515625 0.1203125 0.0890625
7.0 0.63671875 0.35234375 0.4265625 0.3171875
7.0 0.525 0.4765625 0.09375 0.06875
7.0 0.40546875 0.284375 0.2765625 0.20625
7.0 0.2671875 0.26953125 0.05625 0.0421875
7.0 0.2578125 0.30390625 0.04375 0.0328125
7.0 0.08359375 0.1515625 0.1171875 0.0875
