3.0 0.32734375 0.0859375 0.0765625 0.05625
4.0 0.26875 0.0265625 0.1875 0.053125
3.0 0.7765625 0.25625 0.078125 0.175
3.0 0.70234375 0.2828125 0.0546875 0.059375
3.0 0.58125 0.24453125 0.078125 0.0859375
4.0 0.67578125 0.3875 0.1640625 0.103125
4.0 0.57578125 0.55625 0.2671875 0.134375
3.0 0.66640625 0.49765625 0.1078125 0.0890625
3.0 0.06640625 0.46953125 0.0921875 0.0515625
3.0 0.02265625 0.29375 0.0390625 0.053125
4.0 0.64375 0.66796875 0.14375 0.0765625
4.0 0.0421875 0.61015625 0.084375 0.1078125
3.0 0.70078125 0.70703125 0.0953125 0.0359375
