3.0 0.26875 0.378125 0.059375 0.028125
3.0 0.43984375 0.38671875 0.0765625 0.0453125
3.0 0.46328125 0.31484375 0.0546875 0.0421875
3.0 0.5296875 0.55546875 0.084375 0.1453125
3.0 0.39921875 0.85546875 0.0296875 0.0359375
3.0 0.89609375 0.4546875 0.0953125 0.075
3.0 0.87421875 0.209375 0.1296875 0.04375
7.0 0.17890625 0.2578125 0.1765625 0.046875
7.0 0.1390625 0.20234375 0.028125 0.0453125
7.0 0.0375 0.28046875 0.05625 0.0578125
7.0 0.18359375 0.29609375 0.0359375 0.0171875
7.0 0.01953125 0.43671875 0.0390625 0.0515625
