7.0 0.37109375 0.47265625 0.1234375 0.1890625
4.0 0.39453125 0.53828125 0.1609375 0.1328125
7.0 0.56640625 0.47109375 0.1796875 0.1328125
4.0 0.6609375 0.615625 0.178125 0.146875
3.0 0.490625 0.64296875 0.053125 0.0390625
7.0 0.10390625 0.27265625 0.1203125 0.1046875
7.0 0.05546875 0.1453125 0.1015625 0.0625
7.0 0.23515625 0.3015625 0.0828125 0.084375
7.0 0.21171875 0.19765625 0.0609375 0.0578125
3.0 0.75546875 0.2734375 0.0421875 0.028125
3.0 0.8625 0.0703125 0.05625 0.04375
3.0 0.8859375 0.021875 0.065625 0.040625
3.0 0.8828125 0.246875 0.11875 0.059375
3.0 0.903125 0.19296875 0.090625 0.0265625
