4.0 0.0109375 0.6359375 0.021875 0.34375
4.0 0.625 0.928125 0.69375 0.14375
4.0 0.75390625 0.47265625 0.4921875 0.7421875
5.0 0.09375 0.18359375 0.1875 0.3671875
4.0 0.6046875 0.1828125 0.121875 0.075
5.0 0.41328125 0.56015625 0.0546875 0.0890625
3.0 0.04609375 0.1890625 0.0921875 0.09375
3.0 0.12109375 0.30078125 0.0765625 0.0703125
3.0 0.85703125 0.584375 0.1171875 0.115625
3.0 0.61796875 0.60703125 0.0390625 0.0328125
3.0 0.69375 0.53515625 0.059375 0.1109375
3.0 0.925 0.40078125 0.15 0.1953125
3.0 0.95703125 0.2453125 0.0859375 0.109375
3.0 0.43125 0.9546875 0.075 0.071875
3.0 0.32734375 0.965625 0.0265625 0.059375
3.0 0.87109375 0.98359375 0.1984375 0.0328125
3.0 0.24453125 0.2671875 0.1015625 0.103125
3.0 0.2203125 0.38671875 0.040625 0.0484375
