5.0 0.41640625 0.45859375 0.2546875 0.1359375
4.0 0.68984375 0.60546875 0.1171875 0.1296875
3.0 0.18125 0.87578125 0.190625 0.2484375
3.0 0.77421875 0.9484375 0.0671875 0.090625
5.0 0.76015625 0.528125 0.0484375 0.028125
4.0 0.59296875 0.57421875 0.1140625 0.0609375
3.0 0.53515625 0.0171875 0.1078125 0.034375
3.0 0.5078125 0.16015625 0.103125 0.0296875
3.0 0.853125 0.1921875 0.1875 0.121875
3.0 0.72109375 0.3359375 0.1421875 0.075
3.0 0.953125 0.62109375 0.090625 0.0515625
3.0 0.8 0.57578125 0.053125 0.0703125
3.0 0.42265625 0.71484375 0.1453125 0.1265625
3.0 0.0453125 0.69921875 0.090625 0.0390625
4.0 0.66875 0.4390625 0.203125 0.1125
3.0 0.3203125 0.484375 0.15 0.084375
3.0 0.3609375 0.38359375 0.034375 0.0390625
