4.0 0.7328125 0.715625 0.2875 0.303125
4.0 0.65234375 0.59765625 0.1546875 0.2359375
4.0 0.80546875 0.41015625 0.1484375 0.2421875
4.0 0.45546875 0.6921875 0.1359375 0.253125
4.0 0.4890625 0.43046875 0.19375 0.0984375
4.0 0.27578125 0.84921875 0.2640625 0.1109375
4.0 0.2203125 0.95390625 0.20625 0.0765625
4.0 0.25703125 0.6390625 0.1390625 0.2375
4.0 0.03046875 0.72890625 0.0609375 0.4828125
4.0 0.11015625 0.37109375 0.1390625 0.1015625
4.0 0.44140625 0.22734375 0.0859375 0.1859375
4.0 0.7234375 0.928125 0.184375 0.14375
4.0 0.95859375 0.87578125 0.0671875 0.2484375
3.0 0.54296875 0.09140625 0.0296875 0.0609375
3.0 0.740625 0.03515625 0.04375 0.0578125
3.0 0.575 0.23046875 0.046875 0.0265625
3.0 0.53671875 0.32734375 0.0609375 0.0921875
3.0 0.5125 0.43125 0.090625 0.05
3.0 0.39921875 0.48828125 0.0984375 0.0921875
3.0 0.27109375 0.65 0.0671875 0.203125
3.0 0.24765625 0.78828125 0.0546875 0.0484375
3.0 0.17578125 0.95390625 0.0578125 0.0609375
3.0 0.1703125 0.8515625 0.05625 0.065625
3.0 0.11796875 0.3671875 0.0765625 0.053125
3.0 0.43828125 0.2203125 0.0546875 0.121875
3.0 0.80546875 0.7671875 0.1640625 0.121875
3.0 0.66875 0.646875 0.10625 0.15625
3.0 0.65703125 0.8140625 0.0921875 0.078125
3.0 0.575 0.85703125 0.06875 0.1203125
3.0 0.49921875 0.95703125 0.1578125 0.0828125
3.0 0.79296875 0.90703125 0.0359375 0.0546875
