3.0 0.48046875 0.45390625 0.0984375 0.1140625
3.0 0.74609375 0.51640625 0.0890625 0.0578125
3.0 0.69765625 0.56015625 0.0453125 0.0390625
3.0 0.371875 0.39375 0.128125 0.134375
3.0 0.453125 0.53203125 0.09375 0.0328125
3.0 0.7234375 0.984375 0.065625 0.03125
3.0 0.70625 0.92265625 0.06875 0.0578125
3.0 0.82109375 0.91796875 0.0578125 0.0734375
3.0 0.4828125 0.81171875 0.0875 0.1109375
3.0 0.38046875 0.8296875 0.1046875 0.075
3.0 0.6484375 0.04921875 0.075 0.0828125
3.0 0.73203125 0.4015625 0.0578125 0.171875
3.0 0.13984375 0.43671875 0.0359375 0.0328125
3.0 0.2078125 0.025 0.021875 0.05
