4.0 0.18359375 0.31875 0.1546875 0.240625
4.0 0.68359375 0.08203125 0.4859375 0.1640625
4.0 0.8 0.43359375 0.4 0.5203125
5.0 0.2375 0.66875 0.278125 0.325
4.0 0.66875 0.6359375 0.084375 0.053125
5.0 0.53515625 0.37109375 0.0390625 0.0609375
3.0 0.2703125 0.63203125 0.08125 0.0640625
3.0 0.33125 0.553125 0.053125 0.05
3.0 0.8453125 0.3546875 0.08125 0.08125
3.0 0.678125 0.33828125 0.028125 0.0234375
3.0 0.73125 0.3890625 0.040625 0.078125
3.0 0.90078125 0.48359375 0.1203125 0.1359375
3.0 0.92109375 0.5921875 0.0703125 0.075
3.0 0.546875 0.09609375 0.053125 0.0515625
3.0 0.475 0.08828125 0.01875 0.0421875
3.0 0.85546875 0.04296875 0.1390625 0.0859375
3.0 0.41640625 0.5765625 0.0703125 0.071875
3.0 0.4 0.49375 0.028125 0.034375
3.0 0.18828125 0.28046875 0.0359375 0.1078125
3.0 0.19296875 0.396875 0.0296875 0.025
