3.0 0.33359375 0.225 0.0921875 0.071875
3.0 0.4765625 0.1 0.059375 0.04375
3.0 0.4703125 0.36953125 0.1 0.0734375
3.0 0.57421875 0.40078125 0.1203125 0.0859375
3.0 0.68046875 0.21796875 0.0703125 0.0546875
3.0 0.9234375 0.38828125 0.06875 0.0515625
3.0 0.98671875 0.428125 0.0265625 0.075
3.0 0.625 0.54296875 0.11875 0.0859375
3.0 0.528125 0.50234375 0.121875 0.0921875
3.0 0.3546875 0.56953125 0.175 0.1265625
3.0 0.5953125 0.62578125 0.121875 0.0859375
3.0 0.6296875 0.65703125 0.13125 0.0921875
4.0 0.09921875 0.56171875 0.1984375 0.3734375
3.0 0.78671875 0.090625 0.0703125 0.053125
3.0 0.703125 0.43125 0.084375 0.065625
3.0 0.78671875 0.4234375 0.0796875 0.059375
7.0 0.86484375 0.10625 0.1140625 0.084375
