7.0 0.88046875 0.7796875 0.0640625 0.053125
7.0 0.45859375 0.9421875 0.1171875 0.115625
7.0 0.659375 0.86796875 0.103125 0.0671875
7.0 0.775 0.78828125 0.153125 0.0765625
3.0 0.7625 0.684375 0.059375 0.0375
7.0 0.6578125 0.96484375 0.1125 0.0390625
7.0 0.396875 0.84765625 0.09375 0.0609375
3.0 0.17109375 0.425 0.0609375 0.0875
7.0 0.484375 0.53671875 0.2875 0.1734375
7.0 0.4046875 0.36171875 0.10625 0.0734375
3.0 0.453125 0.35703125 0.075 0.0640625
3.0 0.4546875 0.22109375 0.090625 0.0640625
7.0 0.34921875 0.1453125 0.1609375 0.071875
7.0 0.25625 0.25390625 0.246875 0.0890625
7.0 0.28515625 0.33046875 0.0640625 0.0453125
7.0 0.45078125 0.69609375 0.0796875 0.1359375
7.0 0.5296875 0.734375 0.075 0.103125
3.0 0.659375 0.24140625 0.059375 0.0296875
7.0 0.66171875 0.2921875 0.0546875 0.0375
