7.0 0.8375 0.35 0.209375 0.159375
7.0 0.565625 0.1734375 0.3125 0.234375
7.0 0.45 0.37578125 0.16875 0.1265625
7.0 0.90546875 0.5578125 0.1328125 0.1
3.0 0.94375 0.409375 0.1125 0.146875
3.0 0.8515625 0.45625 0.134375 0.1
3.0 0.99296875 0.5546875 0.0140625 0.078125
7.0 0.64609375 0.4515625 0.1234375 0.09375
7.0 0.8453125 0.103125 0.175 0.13125
3.0 0.67109375 0.075 0.0859375 0.065625
7.0 0.4171875 0.2671875 0.165625 0.125
4.0 0.68984375 0.075 0.2390625 0.15
3.0 0.8484375 0.6890625 0.071875 0.053125
