7.0 0.2953125 0.52890625 0.021875 0.0484375
7.0 0.321875 0.58203125 0.078125 0.0796875
3.0 0.37890625 0.62109375 0.0546875 0.1265625
7.0 0.36640625 0.35546875 0.0578125 0.0890625
7.0 0.40859375 0.44296875 0.0546875 0.1515625
7.0 0.51171875 0.52734375 0.0796875 0.1171875
3.0 0.59765625 0.55390625 0.0640625 0.0421875
3.0 0.659375 0.49375 0.053125 0.075
7.0 0.57734375 0.41640625 0.0421875 0.0703125
7.0 0.6203125 0.43984375 0.028125 0.0484375
3.0 0.625 0.93984375 0.040625 0.0890625
7.0 0.871875 0.87890625 0.05 0.0703125
3.0 0.7859375 0.67421875 0.0875 0.0921875
3.0 0.58359375 0.67421875 0.0890625 0.0421875
3.0 0.68984375 0.890625 0.0765625 0.04375
3.0 0.76953125 0.79609375 0.0203125 0.0421875
