3.0 0.94765625 0.24765625 0.0953125 0.0890625
3.0 0.9359375 0.3625 0.11875 0.084375
3.0 0.8875 0.81015625 0.04375 0.0703125
3.0 0.8203125 0.8609375 0.059375 0.034375
3.0 0.9421875 0.82421875 0.115625 0.0640625
3.0 0.5703125 0.8 0.03125 0.040625
3.0 0.04453125 0.96875 0.0765625 0.059375
3.0 0.18515625 0.9609375 0.0671875 0.05625
3.0 0.0765625 0.6765625 0.06875 0.046875
3.0 0.078125 0.3734375 0.040625 0.04375
3.0 0.0671875 0.309375 0.04375 0.04375
3.0 0.7375 0.51015625 0.059375 0.0453125
3.0 0.4625 0.6171875 0.05 0.028125
7.0 0.775 0.0609375 0.128125 0.053125
7.0 0.94140625 0.1015625 0.1046875 0.0625
