3.0 0.7921875 0.78203125 0.103125 0.1859375
3.0 0.56875 0.56015625 0.053125 0.0515625
3.0 0.16796875 0.3484375 0.1609375 0.265625
3.0 0.16015625 0.14375 0.0515625 0.040625
3.0 0.71640625 0.55859375 0.0546875 0.0484375
3.0 0.3921875 0.57890625 0.03125 0.0203125
3.0 0.3890625 0.63203125 0.103125 0.0578125
7.0 0.31796875 0.5421875 0.1328125 0.1625
7.0 0.3296875 0.41640625 0.1375 0.0734375
7.0 0.46328125 0.45 0.0953125 0.075
7.0 0.46875 0.5421875 0.1625 0.078125
7.0 0.584375 0.37578125 0.1125 0.1484375
7.0 0.65390625 0.490625 0.1109375 0.053125
3.0 0.93671875 0.26875 0.0671875 0.059375
3.0 0.9546875 0.85546875 0.046875 0.0171875
3.0 0.4703125 0.29453125 0.059375 0.0828125
3.0 0.28828125 0.21640625 0.0703125 0.0671875
3.0 0.29375 0.315625 0.06875 0.053125
7.0 0.34375 0.27890625 0.103125 0.0453125
3.0 0.7765625 0.2546875 0.071875 0.065625
