7.0 0.62578125 0.3875 0.2421875 0.259375
7.0 0.1828125 0.55234375 0.16875 0.1265625
7.0 0.2984375 0.50703125 0.15625 0.1515625
7.0 0.21015625 0.1765625 0.2921875 0.11875
7.0 0.19453125 0.278125 0.2140625 0.14375
3.0 0.39375 0.04609375 0.046875 0.0484375
3.0 0.56953125 0.1921875 0.0640625 0.08125
3.0 0.6328125 0.17734375 0.06875 0.1296875
7.0 0.0125 0.284375 0.025 0.040625
7.0 0.38046875 0.39921875 0.0953125 0.0421875
7.0 0.36328125 0.34609375 0.0453125 0.0390625
7.0 0.046875 0.5234375 0.090625 0.05
4.0 0.06015625 0.85703125 0.1203125 0.2859375
3.0 0.29609375 0.9328125 0.0609375 0.046875
3.0 0.596875 0.81640625 0.15 0.0703125
3.0 0.63671875 0.63203125 0.0546875 0.0265625
