4.0 0.4734375 0.88203125 0.409375 0.1859375
4.0 0.2921875 0.92421875 0.228125 0.0578125
7.0 0.65625 0.78203125 0.146875 0.0953125
7.0 0.42109375 0.67421875 0.2671875 0.1796875
7.0 0.22890625 0.66484375 0.0765625 0.1140625
7.0 0.23515625 0.7625 0.1140625 0.053125
7.0 0.825 0.45234375 0.1625 0.1140625
7.0 0.11484375 0.040625 0.1203125 0.08125
7.0 0.940625 0.59921875 0.0875 0.0515625
4.0 0.62734375 0.3703125 0.2140625 0.075
4.0 0.81484375 0.2234375 0.2203125 0.14375
4.0 0.33203125 0.3625 0.2828125 0.128125
4.0 0.384375 0.128125 0.19375 0.215625
4.0 0.54375 0.21796875 0.090625 0.1359375
4.0 0.92265625 0.06171875 0.1515625 0.1203125
3.0 0.42734375 0.8515625 0.0609375 0.04375
3.0 0.5625 0.88125 0.078125 0.053125
3.0 0.33203125 0.81484375 0.0671875 0.0421875
3.0 0.32421875 0.353125 0.1078125 0.0375
3.0 0.259375 0.39765625 0.11875 0.0671875
3.0 0.33984375 0.3171875 0.1765625 0.01875
3.0 0.346875 0.10625 0.0625 0.078125
3.0 0.36484375 0.0328125 0.0484375 0.065625
3.0 0.884375 0.25546875 0.053125 0.0609375
3.0 0.78828125 0.2515625 0.0859375 0.04375
3.0 0.234375 0.9171875 0.04375 0.025
3.0 0.315625 0.8671875 0.03125 0.028125
3.0 0.2875 0.95 0.0375 0.021875
