3.0 0.565625 0.571875 0.090625 0.0375
3.0 0.31171875 0.334375 0.0609375 0.04375
3.0 0.175 0.375 0.040625 0.03125
3.0 0.259375 0.41015625 0.053125 0.0265625
3.0 0.58671875 0.40625 0.0359375 0.103125
4.0 0.67421875 0.41640625 0.1703125 0.2359375
3.0 0.77578125 0.58046875 0.1171875 0.0484375
4.0 0.16796875 0.628125 0.1484375 0.115625
4.0 0.35546875 0.4984375 0.3171875 0.059375
3.0 0.57890625 0.85078125 0.0859375 0.0296875
3.0 0.5734375 0.915625 0.140625 0.075
3.0 0.13515625 0.7625 0.0734375 0.040625
4.0 0.61015625 0.05625 0.4078125 0.109375
4.0 0.7484375 0.17421875 0.24375 0.1078125
4.0 0.69296875 0.2015625 0.0421875 0.021875
4.0 0.65078125 0.215625 0.0359375 0.025
3.0 0.43984375 0.67421875 0.0296875 0.0328125
4.0 0.36875 0.7296875 0.15625 0.153125
7.0 0.11953125 0.89375 0.0421875 0.025
3.0 0.74921875 0.83671875 0.0515625 0.0515625
