3.0 0.3171875 0.2046875 0.059375 0.125
3.0 0.271875 0.428125 0.146875 0.228125
3.0 0.2375 0.15 0.034375 0.06875
3.0 0.80546875 0.12890625 0.1640625 0.1859375
3.0 0.90390625 0.28515625 0.0484375 0.0671875
3.0 0.60859375 0.359375 0.0328125 0.09375
3.0 0.6390625 0.31328125 0.05 0.0484375
7.0 0.11875 0.0390625 0.084375 0.078125
3.0 0.33203125 0.01875 0.0296875 0.0375
3.0 0.3625 0.046875 0.05 0.046875
4.0 0.37109375 0.4703125 0.2296875 0.240625
4.0 0.55546875 0.36484375 0.3953125 0.3703125
4.0 0.53515625 0.62578125 0.1328125 0.2515625
3.0 0.55625 0.70546875 0.04375 0.0703125
3.0 0.50390625 0.640625 0.0515625 0.10625
3.0 0.61875 0.79375 0.071875 0.053125
3.0 0.553125 0.91015625 0.053125 0.0453125
