4.0 0.48515625 0.2828125 0.1390625 0.31875
4.0 0.3765625 0.13984375 0.178125 0.2734375
4.0 0.7703125 0.7859375 0.10625 0.171875
4.0 0.5546875 0.52265625 0.128125 0.2203125
4.0 0.1953125 0.47890625 0.153125 0.4265625
4.0 0.69140625 0.9546875 0.3046875 0.090625
4.0 0.74296875 0.075 0.3234375 0.15
3.0 0.3140625 0.946875 0.059375 0.05625
3.0 0.3625 0.69453125 0.06875 0.1046875
3.0 0.609375 0.6515625 0.071875 0.096875
3.0 0.384375 0.17109375 0.146875 0.1234375
3.0 0.1234375 0.8125 0.034375 0.071875
3.0 0.76015625 0.33671875 0.0640625 0.1328125
3.0 0.78125 0.96953125 0.06875 0.0609375
3.0 0.75703125 0.76640625 0.0609375 0.0640625
