7.0 0.503125 0.41171875 0.253125 0.2265625
7.0 0.3390625 0.08828125 0.25 0.1703125
7.0 0.18046875 0.21875 0.1640625 0.29375
7.0 0.02265625 0.22265625 0.0453125 0.1828125
7.0 0.33359375 0.36796875 0.0734375 0.0484375
7.0 0.3 0.53671875 0.209375 0.2890625
7.0 0.096875 0.9171875 0.184375 0.165625
4.0 0.8296875 0.66015625 0.328125 0.6640625
3.0 0.76328125 0.6546875 0.0984375 0.0875
3.0 0.42421875 0.93515625 0.0703125 0.0546875
3.0 0.52734375 0.6421875 0.0515625 0.05625
3.0 0.87109375 0.5921875 0.0703125 0.05
3.0 0.8125 0.06328125 0.159375 0.1203125
4.0 0.75703125 0.115625 0.3078125 0.225
