3.0 0.70859375 0.50234375 0.0859375 0.0703125
3.0 0.3609375 0.37734375 0.109375 0.0703125
3.0 0.2375 0.365625 0.0625 0.053125
4.0 0.803125 0.1125 0.140625 0.0625
4.0 0.9203125 0.14296875 0.059375 0.0609375
4.0 0.853125 0.17421875 0.075 0.0796875
4.0 0.834375 0.25546875 0.0875 0.0578125
3.0 0.65625 0.25546875 0.11875 0.0609375
4.0 0.628125 0.04453125 0.103125 0.0828125
3.0 0.328125 0.103125 0.084375 0.040625
3.0 0.33515625 0.0390625 0.0953125 0.065625
3.0 0.43671875 0.42578125 0.0546875 0.0421875
3.0 0.4578125 0.784375 0.075 0.05
3.0 0.2328125 0.690625 0.075 0.025
3.0 0.6109375 0.66796875 0.05 0.0328125
3.0 0.6640625 0.6765625 0.046875 0.040625
3.0 0.71640625 0.63359375 0.0296875 0.0234375
3.0 0.734375 0.68359375 0.046875 0.0234375
