4.0 0.51171875 0.45859375 0.5796875 0.6546875
3.0 0.453125 0.35546875 0.090625 0.0890625
3.0 0.71328125 0.27578125 0.1578125 0.2015625
3.0 0.4109375 0.7984375 0.071875 0.0875
3.0 0.5015625 0.91328125 0.05625 0.0734375
3.0 0.94296875 0.73125 0.1046875 0.096875
3.0 0.525 0.8125 0.125 0.096875
4.0 0.2484375 0.5625 0.203125 0.14375
4.0 0.9 0.5234375 0.1875 0.328125
3.0 0.9 0.54453125 0.090625 0.1234375
4.0 0.59921875 0.11875 0.4796875 0.225
4.0 0.246875 0.29453125 0.309375 0.1171875
4.0 0.221875 0.9171875 0.290625 0.121875
3.0 0.64296875 0.58203125 0.0859375 0.0671875
3.0 0.028125 0.58125 0.04375 0.034375
4.0 0.65 0.7015625 0.18125 0.1
