4.0 0.05703125 0.190625 0.1140625 0.171875
4.0 0.03984375 0.49609375 0.0796875 0.2546875
4.0 0.29921875 0.56484375 0.2578125 0.3109375
4.0 0.38203125 0.28671875 0.1703125 0.2015625
4.0 0.41953125 0.0234375 0.2109375 0.046875
4.0 0.67265625 0.203125 0.2828125 0.1625
4.0 0.559375 0.00859375 0.115625 0.0171875
3.0 0.94140625 0.05234375 0.0421875 0.0234375
3.0 0.70234375 0.14765625 0.0515625 0.0265625
3.0 0.025 0.1484375 0.05 0.059375
7.0 0.01953125 0.690625 0.0390625 0.08125
7.0 0.0296875 0.6953125 0.059375 0.134375
