7.0 0.2703125 0.5453125 0.103125 0.153125
7.0 0.221875 0.68203125 0.05 0.0765625
7.0 0.28828125 0.77890625 0.1359375 0.1078125
7.0 0.221875 0.74453125 0.01875 0.0234375
7.0 0.175 0.66953125 0.065625 0.1046875
7.0 0.4 0.828125 0.09375 0.103125
7.0 0.46796875 0.821875 0.0890625 0.1125
7.0 0.7015625 0.46484375 0.065625 0.0703125
7.0 0.7015625 0.54296875 0.0875 0.1171875
7.0 0.8 0.615625 0.03125 0.0625
7.0 0.81875 0.71171875 0.05 0.0796875
7.0 0.73125 0.8328125 0.109375 0.203125
3.0 0.53515625 0.86484375 0.0265625 0.0453125
3.0 0.53203125 0.92734375 0.0609375 0.0734375
3.0 0.36171875 0.9296875 0.0546875 0.078125
3.0 0.18828125 0.18046875 0.0390625 0.0484375
3.0 0.57421875 0.9953125 0.0359375 0.009375
