4.0 0.16328125 0.84765625 0.0765625 0.0328125
4.0 0.19296875 0.765625 0.0328125 0.05625
3.0 0.321875 0.9421875 0.08125 0.040625
4.0 0.28984375 0.8203125 0.1046875 0.03125
3.0 0.34765625 0.89765625 0.0296875 0.0140625
4.0 0.41875 0.96953125 0.021875 0.0234375
4.0 0.12578125 0.940625 0.0953125 0.028125
3.0 0.5875 0.928125 0.021875 0.03125
3.0 0.48984375 0.92734375 0.0109375 0.0109375
3.0 0.7140625 0.9671875 0.034375 0.0125
3.0 0.421875 0.7515625 0.06875 0.0125
3.0 0.846875 0.88515625 0.01875 0.0296875
3.0 0.80625 0.7078125 0.01875 0.040625
3.0 0.75859375 0.62890625 0.0234375 0.0203125
3.0 0.93828125 0.771875 0.0359375 0.04375
3.0 0.34453125 0.41328125 0.0296875 0.0203125
3.0 0.33046875 0.4484375 0.0109375 0.01875
3.0 0.39921875 0.43046875 0.0515625 0.0328125
3.0 0.46484375 0.41484375 0.0296875 0.0203125
3.0 0.31171875 0.45078125 0.0171875 0.0234375
3.0 0.16640625 0.3546875 0.0390625 0.01875
3.0 0.20078125 0.3421875 0.0328125 0.01875
7.0 0.43515625 0.3796875 0.0390625 0.04375
7.0 0.3390625 0.4203125 0.053125 0.071875
3.0 0.2734375 0.5828125 0.040625 0.040625
3.0 0.2890625 0.5375 0.034375 0.05625
3.0 0.22109375 0.48515625 0.0609375 0.0265625
3.0 0.31484375 0.3734375 0.0359375 0.0125
3.0 0.30625 0.33828125 0.015625 0.0171875
3.0 0.603125 0.34296875 0.015625 0.0296875
3.0 0.3296875 0.021875 0.01875 0.01875
3.0 0.1484375 0.10625 0.015625 0.0125
3.0 0.21796875 0.178125 0.0328125 0.028125
7.0 0.59765625 0.1125 0.0421875 0.059375
3.0 0.059375 0.078125 0.015625 0.01875
3.0 0.25703125 0.1953125 0.0171875 0.021875
3.0 0.33984375 0.19296875 0.0328125 0.0265625
3.0 0.396875 0.23046875 0.0625 0.0328125
3.0 0.39765625 0.1890625 0.0234375 0.015625
3.0 0.878125 0.0296875 0.025 0.01875
3.0 0.61484375 0.0515625 0.0140625 0.021875
3.0 0.13359375 0.15859375 0.0578125 0.0328125
