7.0 0.46796875 0.2484375 0.1609375 0.11875
7.0 0.30390625 0.43671875 0.0640625 0.1703125
7.0 0.359375 0.45234375 0.05 0.1171875
7.0 0.49140625 0.43984375 0.0890625 0.0640625
7.0 0.51171875 0.51953125 0.0734375 0.0953125
3.0 0.46953125 0.353125 0.0390625 0.0875
3.0 0.32734375 0.19140625 0.0859375 0.0359375
3.0 0.3265625 0.22421875 0.028125 0.0265625
3.0 0.4265625 0.09765625 0.04375 0.0640625
3.0 0.325 0.29765625 0.040625 0.0515625
3.0 0.0390625 0.30078125 0.06875 0.0359375
3.0 0.11875 0.4390625 0.040625 0.13125
3.0 0.09609375 0.57109375 0.0328125 0.1109375
3.0 0.24765625 0.71328125 0.0484375 0.0390625
3.0 0.31015625 0.78046875 0.0359375 0.1140625
3.0 0.34609375 0.91796875 0.0359375 0.0390625
3.0 0.1296875 0.82109375 0.040625 0.0546875
3.0 0.040625 0.92890625 0.046875 0.0546875
3.0 0.178125 0.15390625 0.03125 0.0734375
3.0 0.14921875 0.746875 0.0484375 0.053125
3.0 0.2109375 0.04453125 0.053125 0.0890625
3.0 0.88671875 0.46875 0.0484375 0.03125
3.0 0.725 0.54140625 0.03125 0.0359375
3.0 0.79296875 0.13125 0.0296875 0.028125
3.0 0.88515625 0.13828125 0.0515625 0.0546875
4.0 0.6546875 0.66796875 0.15625 0.0921875
3.0 0.6484375 0.7015625 0.034375 0.03125
3.0 0.66171875 0.7953125 0.0328125 0.04375
3.0 0.753125 0.75703125 0.040625 0.0578125
3.0 0.7078125 0.80859375 0.028125 0.0390625
