7.0 0.48359375 0.028125 0.3546875 0.05625
7.0 0.7734375 0.08359375 0.1875 0.1609375
7.0 0.9078125 0.06875 0.184375 0.1375
7.0 0.0953125 0.603125 0.190625 0.13125
7.0 0.96328125 0.26953125 0.0734375 0.2015625
3.0 0.94921875 0.4484375 0.1015625 0.0875
3.0 0.82109375 0.53671875 0.0828125 0.0484375
4.0 0.40703125 0.246875 0.2765625 0.115625
3.0 0.66796875 0.30625 0.1015625 0.14375
3.0 0.6546875 0.2421875 0.14375 0.059375
3.0 0.78359375 0.6890625 0.1109375 0.11875
3.0 0.521875 0.63125 0.071875 0.034375
3.0 0.37890625 0.4265625 0.0359375 0.05
3.0 0.67421875 0.93828125 0.1890625 0.0421875
3.0 0.17578125 0.25390625 0.1578125 0.0640625
