4.0 0.40234375 0.68828125 0.5515625 0.1703125
4.0 0.18515625 0.63515625 0.3703125 0.1703125
4.0 0.7109375 0.8859375 0.34375 0.228125
4.0 0.29296875 0.9609375 0.3140625 0.078125
3.0 0.23515625 0.98203125 0.0796875 0.0359375
3.0 0.73515625 0.92421875 0.1546875 0.1453125
3.0 0.05078125 0.63671875 0.1015625 0.0765625
3.0 0.22265625 0.7015625 0.1515625 0.103125
3.0 0.4640625 0.715625 0.2875 0.096875
4.0 0.3046875 0.11796875 0.534375 0.2359375
3.0 0.04921875 0.01796875 0.0984375 0.0359375
3.0 0.40390625 0.0828125 0.2453125 0.1375
