4.0 0.54921875 0.38125 0.4203125 0.3625
4.0 0.31796875 0.6015625 0.5078125 0.303125
4.0 0.1203125 0.3515625 0.240625 0.315625
4.0 0.35234375 0.8453125 0.4078125 0.221875
4.0 0.56328125 0.91328125 0.6765625 0.1734375
3.0 0.740625 0.29140625 0.13125 0.0765625
3.0 0.5640625 0.1796875 0.153125 0.125
3.0 0.4515625 0.26953125 0.209375 0.1234375
3.0 0.56015625 0.3953125 0.2859375 0.2
3.0 0.58359375 0.53203125 0.2328125 0.0546875
3.0 0.41640625 0.5796875 0.2296875 0.159375
3.0 0.3375 0.78984375 0.175 0.0671875
