3.0 0.81953125 0.30390625 0.0796875 0.0578125
3.0 0.5125 0.209375 0.125 0.05625
3.0 0.3890625 0.2640625 0.1 0.0625
3.0 0.36875 0.4203125 0.25625 0.10625
3.0 0.26328125 0.47421875 0.0734375 0.0390625
3.0 0.44609375 0.5125 0.1328125 0.059375
3.0 0.70703125 0.921875 0.0703125 0.065625
3.0 0.78203125 0.8625 0.0421875 0.065625
3.0 0.6890625 0.83984375 0.096875 0.0421875
3.0 0.92421875 0.86015625 0.0734375 0.0390625
3.0 0.98515625 0.8921875 0.0265625 0.03125
3.0 0.778125 0.72890625 0.071875 0.0234375
3.0 0.90078125 0.609375 0.0640625 0.065625
