3.0 0.7578125 0.5640625 0.096875 0.1125
3.0 0.44921875 0.31796875 0.2140625 0.0859375
3.0 0.2359375 0.41796875 0.103125 0.0484375
3.0 0.02421875 0.834375 0.0421875 0.034375
3.0 0.13046875 0.88515625 0.0390625 0.0390625
3.0 0.096875 0.02734375 0.015625 0.0234375
3.0 0.03984375 0.1046875 0.0484375 0.021875
3.0 0.0203125 0.13359375 0.040625 0.0234375
3.0 0.0703125 0.16875 0.071875 0.05
3.0 0.04375 0.2390625 0.0625 0.01875
3.0 0.81328125 0.6890625 0.0609375 0.059375
3.0 0.65234375 0.75546875 0.0515625 0.0203125
