3.0 0.03671875 0.26953125 0.0703125 0.0484375
3.0 0.0171875 0.31796875 0.034375 0.0296875
7.0 0.07734375 0.325 0.1546875 0.084375
7.0 0.26171875 0.2953125 0.3015625 0.13125
7.0 0.34921875 0.56015625 0.1453125 0.1203125
7.0 0.121875 0.5453125 0.24375 0.2125
7.0 0.09609375 0.41796875 0.0828125 0.0703125
7.0 0.125 0.34296875 0.0625 0.0421875
7.0 0.1703125 0.36171875 0.109375 0.0640625
7.0 0.29140625 0.4890625 0.1046875 0.078125
7.0 0.2921875 0.4296875 0.05625 0.046875
7.0 0.4390625 0.36875 0.20625 0.10625
7.0 0.54453125 0.4078125 0.1015625 0.078125
7.0 0.69453125 0.4015625 0.1359375 0.103125
7.0 0.82890625 0.45625 0.3328125 0.15
7.0 0.53671875 0.575 0.1265625 0.08125
7.0 0.7578125 0.67421875 0.134375 0.0828125
7.0 0.9234375 0.6078125 0.153125 0.171875
7.0 0.6015625 0.7125 0.246875 0.178125
7.0 0.88671875 0.7953125 0.1359375 0.096875
3.0 0.82109375 0.90859375 0.2046875 0.1078125
7.0 0.36875 0.99296875 0.115625 0.0140625
7.0 0.5109375 0.97578125 0.13125 0.0484375
7.0 0.66640625 0.94921875 0.1609375 0.0984375
