7.0 0.8796875 0.46796875 0.15 0.2140625
7.0 0.7484375 0.66015625 0.075 0.1203125
7.0 0.67578125 0.5703125 0.1453125 0.11875
7.0 0.66328125 0.47578125 0.1078125 0.0828125
7.0 0.653125 0.67734375 0.103125 0.1515625
7.0 0.6015625 0.94375 0.165625 0.084375
7.0 0.66875 0.83359375 0.0875 0.0859375
7.0 0.9359375 0.896875 0.071875 0.109375
7.0 0.88671875 0.80078125 0.0640625 0.1484375
3.0 0.27109375 0.440625 0.0515625 0.084375
3.0 0.21015625 0.36796875 0.0703125 0.1171875
3.0 0.3625 0.76796875 0.053125 0.1921875
3.0 0.23671875 0.871875 0.0421875 0.109375
3.0 0.309375 0.9375 0.14375 0.109375
