3.0 0.61328125 0.53671875 0.0984375 0.0671875
7.0 0.29921875 0.45078125 0.1953125 0.1671875
7.0 0.3203125 0.15859375 0.08125 0.0390625
7.0 0.21796875 0.1203125 0.0921875 0.05
7.0 0.34140625 0.04453125 0.1046875 0.0484375
7.0 0.17265625 0.22109375 0.0703125 0.0765625
7.0 0.37890625 0.24765625 0.0859375 0.0703125
7.0 0.0515625 0.4171875 0.075 0.053125
3.0 0.5875 0.77109375 0.0625 0.0640625
3.0 0.634375 0.98203125 0.084375 0.0359375
3.0 0.540625 0.63828125 0.04375 0.0421875
3.0 0.3453125 0.66796875 0.04375 0.0203125
