4.0 0.2890625 0.48984375 0.5 0.2328125
4.0 0.24921875 0.2296875 0.4640625 0.21875
3.0 0.196875 0.915625 0.1375 0.146875
3.0 0.05234375 0.8046875 0.0859375 0.121875
3.0 0.246875 0.70390625 0.165625 0.1359375
4.0 0.91484375 0.34140625 0.1703125 0.1234375
3.0 0.8921875 0.4578125 0.121875 0.0375
3.0 0.91171875 0.63046875 0.1578125 0.0859375
3.0 0.72265625 0.57421875 0.0640625 0.0703125
3.0 0.66796875 0.44375 0.0640625 0.028125
3.0 0.70078125 0.3546875 0.0546875 0.034375
3.0 0.371875 0.52109375 0.065625 0.0796875
3.0 0.240625 0.584375 0.14375 0.059375
3.0 0.078125 0.55 0.05 0.0375
3.0 0.21015625 0.51015625 0.1734375 0.0671875
3.0 0.20390625 0.4515625 0.1796875 0.078125
3.0 0.34453125 0.4015625 0.0828125 0.04375
3.0 0.12265625 0.19921875 0.1015625 0.0390625
2.0 0.0640625 0.6484375 0.121875 0.109375
3.0 0.79921875 0.78359375 0.0515625 0.0640625
4.0 0.73671875 0.634375 0.1140625 0.05625
