7.0 0.7421875 0.15078125 0.175 0.1359375
7.0 0.82265625 0.196875 0.2203125 0.15625
7.0 0.96796875 0.29375 0.0640625 0.1625
3.0 0.29453125 0.990625 0.1234375 0.01875
3.0 0.68046875 0.5609375 0.0921875 0.06875
7.0 0.5390625 0.196875 0.340625 0.24375
7.0 0.54375 0.31875 0.13125 0.1
3.0 0.60078125 0.3921875 0.0921875 0.065625
3.0 0.6796875 0.4625 0.078125 0.065625
7.0 0.26875 0.26328125 0.075 0.0609375
7.0 0.34609375 0.178125 0.1859375 0.1375
7.0 0.20390625 0.35 0.2078125 0.159375
3.0 0.3265625 0.859375 0.10625 0.071875
3.0 0.0421875 0.80390625 0.075 0.0546875
3.0 0.075 0.5515625 0.084375 0.0625
3.0 0.165625 0.66328125 0.10625 0.0796875
4.0 0.13046875 0.75703125 0.2609375 0.2328125
