3.0 0.8984375 0.81875 0.05 0.025
7.0 0.1453125 0.71171875 0.0875 0.0796875
7.0 0.13359375 0.63515625 0.0671875 0.0328125
7.0 0.34609375 0.6203125 0.0671875 0.115625
7.0 0.36640625 0.49375 0.0796875 0.0375
7.0 0.47578125 0.5078125 0.0359375 0.04375
3.0 0.0671875 0.36796875 0.121875 0.0515625
3.0 0.215625 0.425 0.03125 0.05
7.0 0.17265625 0.56484375 0.0484375 0.0328125
7.0 0.23828125 0.60703125 0.0484375 0.0484375
7.0 0.2453125 0.64921875 0.109375 0.0453125
7.0 0.28125 0.45078125 0.05625 0.0515625
3.0 0.271875 0.73125 0.06875 0.025
7.0 0.5640625 0.49765625 0.0375 0.0453125
3.0 0.790625 0.546875 0.04375 0.025
3.0 0.64609375 0.31328125 0.0421875 0.0296875
3.0 0.6171875 0.02421875 0.0375 0.0390625
3.0 0.99296875 0.1984375 0.0140625 0.053125
3.0 0.4296875 0.69453125 0.0375 0.0265625
3.0 0.3515625 0.01015625 0.0375 0.0203125
3.0 0.69375 0.0640625 0.05625 0.028125
