7.0 0.81484375 0.471875 0.2140625 0.10625
7.0 0.75078125 0.375 0.1671875 0.071875
7.0 0.61796875 0.45 0.1171875 0.11875
7.0 0.68984375 0.49296875 0.2109375 0.1078125
7.0 0.08046875 0.446875 0.1609375 0.2625
7.0 0.303125 0.3703125 0.18125 0.090625
7.0 0.1453125 0.2984375 0.15 0.05
7.0 0.81953125 0.76640625 0.1890625 0.0765625
7.0 0.34921875 0.66796875 0.1578125 0.1265625
7.0 0.50703125 0.7828125 0.1390625 0.065625
7.0 0.55625 0.8890625 0.15625 0.13125
7.0 0.71484375 0.82421875 0.1109375 0.0484375
7.0 0.7828125 0.68671875 0.103125 0.0734375
3.0 0.95625 0.334375 0.08125 0.128125
3.0 0.8546875 0.36171875 0.08125 0.1046875
3.0 0.5921875 0.528125 0.121875 0.071875
3.0 0.20390625 0.540625 0.1640625 0.09375
3.0 0.15 0.70234375 0.184375 0.1359375
