3.0 0.38125 0.66328125 0.10625 0.0578125
3.0 0.9328125 0.946875 0.08125 0.065625
3.0 0.11171875 0.20390625 0.0859375 0.0765625
7.0 0.17734375 0.41640625 0.1390625 0.0578125
3.0 0.04140625 0.33046875 0.0703125 0.0703125
3.0 0.0203125 0.65 0.040625 0.0625
4.0 0.5609375 0.50546875 0.1875 0.1046875
3.0 0.45 0.4375 0.075 0.04375
4.0 0.48828125 0.29765625 0.3640625 0.3484375
3.0 0.2296875 0.03125 0.065625 0.05
3.0 0.8015625 0.09765625 0.075 0.0328125
3.0 0.03046875 0.028125 0.0546875 0.046875
3.0 0.36171875 0.975 0.0671875 0.05
3.0 0.56953125 0.67734375 0.0859375 0.0546875
3.0 0.503125 0.6 0.040625 0.03125
3.0 0.9453125 0.83984375 0.046875 0.0453125
