7.0 0.0671875 0.68125 0.103125 0.153125
7.0 0.19921875 0.7265625 0.1421875 0.08125
7.0 0.04765625 0.56953125 0.0765625 0.0765625
7.0 0.05703125 0.503125 0.1140625 0.1
7.0 0.1015625 0.5796875 0.040625 0.065625
7.0 0.16328125 0.590625 0.0609375 0.025
7.0 0.23203125 0.6296875 0.1546875 0.078125
7.0 0.26875 0.54765625 0.0625 0.0421875
7.0 0.46953125 0.5984375 0.2296875 0.184375
7.0 0.49609375 0.48203125 0.1578125 0.0734375
7.0 0.62109375 0.35390625 0.1359375 0.0953125
3.0 0.76328125 0.34921875 0.0796875 0.0859375
3.0 0.86640625 0.32265625 0.0984375 0.0578125
7.0 0.7828125 0.7203125 0.103125 0.059375
3.0 0.603125 0.72734375 0.034375 0.0296875
3.0 0.76171875 0.95546875 0.0796875 0.0390625
3.0 0.96640625 0.94140625 0.0671875 0.0515625
3.0 0.23515625 0.92578125 0.0609375 0.0359375
3.0 0.9171875 0.4734375 0.075 0.103125
3.0 0.87734375 0.67734375 0.0890625 0.0703125
3.0 0.7390625 0.58984375 0.028125 0.0265625
3.0 0.1921875 0.50703125 0.06875 0.0484375
3.0 0.24765625 0.47109375 0.0703125 0.0640625
3.0 0.22890625 0.309375 0.2046875 0.09375
3.0 0.04765625 0.3015625 0.0890625 0.05
7.0 0.734375 0.23515625 0.046875 0.0265625
3.0 0.82265625 0.64296875 0.0390625 0.0515625
3.0 0.7578125 0.83671875 0.084375 0.0546875
