3.0 0.1265625 0.4640625 0.11875 0.05
3.0 0.34921875 0.5828125 0.0734375 0.078125
3.0 0.36875 0.4109375 0.146875 0.034375
3.0 0.5296875 0.38359375 0.171875 0.0546875
3.0 0.95625 0.6515625 0.0875 0.05625
3.0 0.875 0.7453125 0.065625 0.1
3.0 0.50546875 0.909375 0.0640625 0.0375
7.0 0.878125 0.8078125 0.121875 0.0625
7.0 0.62109375 0.20234375 0.0296875 0.0328125
3.0 0.43515625 0.1203125 0.1109375 0.021875
3.0 0.5796875 0.12265625 0.090625 0.0265625
3.0 0.97890625 0.11796875 0.0421875 0.0609375
3.0 0.56484375 0.05390625 0.0515625 0.0703125
7.0 0.2046875 0.296875 0.13125 0.05
3.0 0.0296875 0.1609375 0.059375 0.05
