7.0 0.36875 0.54609375 0.459375 0.3609375
7.0 0.72421875 0.7625 0.1703125 0.096875
5.0 0.61328125 0.7578125 0.1515625 0.096875
3.0 0.92109375 0.95234375 0.1421875 0.0921875
4.0 0.8671875 0.88203125 0.265625 0.1046875
4.0 0.94140625 0.8375 0.1171875 0.078125
3.0 0.0515625 0.69296875 0.075 0.0703125
3.0 0.171875 0.61640625 0.078125 0.0515625
3.0 0.34765625 0.30390625 0.0796875 0.0546875
7.0 0.56640625 0.1453125 0.0859375 0.08125
7.0 0.65390625 0.15546875 0.0765625 0.0953125
7.0 0.38828125 0.1078125 0.1234375 0.071875
7.0 0.43359375 0.0328125 0.1734375 0.065625
