7.0 0.72578125 0.22109375 0.0890625 0.0671875
7.0 0.8375 0.38828125 0.109375 0.0796875
7.0 0.7609375 0.31171875 0.1 0.0765625
7.0 0.89609375 0.4234375 0.1015625 0.078125
7.0 0.86796875 0.46796875 0.1078125 0.0796875
7.0 0.8328125 0.659375 0.215625 0.159375
7.0 0.42734375 0.47890625 0.1296875 0.0984375
7.0 0.45625 0.62109375 0.06875 0.0484375
7.0 0.28828125 0.578125 0.1046875 0.08125
3.0 0.26484375 0.45234375 0.0953125 0.0734375
3.0 0.02421875 0.421875 0.0484375 0.0375
7.0 0.58203125 0.24765625 0.2234375 0.1734375
7.0 0.71015625 0.29921875 0.0921875 0.0765625
7.0 0.64140625 0.33515625 0.0484375 0.0359375
7.0 0.69765625 0.371875 0.1328125 0.09375
