3.0 0.22734375 0.74921875 0.0515625 0.0359375
4.0 0.1625 0.83515625 0.2 0.2140625
7.0 0.675 0.13828125 0.1125 0.1296875
7.0 0.6328125 0.33046875 0.184375 0.1171875
7.0 0.4625 0.16171875 0.121875 0.1234375
7.0 0.4140625 0.396875 0.0875 0.1375
3.0 0.828125 0.49921875 0.09375 0.0859375
3.0 0.94765625 0.33984375 0.1046875 0.1796875
3.0 0.79609375 0.24765625 0.0890625 0.1046875
3.0 0.6796875 0.709375 0.103125 0.090625
3.0 0.6125 0.80546875 0.075 0.1046875
3.0 0.76484375 0.3390625 0.0421875 0.05625
7.0 0.44609375 0.3078125 0.1046875 0.075
3.0 0.84375 0.96640625 0.09375 0.0578125
3.0 0.58203125 0.42890625 0.1109375 0.0734375
7.0 0.55703125 0.49453125 0.0921875 0.0671875
4.0 0.5125 0.89453125 0.046875 0.0546875
7.0 0.85390625 0.21015625 0.0828125 0.1265625
3.0 0.85703125 0.0625 0.0296875 0.06875
3.0 0.7078125 0.84765625 0.053125 0.0703125
3.0 0.8015625 0.36640625 0.025 0.0515625
3.0 0.83046875 0.40625 0.0359375 0.03125
3.0 0.78515625 0.559375 0.0703125 0.059375
4.0 0.6296875 0.50859375 0.084375 0.0765625
3.0 0.18125 0.03671875 0.0625 0.0734375
