7.0 0.2421875 0.3015625 0.040625 0.040625
7.0 0.2078125 0.29453125 0.015625 0.0265625
7.0 0.61328125 0.0296875 0.0609375 0.059375
3.0 0.6375 0.30234375 0.034375 0.0890625
7.0 0.4859375 0.33828125 0.078125 0.0640625
3.0 0.4515625 0.42109375 0.05625 0.0484375
7.0 0.94140625 0.29375 0.0890625 0.278125
7.0 0.7734375 0.58046875 0.203125 0.1609375
7.0 0.92578125 0.58359375 0.0859375 0.0921875
7.0 0.8515625 0.3921875 0.0625 0.13125
7.0 0.90078125 0.43671875 0.0328125 0.1109375
7.0 0.70625 0.11953125 0.125 0.2046875
7.0 0.203125 0.184375 0.025 0.071875
3.0 0.18203125 0.54375 0.0640625 0.034375
7.0 0.953125 0.77734375 0.09375 0.0703125
3.0 0.959375 0.73359375 0.03125 0.0390625
7.0 0.759375 0.7734375 0.034375 0.109375
