7.0 0.6875 0.8578125 0.153125 0.1125
7.0 0.12734375 0.8015625 0.1984375 0.134375
7.0 0.48671875 0.93359375 0.1734375 0.1328125
7.0 0.65234375 0.95078125 0.0671875 0.0765625
7.0 0.71875 0.61015625 0.096875 0.1171875
7.0 0.4640625 0.75546875 0.075 0.0859375
7.0 0.4453125 0.58828125 0.11875 0.0609375
4.0 0.78203125 0.30859375 0.1921875 0.0765625
7.0 0.778125 0.365625 0.103125 0.03125
4.0 0.76796875 0.64765625 0.1765625 0.2609375
4.0 0.434375 0.5921875 0.171875 0.075
4.0 0.1359375 0.79453125 0.2625 0.1671875
4.0 0.49140625 0.91875 0.2078125 0.1625
