7.0 0.809375 0.8234375 0.0875 0.13125
7.0 0.6828125 0.82109375 0.065625 0.1203125
7.0 0.646875 0.759375 0.046875 0.0875
7.0 0.4921875 0.465625 0.125 0.3125
7.0 0.61875 0.50078125 0.078125 0.2921875
3.0 0.5796875 0.434375 0.0375 0.125
3.0 0.77578125 0.1640625 0.1546875 0.128125
3.0 0.98984375 0.56875 0.0171875 0.084375
7.0 0.503125 0.715625 0.06875 0.08125
3.0 0.284375 0.74140625 0.034375 0.0640625
3.0 0.01953125 0.7765625 0.0390625 0.115625
3.0 0.046875 0.16796875 0.084375 0.0921875
3.0 0.503125 0.803125 0.0375 0.071875
3.0 0.50703125 0.896875 0.0390625 0.09375
7.0 0.06796875 0.95234375 0.0734375 0.0671875
3.0 0.8 0.240625 0.078125 0.028125
3.0 0.73828125 0.27109375 0.0296875 0.0359375
3.0 0.821875 0.34453125 0.021875 0.0359375
7.0 0.81015625 0.63828125 0.0953125 0.1296875
7.0 0.678125 0.65546875 0.04375 0.0921875
3.0 0.2328125 0.69765625 0.046875 0.0234375
3.0 0.1828125 0.7125 0.04375 0.0375
7.0 0.2453125 0.696875 0.04375 0.040625
3.0 0.615625 0.11953125 0.046875 0.0359375
