7.0 0.66015625 0.3625 0.2234375 0.146875
7.0 0.7015625 0.45546875 0.10625 0.0328125
3.0 0.90546875 0.15546875 0.0921875 0.0578125
3.0 0.57421875 0.1 0.0703125 0.071875
3.0 0.60390625 0.19375 0.0421875 0.04375
3.0 0.86640625 0.503125 0.1078125 0.059375
3.0 0.75 0.5859375 0.071875 0.040625
3.0 0.7828125 0.690625 0.2625 0.228125
3.0 0.44453125 0.68515625 0.1109375 0.0546875
3.0 0.86015625 0.875 0.0609375 0.05625
7.0 0.96015625 0.9421875 0.0796875 0.08125
3.0 0.3828125 0.8796875 0.0875 0.06875
7.0 0.36015625 0.92734375 0.0859375 0.0328125
7.0 0.16796875 0.865625 0.0796875 0.05
7.0 0.1453125 0.61484375 0.125 0.0828125
3.0 0.0734375 0.60234375 0.046875 0.0515625
7.0 0.271875 0.23984375 0.06875 0.0703125
3.0 0.21640625 0.67890625 0.0265625 0.0140625
3.0 0.0234375 0.8 0.046875 0.040625
4.0 0.35390625 0.4109375 0.2484375 0.103125
