7.0 0.1890625 0.175 0.0875 0.13125
7.0 0.315625 0.17734375 0.065625 0.1203125
7.0 0.3515625 0.23828125 0.046875 0.0859375
7.0 0.50625 0.5328125 0.125 0.3125
7.0 0.3796875 0.49765625 0.078125 0.2921875
3.0 0.41875 0.5640625 0.0375 0.125
3.0 0.22265625 0.834375 0.1546875 0.128125
3.0 0.00859375 0.4296875 0.0171875 0.084375
7.0 0.4953125 0.2828125 0.06875 0.08125
3.0 0.7140625 0.25625 0.034375 0.0625
3.0 0.9796875 0.221875 0.040625 0.115625
3.0 0.9515625 0.83046875 0.084375 0.0921875
3.0 0.4953125 0.1953125 0.0375 0.071875
3.0 0.49140625 0.1015625 0.0390625 0.09375
7.0 0.93046875 0.04609375 0.0734375 0.0671875
3.0 0.1984375 0.7578125 0.078125 0.028125
3.0 0.26015625 0.72734375 0.0296875 0.0359375
3.0 0.1765625 0.65390625 0.021875 0.0359375
7.0 0.18828125 0.36015625 0.0953125 0.1296875
7.0 0.3203125 0.34296875 0.04375 0.0921875
3.0 0.765625 0.30078125 0.046875 0.0234375
3.0 0.815625 0.2859375 0.04375 0.0375
7.0 0.753125 0.3015625 0.04375 0.040625
3.0 0.3828125 0.87890625 0.046875 0.0359375
