7.0 0.67734375 0.4421875 0.1234375 0.275
3.0 0.72734375 0.559375 0.1421875 0.103125
7.0 0.446875 0.75390625 0.25 0.1234375
3.0 0.35 0.7234375 0.06875 0.034375
3.0 0.2359375 0.72734375 0.0375 0.0359375
3.0 0.0625 0.71875 0.01875 0.159375
3.0 0.146875 0.72421875 0.05 0.0359375
3.0 0.21953125 0.5125 0.1078125 0.053125
3.0 0.2609375 0.56796875 0.059375 0.0234375
3.0 0.41171875 0.55234375 0.1203125 0.0390625
3.0 0.021875 0.7859375 0.04375 0.15
7.0 0.5234375 0.93828125 0.103125 0.1203125
7.0 0.40234375 0.890625 0.0328125 0.11875
7.0 0.4515625 0.91875 0.0375 0.08125
3.0 0.8109375 0.46953125 0.090625 0.1609375
5.0 0.47421875 0.66796875 0.1578125 0.1015625
5.0 0.6125 0.47421875 0.090625 0.1703125
5.0 0.75078125 0.50703125 0.1953125 0.2390625
