7.0 0.30078125 0.1953125 0.1578125 0.115625
7.0 0.78359375 0.3359375 0.1078125 0.075
7.0 0.45625 0.4296875 0.159375 0.159375
7.0 0.56640625 0.52890625 0.1859375 0.0765625
7.0 0.49609375 0.6265625 0.1046875 0.121875
7.0 0.60234375 0.69140625 0.1109375 0.1734375
7.0 0.7578125 0.6796875 0.046875 0.059375
3.0 0.7140625 0.6453125 0.046875 0.06875
3.0 0.75234375 0.61875 0.0671875 0.028125
3.0 0.57421875 0.8703125 0.1328125 0.05625
3.0 0.6796875 0.18984375 0.1 0.0484375
7.0 0.61015625 0.21640625 0.1515625 0.0953125
