3.0 0.0390625 0.85078125 0.078125 0.1890625
3.0 0.02890625 0.640625 0.0578125 0.1375
3.0 0.1953125 0.87578125 0.071875 0.2453125
3.0 0.415625 0.2640625 0.153125 0.23125
3.0 0.465625 0.64609375 0.05 0.0859375
3.0 0.35390625 0.5390625 0.0984375 0.084375
3.0 0.55078125 0.278125 0.1109375 0.0625
3.0 0.65625 0.34921875 0.06875 0.0890625
3.0 0.73046875 0.50625 0.0828125 0.08125
3.0 0.88046875 0.72890625 0.0953125 0.1359375
3.0 0.76484375 0.87734375 0.1515625 0.0453125
3.0 0.82421875 0.53515625 0.0734375 0.0515625
