3.0 0.8890625 0.06640625 0.05625 0.0453125
3.0 0.83984375 0.39453125 0.0734375 0.0765625
3.0 0.434375 0.10859375 0.06875 0.0421875
3.0 0.690625 0.54140625 0.071875 0.0421875
3.0 0.5546875 0.48671875 0.059375 0.0640625
3.0 0.5546875 0.5953125 0.078125 0.04375
3.0 0.41796875 0.475 0.0515625 0.034375
3.0 0.14453125 0.45234375 0.0484375 0.0390625
3.0 0.1640625 0.646875 0.08125 0.065625
3.0 0.15 0.68671875 0.021875 0.0171875
3.0 0.1015625 0.84375 0.078125 0.084375
3.0 0.021875 0.8140625 0.040625 0.05
3.0 0.16015625 0.95234375 0.0453125 0.0796875
3.0 0.3765625 0.87734375 0.046875 0.0234375
3.0 0.309375 0.5890625 0.059375 0.0625
