4.0 0.875 0.44765625 0.25 0.1046875
3.0 0.91875 0.47109375 0.11875 0.0515625
3.0 0.946875 0.54140625 0.075 0.0265625
3.0 0.44140625 0.5046875 0.0484375 0.05
3.0 0.97109375 0.61484375 0.0546875 0.0453125
7.0 0.76484375 0.0359375 0.0578125 0.071875
4.0 0.384375 0.40703125 0.10625 0.1015625
3.0 0.2234375 0.32578125 0.1 0.0390625
3.0 0.80390625 0.36640625 0.1015625 0.0484375
3.0 0.6015625 0.28515625 0.065625 0.0421875
3.0 0.5421875 0.3203125 0.046875 0.065625
3.0 0.49765625 0.41640625 0.0703125 0.0328125
7.0 0.528125 0.54609375 0.128125 0.0734375
3.0 0.5609375 0.05703125 0.04375 0.0578125
4.0 0.15859375 0.1765625 0.2453125 0.065625
7.0 0.93046875 0.259375 0.1390625 0.09375
