4.0 0.3625 0.43828125 0.484375 0.3421875
4.0 0.76875 0.2296875 0.328125 0.459375
3.0 0.171875 0.42890625 0.1125 0.1140625
3.0 0.49375 0.52109375 0.159375 0.1640625
3.0 0.403125 0.32578125 0.18125 0.1515625
3.0 0.675 0.12265625 0.140625 0.2453125
3.0 0.78046875 0.3359375 0.1890625 0.209375
3.0 0.70546875 0.84921875 0.0578125 0.0890625
3.0 0.96875 0.56484375 0.0625 0.1015625
3.0 0.853125 0.49453125 0.046875 0.2078125
3.0 0.52265625 0.71171875 0.0390625 0.0390625
3.0 0.7109375 0.553125 0.078125 0.125
