4.0 0.84375 0.48984375 0.3125 0.1484375
3.0 0.92265625 0.5234375 0.1546875 0.075
3.0 0.95859375 0.6234375 0.0828125 0.0375
3.0 0.2484375 0.5703125 0.06875 0.071875
3.0 0.9828125 0.728125 0.034375 0.065625
4.0 0.16640625 0.43203125 0.1515625 0.1453125
3.0 0.76640625 0.3734375 0.1453125 0.06875
3.0 0.4765625 0.25703125 0.09375 0.0609375
3.0 0.39140625 0.3078125 0.0671875 0.09375
3.0 0.328125 0.44453125 0.1 0.0484375
7.0 0.37109375 0.63046875 0.1828125 0.1046875
7.0 0.92421875 0.22109375 0.1515625 0.1359375
