7.0 0.1390625 0.82265625 0.190625 0.1734375
7.0 0.0859375 0.63203125 0.103125 0.0953125
7.0 0.47890625 0.653125 0.2265625 0.18125
7.0 0.315625 0.53359375 0.04375 0.0921875
7.0 0.2640625 0.48359375 0.071875 0.0734375
7.0 0.16953125 0.36640625 0.0796875 0.1265625
7.0 0.0734375 0.33828125 0.1125 0.2046875
7.0 0.10859375 0.16640625 0.2171875 0.1953125
7.0 0.3828125 0.2765625 0.271875 0.296875
7.0 0.2625 0.7 0.04375 0.046875
7.0 0.9140625 0.0828125 0.165625 0.165625
7.0 0.7515625 0.6453125 0.184375 0.21875
7.0 0.28359375 0.7625 0.0421875 0.0625
7.0 0.16328125 0.634375 0.0515625 0.1
