7.0 0.3296875 0.928125 0.059375 0.06875
7.0 0.525 0.61640625 0.1375 0.1234375
7.0 0.67734375 0.4265625 0.0484375 0.11875
7.0 0.7453125 0.675 0.059375 0.14375
7.0 0.67421875 0.1171875 0.0984375 0.06875
7.0 0.58359375 0.128125 0.0578125 0.053125
7.0 0.94375 0.02109375 0.1125 0.0421875
4.0 0.95 0.7859375 0.096875 0.096875
3.0 0.86484375 0.76953125 0.0328125 0.0546875
4.0 0.89140625 0.871875 0.0609375 0.128125
3.0 0.340625 0.81875 0.04375 0.034375
3.0 0.6375 0.81328125 0.021875 0.0359375
4.0 0.63515625 0.784375 0.0828125 0.2
3.0 0.49609375 0.9875 0.0296875 0.01875
4.0 0.3453125 0.675 0.128125 0.284375
