5.0 0.4828125 0.69609375 0.0875 0.0828125
5.0 0.55 0.75078125 0.0625 0.1140625
5.0 0.59375 0.65078125 0.090625 0.0515625
3.0 0.1953125 0.6359375 0.05625 0.04375
3.0 0.4015625 0.5640625 0.040625 0.021875
3.0 0.3421875 0.57578125 0.021875 0.0109375
3.0 0.25625 0.51953125 0.01875 0.0140625
7.0 0.56171875 0.225 0.2546875 0.153125
7.0 0.74453125 0.20703125 0.1828125 0.0640625
7.0 0.81015625 0.32578125 0.1484375 0.1140625
7.0 0.95625 0.31171875 0.06875 0.0890625
3.0 0.7625 0.0484375 0.084375 0.028125
3.0 0.6953125 0.02109375 0.0375 0.0328125
3.0 0.56171875 0.09453125 0.0328125 0.0296875
3.0 0.65078125 0.02890625 0.0453125 0.0328125
7.0 0.05234375 0.2078125 0.0984375 0.109375
