4.0 0.21796875 0.16015625 0.4359375 0.3203125
3.0 0.225 0.18046875 0.3125 0.0765625
3.0 0.140625 0.28828125 0.109375 0.0453125
3.0 0.6375 0.22890625 0.1 0.0578125
3.0 0.47421875 0.175 0.0796875 0.096875
4.0 0.6171875 0.42421875 0.6375 0.2359375
4.0 0.5390625 0.42265625 0.403125 0.1984375
3.0 0.7578125 0.4 0.034375 0.04375
3.0 0.68671875 0.60859375 0.3578125 0.1046875
3.0 0.803125 0.68203125 0.11875 0.0390625
3.0 0.9828125 0.56015625 0.034375 0.0515625
3.0 0.2359375 0.63671875 0.121875 0.0921875
3.0 0.04375 0.8921875 0.078125 0.05
3.0 0.09765625 0.0890625 0.1953125 0.053125
3.0 0.06328125 0.54375 0.0390625 0.0375
