5.0 0.22421875 0.09765625 0.1703125 0.1953125
4.0 0.08671875 0.57421875 0.1734375 0.3609375
4.0 0.265625 0.7515625 0.215625 0.353125
4.0 0.2234375 0.91953125 0.3 0.1609375
5.0 0.06953125 0.06640625 0.1390625 0.1328125
5.0 0.63515625 0.52265625 0.1546875 0.1890625
4.0 0.790625 0.5890625 0.16875 0.228125
3.0 0.028125 0.65703125 0.05625 0.1796875
3.0 0.02578125 0.5140625 0.0515625 0.0625
3.0 0.384375 0.59453125 0.128125 0.1265625
3.0 0.66875 0.5921875 0.078125 0.078125
4.0 0.775 0.290625 0.20625 0.303125
3.0 0.5421875 0.13046875 0.05625 0.1359375
3.0 0.70390625 0.290625 0.0734375 0.084375
3.0 0.81875 0.28125 0.0375 0.06875
3.0 0.79375 0.575 0.065625 0.121875
3.0 0.80703125 0.97265625 0.0296875 0.0546875
