6.0 0.9640625 0.22421875 0.065625 0.0765625
6.0 0.8375 0.265625 0.05625 0.04375
3.0 0.43671875 0.13984375 0.0390625 0.0296875
7.0 0.8859375 0.025 0.034375 0.040625
3.0 0.47890625 0.31953125 0.0296875 0.0203125
3.0 0.521875 0.34765625 0.08125 0.0296875
3.0 0.4390625 0.246875 0.040625 0.028125
3.0 0.2921875 0.3359375 0.03125 0.046875
3.0 0.7546875 0.34453125 0.05625 0.0453125
3.0 0.65 0.24609375 0.053125 0.0265625
7.0 0.73984375 0.221875 0.0328125 0.025
3.0 0.91953125 0.4625 0.0546875 0.025
3.0 0.7125 0.44453125 0.0375 0.0296875
3.0 0.5640625 0.49921875 0.01875 0.0203125
3.0 0.646875 0.4984375 0.04375 0.028125
3.0 0.246875 0.49765625 0.04375 0.0328125
3.0 0.97265625 0.30859375 0.0328125 0.0203125
3.0 0.8265625 0.50234375 0.05 0.0234375
3.0 0.453125 0.4421875 0.021875 0.01875
3.0 0.33203125 0.36796875 0.0140625 0.0171875
3.0 0.73046875 0.590625 0.0203125 0.015625
3.0 0.6515625 0.60390625 0.03125 0.0296875
3.0 0.63515625 0.6515625 0.0328125 0.0375
3.0 0.88671875 0.70390625 0.0234375 0.0296875
3.0 0.30625 0.49453125 0.034375 0.0234375
3.0 0.17421875 0.503125 0.0234375 0.028125
3.0 0.24453125 0.534375 0.0265625 0.040625
3.0 0.60703125 0.8640625 0.0171875 0.021875
3.0 0.3203125 0.9265625 0.040625 0.034375
3.0 0.025 0.77578125 0.015625 0.0359375
7.0 0.08515625 0.67421875 0.0453125 0.0578125
7.0 0.09296875 0.58203125 0.0609375 0.0265625
7.0 0.05859375 0.565625 0.0328125 0.021875
7.0 0.01875 0.62734375 0.0375 0.0390625
3.0 0.1109375 0.4171875 0.078125 0.025
3.0 0.21484375 0.29921875 0.0734375 0.0328125
3.0 0.43125 0.33984375 0.034375 0.0390625
7.0 0.3984375 0.3484375 0.028125 0.040625
7.0 0.8796875 0.659375 0.05 0.021875
3.0 0.578125 0.871875 0.03125 0.028125
3.0 0.39375 0.8546875 0.025 0.021875
