4.0 0.32421875 0.52265625 0.6484375 0.2453125
4.0 0.26171875 0.90234375 0.4390625 0.1953125
4.0 0.5578125 0.06640625 0.45625 0.1328125
4.0 0.05703125 0.33203125 0.1140625 0.3265625
4.0 0.33515625 0.309375 0.4171875 0.171875
3.0 0.74140625 0.2453125 0.1484375 0.1125
4.0 0.90234375 0.39140625 0.1859375 0.1171875
4.0 0.84375 0.334375 0.115625 0.10625
4.0 0.9125 0.159375 0.175 0.09375
4.0 0.66015625 0.9453125 0.2828125 0.109375
4.0 0.8625 0.8859375 0.275 0.115625
4.0 0.9453125 0.67265625 0.109375 0.1203125
4.0 0.54296875 0.71171875 0.2265625 0.1203125
3.0 0.35703125 0.690625 0.0453125 0.071875
3.0 0.0859375 0.57890625 0.13125 0.0765625
3.0 0.10859375 0.8671875 0.1203125 0.078125
3.0 0.2375 0.93203125 0.125 0.0984375
3.0 0.2578125 0.84453125 0.078125 0.0328125
3.0 0.41953125 0.90546875 0.0953125 0.0578125
3.0 0.40546875 0.9703125 0.0984375 0.059375
3.0 0.6171875 0.0171875 0.109375 0.034375
3.0 0.40234375 0.27578125 0.1921875 0.0578125
3.0 0.2203125 0.2359375 0.134375 0.128125
3.0 0.38203125 0.33203125 0.2484375 0.0859375
3.0 0.378125 0.015625 0.06875 0.03125
