4.0 0.8109375 0.17265625 0.378125 0.3328125
7.0 0.60703125 0.14140625 0.2140625 0.1703125
7.0 0.5359375 0.45859375 0.484375 0.3453125
4.0 0.58671875 0.590625 0.5234375 0.553125
3.0 0.6734375 0.76640625 0.134375 0.1328125
7.0 0.7703125 0.725 0.115625 0.09375
7.0 0.92109375 0.41015625 0.1578125 0.1515625
7.0 0.76953125 0.4625 0.1015625 0.06875
7.0 0.709375 0.3734375 0.10625 0.08125
4.0 0.94375 0.4875 0.1125 0.30625
4.0 0.134375 0.8234375 0.26875 0.353125
7.0 0.15234375 0.54765625 0.1109375 0.1078125
7.0 0.17578125 0.4328125 0.1109375 0.084375
7.0 0.0609375 0.58359375 0.121875 0.1265625
7.0 0.02265625 0.5125 0.0453125 0.05625
7.0 0.3921875 0.79375 0.121875 0.096875
7.0 0.5234375 0.85703125 0.225 0.1328125
4.0 0.31875 0.80546875 0.10625 0.0984375
7.0 0.23515625 0.19296875 0.1765625 0.0796875
