4.0 0.34609375 0.2484375 0.6015625 0.4
4.0 0.08203125 0.2125 0.1640625 0.16875
4.0 0.678125 0.38046875 0.440625 0.2640625
4.0 0.23046875 0.43046875 0.4609375 0.4296875
3.0 0.29375 0.728125 0.125 0.071875
3.0 0.2515625 0.840625 0.10625 0.078125
3.0 0.4265625 0.77734375 0.10625 0.0828125
3.0 0.49921875 0.7296875 0.1171875 0.078125
3.0 0.7515625 0.45859375 0.08125 0.0609375
3.0 0.73515625 0.3296875 0.1046875 0.08125
3.0 0.0390625 0.47578125 0.078125 0.1265625
4.0 0.1296875 0.596875 0.259375 0.234375
3.0 0.66484375 0.11640625 0.1390625 0.1046875
3.0 0.5515625 0.19765625 0.153125 0.1421875
3.0 0.384375 0.20546875 0.196875 0.1484375
3.0 0.10703125 0.23671875 0.0734375 0.0546875
3.0 0.26796875 0.2546875 0.0734375 0.05625
3.0 0.278125 0.071875 0.26875 0.14375
4.0 0.75 0.2109375 0.25625 0.1875
