4.0 0.78828125 0.93671875 0.1640625 0.1171875
4.0 0.43671875 0.92890625 0.1140625 0.1359375
4.0 0.23515625 0.40859375 0.1765625 0.1828125
4.0 0.07265625 0.24453125 0.1453125 0.1609375
4.0 0.49765625 0.03359375 0.2703125 0.0671875
4.0 0.8890625 0.2296875 0.20625 0.159375
4.0 0.89765625 0.3953125 0.2046875 0.228125
4.0 0.521875 0.4421875 0.196875 0.10625
3.0 0.46328125 0.43359375 0.0609375 0.0765625
3.0 0.8921875 0.39921875 0.1375 0.1703125
3.0 0.8640625 0.2234375 0.14375 0.09375
3.0 0.6015625 0.23125 0.1 0.18125
3.0 0.4984375 0.340625 0.075 0.084375
3.0 0.22109375 0.45234375 0.0828125 0.0640625
3.0 0.26015625 0.378125 0.0609375 0.040625
3.0 0.04765625 0.271875 0.0859375 0.06875
3.0 0.12890625 0.2890625 0.0453125 0.059375
3.0 0.05625 0.3265625 0.071875 0.01875
3.0 0.059375 0.47421875 0.06875 0.0890625
3.0 0.13046875 0.44296875 0.0671875 0.0828125
3.0 0.23046875 0.5625 0.2453125 0.165625
3.0 0.39375 0.5375 0.078125 0.075
3.0 0.9671875 0.6140625 0.0375 0.096875
3.0 0.240625 0.2375 0.1 0.05
