3.0 0.5515625 0.22421875 0.071875 0.0453125
3.0 0.7515625 0.14375 0.20625 0.153125
3.0 0.53515625 0.3921875 0.2046875 0.065625
3.0 0.46328125 0.52109375 0.2515625 0.2703125
3.0 0.94140625 0.4859375 0.0984375 0.084375
3.0 0.82578125 0.525 0.0390625 0.03125
3.0 0.7703125 0.42109375 0.05625 0.0328125
3.0 0.90390625 0.5625 0.0328125 0.053125
3.0 0.41484375 0.659375 0.0609375 0.04375
3.0 0.1921875 0.1875 0.059375 0.034375
3.0 0.309375 0.08203125 0.065625 0.0671875
3.0 0.14921875 0.3 0.1203125 0.059375
