4.0 0.03359375 0.4328125 0.0671875 0.25
4.0 0.27578125 0.55390625 0.5015625 0.4578125
4.0 0.2859375 0.2375 0.24375 0.203125
4.0 0.10234375 0.21875 0.1578125 0.159375
4.0 0.87265625 0.7921875 0.2546875 0.415625
4.0 0.6609375 0.85078125 0.31875 0.2328125
4.0 0.44765625 0.784375 0.2109375 0.11875
4.0 0.57265625 0.3453125 0.3828125 0.228125
3.0 0.55078125 0.334375 0.1328125 0.065625
3.0 0.878125 0.6171875 0.090625 0.05625
3.0 0.94375 0.8953125 0.1125 0.1375
3.0 0.97109375 0.72109375 0.0578125 0.1515625
3.0 0.9265625 0.32265625 0.09375 0.0765625
3.0 0.8890625 0.23515625 0.096875 0.0515625
3.0 0.80078125 0.21640625 0.0484375 0.0359375
4.0 0.07421875 0.0296875 0.1078125 0.059375
