7.0 0.76171875 0.25703125 0.1359375 0.1421875
7.0 0.496875 0.1546875 0.115625 0.215625
7.0 0.5 0.37265625 0.125 0.1265625
7.0 0.64609375 0.6078125 0.1421875 0.209375
7.0 0.92421875 0.596875 0.1015625 0.1625
7.0 0.80703125 0.63359375 0.1015625 0.1578125
7.0 0.81015625 0.8328125 0.0546875 0.05
7.0 0.734375 0.7953125 0.053125 0.065625
7.0 0.95078125 0.8875 0.0734375 0.053125
3.0 0.33515625 0.9765625 0.0171875 0.040625
3.0 0.35859375 0.90859375 0.0296875 0.1203125
7.0 0.6828125 0.39375 0.078125 0.053125
7.0 0.60390625 0.365625 0.0484375 0.05
