3.0 0.59296875 0.2703125 0.1703125 0.125
3.0 0.75390625 0.07421875 0.0546875 0.0359375
3.0 0.6 0.05859375 0.046875 0.0421875
3.0 0.8265625 0.51953125 0.24375 0.2390625
3.0 0.62109375 0.44453125 0.2390625 0.1203125
3.0 0.58984375 0.5515625 0.1265625 0.140625
3.0 0.68125 0.86328125 0.215625 0.1921875
3.0 0.57890625 0.74453125 0.0734375 0.0515625
3.0 0.96640625 0.834375 0.0578125 0.15
3.0 0.8421875 0.86328125 0.084375 0.0953125
3.0 0.03203125 0.65859375 0.0578125 0.0546875
3.0 0.03046875 0.93359375 0.0609375 0.1015625
3.0 0.42578125 0.3328125 0.0359375 0.028125
