7.0 0.76953125 0.47578125 0.1328125 0.1296875
7.0 0.62265625 0.45078125 0.1265625 0.0828125
7.0 0.24609375 0.4609375 0.1234375 0.065625
7.0 0.32578125 0.1296875 0.0828125 0.046875
7.0 0.26875 0.31484375 0.13125 0.0484375
7.0 0.18203125 0.13515625 0.0796875 0.0421875
3.0 0.140625 0.25078125 0.05625 0.0515625
7.0 0.0953125 0.16640625 0.08125 0.0984375
7.0 0.5640625 0.58984375 0.04375 0.0390625
7.0 0.3984375 0.5703125 0.071875 0.04375
7.0 0.4296875 0.446875 0.059375 0.034375
7.0 0.3984375 0.46171875 0.04375 0.0234375
7.0 0.58515625 0.3765625 0.0640625 0.028125
7.0 0.50625 0.35390625 0.046875 0.0296875
7.0 0.38984375 0.3953125 0.1609375 0.0625
7.0 0.2296875 0.034375 0.078125 0.06875
7.0 0.31875 0.171875 0.05 0.046875
7.0 0.3953125 0.2359375 0.19375 0.075
7.0 0.58515625 0.28671875 0.1578125 0.1171875
7.0 0.55 0.76015625 0.16875 0.1453125
7.0 0.40625 0.8125 0.0625 0.06875
7.0 0.3484375 0.68046875 0.053125 0.0734375
7.0 0.75546875 0.6671875 0.0859375 0.046875
7.0 0.41171875 0.075 0.0953125 0.125
3.0 0.371875 0.6234375 0.06875 0.046875
