7.0 0.4953125 0.3046875 0.1375 0.215625
7.0 0.0734375 0.32890625 0.146875 0.2265625
7.0 0.134375 0.62109375 0.1875 0.1140625
7.0 0.84140625 0.46640625 0.1234375 0.1078125
3.0 0.7265625 0.25390625 0.240625 0.1171875
3.0 0.6515625 0.40234375 0.140625 0.0984375
3.0 0.95234375 0.36328125 0.0953125 0.0546875
7.0 0.43515625 0.55234375 0.1484375 0.0765625
7.0 0.175 0.046875 0.240625 0.084375
7.0 0.02265625 0.534375 0.0453125 0.115625
4.0 0.0296875 0.11953125 0.059375 0.2140625
3.0 0.9578125 0.64296875 0.078125 0.0484375
