7.0 0.540625 0.60390625 0.240625 0.2328125
7.0 0.3390625 0.5484375 0.084375 0.06875
3.0 0.2578125 0.6640625 0.203125 0.125
3.0 0.45625 0.709375 0.059375 0.053125
7.0 0.0890625 0.58671875 0.178125 0.2328125
3.0 0.115625 0.52265625 0.159375 0.0984375
7.0 0.2515625 0.3890625 0.2 0.15
7.0 0.453125 0.3109375 0.2 0.14375
3.0 0.23671875 0.20625 0.1390625 0.13125
3.0 0.8046875 0.3546875 0.05 0.040625
7.0 0.765625 0.46328125 0.153125 0.1328125
3.0 0.61796875 0.4515625 0.0953125 0.0625
4.0 0.5890625 0.8671875 0.215625 0.1875
5.0 0.903125 0.5140625 0.165625 0.13125
5.0 0.66796875 0.7421875 0.2234375 0.165625
3.0 0.88359375 0.8796875 0.1796875 0.1125
3.0 0.9734375 0.415625 0.053125 0.05625
