4.0 0.328125 0.059375 0.128125 0.109375
4.0 0.5 0.13671875 0.175 0.1046875
3.0 0.3296875 0.046875 0.115625 0.06875
4.0 0.67265625 0.546875 0.5234375 0.4125
4.0 0.3203125 0.46015625 0.196875 0.1609375
4.0 0.14140625 0.80078125 0.2734375 0.3984375
4.0 0.83203125 0.1359375 0.3359375 0.271875
3.0 0.74921875 0.47109375 0.1265625 0.1109375
3.0 0.50390625 0.50625 0.1328125 0.1125
3.0 0.57578125 0.67265625 0.0609375 0.0953125
3.0 0.0546875 0.8234375 0.065625 0.184375
3.0 0.16875 0.73828125 0.071875 0.1203125
3.0 0.4765625 0.13984375 0.1 0.0890625
