4.0 0.38515625 0.48515625 0.5921875 0.2328125
4.0 0.853125 0.41875 0.284375 0.271875
3.0 0.8375 0.3265625 0.140625 0.0625
3.0 0.94609375 0.40546875 0.1078125 0.1453125
3.0 0.7625 0.36484375 0.053125 0.0296875
3.0 0.40078125 0.3890625 0.2890625 0.065625
3.0 0.62734375 0.409375 0.0546875 0.0375
3.0 0.68984375 0.2375 0.1703125 0.071875
4.0 0.753125 0.09453125 0.253125 0.1515625
4.0 0.05546875 0.05625 0.1015625 0.1125
4.0 0.20859375 0.91875 0.4109375 0.09375
4.0 0.78984375 0.95703125 0.1234375 0.0671875
3.0 0.62578125 0.978125 0.0328125 0.034375
4.0 0.7078125 0.8953125 0.125 0.065625
4.0 0.8828125 0.6859375 0.203125 0.1125
4.0 0.92265625 0.75 0.0796875 0.078125
3.0 0.8921875 0.678125 0.071875 0.03125
3.0 0.9375 0.7515625 0.025 0.03125
4.0 0.84375 0.60390625 0.184375 0.1171875
4.0 0.7140625 0.625 0.0625 0.078125
4.0 0.14375 0.6078125 0.09375 0.115625
