5.0 0.446875 0.290625 0.125 0.14375
5.0 0.32421875 0.24296875 0.1359375 0.1484375
3.0 0.34765625 0.278125 0.0453125 0.028125
5.0 0.76875 0.12578125 0.18125 0.1453125
2.0 0.71171875 0.16328125 0.0640625 0.0578125
3.0 0.15390625 0.4453125 0.1015625 0.05625
3.0 0.146875 0.4859375 0.078125 0.04375
3.0 0.05390625 0.5125 0.0671875 0.053125
3.0 0.32578125 0.47890625 0.0546875 0.0390625
3.0 0.43984375 0.50546875 0.1609375 0.0796875
3.0 0.4609375 0.58125 0.0625 0.0875
3.0 0.29140625 0.57578125 0.0546875 0.0421875
3.0 0.2890625 0.65234375 0.115625 0.0828125
3.0 0.5703125 0.690625 0.165625 0.06875
2.0 0.66953125 0.63984375 0.1015625 0.0546875
3.0 0.64296875 0.6265625 0.0515625 0.034375
3.0 0.6578125 0.7484375 0.121875 0.13125
3.0 0.51484375 0.86328125 0.0953125 0.0796875
3.0 0.82734375 0.91640625 0.0359375 0.0421875
3.0 0.53125 0.925 0.046875 0.034375
3.0 0.92734375 0.5 0.0515625 0.05
2.0 0.91171875 0.67421875 0.1765625 0.0890625
2.0 0.52734375 0.60390625 0.1203125 0.0546875
2.0 0.290625 0.7953125 0.140625 0.084375
2.0 0.44765625 0.4203125 0.1046875 0.065625
2.0 0.915625 0.25390625 0.059375 0.0546875
3.0 0.79140625 0.40703125 0.0359375 0.0421875
3.0 0.6625 0.45078125 0.05625 0.0515625
3.0 0.76953125 0.36328125 0.0484375 0.0453125
3.0 0.740625 0.49765625 0.05625 0.0359375
3.0 0.79375 0.7453125 0.090625 0.1125
3.0 0.91015625 0.853125 0.0546875 0.04375
