4.0 0.48828125 0.83125 0.1421875 0.2375
4.0 0.67109375 0.503125 0.1015625 0.23125
4.0 0.80703125 0.67734375 0.0859375 0.0828125
4.0 0.0734375 0.734375 0.14375 0.10625
4.0 0.2203125 0.784375 0.184375 0.078125
4.0 0.6984375 0.91953125 0.146875 0.1078125
4.0 0.8421875 0.946875 0.140625 0.075
4.0 0.9640625 0.8703125 0.071875 0.059375
4.0 0.91953125 0.8046875 0.1609375 0.10625
4.0 0.60546875 0.7453125 0.0921875 0.071875
4.0 0.6765625 0.15 0.1375 0.23125
4.0 0.28125 0.24453125 0.2875 0.1140625
3.0 0.4703125 0.90546875 0.046875 0.0390625
3.0 0.01640625 0.74609375 0.0328125 0.0390625
3.0 0.34453125 0.7390625 0.0578125 0.040625
3.0 0.45390625 0.76328125 0.0609375 0.0296875
3.0 0.7265625 0.746875 0.096875 0.075
3.0 0.93828125 0.74921875 0.0546875 0.0421875
3.0 0.8 0.97265625 0.05 0.0265625
3.0 0.878125 0.965625 0.078125 0.04375
3.0 0.971875 0.87421875 0.05 0.0390625
3.0 0.82734375 0.66015625 0.0515625 0.0328125
3.0 0.93359375 0.6046875 0.0734375 0.040625
3.0 0.6625 0.56484375 0.1125 0.0234375
3.0 0.740625 0.59609375 0.028125 0.0328125
3.0 0.78828125 0.22578125 0.0640625 0.0390625
3.0 0.9375 0.25625 0.065625 0.09375
3.0 0.71328125 0.0671875 0.0328125 0.05625
3.0 0.71953125 0.134375 0.0359375 0.05
3.0 0.7671875 0.12421875 0.040625 0.0453125
3.0 0.2734375 0.115625 0.096875 0.0625
3.0 0.040625 0.30859375 0.08125 0.0484375
