3.0 0.4015625 0.2109375 0.096875 0.103125
3.0 0.86484375 0.209375 0.0390625 0.028125
7.0 0.43046875 0.43359375 0.1140625 0.1734375
7.0 0.43515625 0.5671875 0.0703125 0.046875
7.0 0.51953125 0.5203125 0.0546875 0.046875
7.0 0.33515625 0.5984375 0.2546875 0.090625
7.0 0.61015625 0.62734375 0.2703125 0.0953125
7.0 0.296875 0.91875 0.090625 0.121875
7.0 0.68828125 0.853125 0.0703125 0.05
7.0 0.8265625 0.82265625 0.1 0.0734375
7.0 0.85859375 0.74140625 0.0578125 0.0421875
7.0 0.57265625 0.73125 0.0453125 0.03125
