7.0 0.18515625 0.93359375 0.1640625 0.1265625
7.0 0.34765625 0.8296875 0.1453125 0.109375
7.0 0.3765625 0.7375 0.30625 0.128125
7.0 0.2703125 0.5828125 0.278125 0.15
7.0 0.453125 0.54453125 0.159375 0.0859375
7.0 0.65625 0.40390625 0.159375 0.4515625
7.0 0.809375 0.3765625 0.1375 0.371875
7.0 0.5203125 0.053125 0.10625 0.090625
7.0 0.48828125 0.38515625 0.1828125 0.1265625
3.0 0.06875 0.3421875 0.103125 0.046875
7.0 0.7078125 0.74765625 0.1 0.0703125
3.0 0.775 0.8 0.128125 0.10625
3.0 0.77265625 0.634375 0.1203125 0.03125
3.0 0.77578125 0.06015625 0.1578125 0.1203125
3.0 0.8890625 0.36953125 0.09375 0.0390625
