7.0 0.96640625 0.1546875 0.0421875 0.03125
3.0 0.8671875 0.18203125 0.053125 0.0328125
7.0 0.8984375 0.26796875 0.046875 0.0234375
7.0 0.85859375 0.3375 0.0484375 0.046875
7.0 0.7859375 0.26953125 0.034375 0.0546875
7.0 0.71328125 0.27265625 0.0609375 0.0453125
7.0 0.7375 0.31015625 0.059375 0.0203125
7.0 0.78984375 0.38203125 0.0421875 0.0328125
7.0 0.734375 0.3796875 0.0625 0.06875
7.0 0.68125 0.31171875 0.065625 0.1046875
7.0 0.7078125 0.4359375 0.040625 0.0375
7.0 0.678125 0.52890625 0.09375 0.1328125
7.0 0.15703125 0.5359375 0.1046875 0.096875
7.0 0.11171875 0.60234375 0.0671875 0.0640625
3.0 0.5875 0.51171875 0.0625 0.0328125
3.0 0.4078125 0.58515625 0.071875 0.0390625
7.0 0.39609375 0.47890625 0.0484375 0.0328125
4.0 0.4375 0.221875 0.090625 0.0625
3.0 0.425 0.22265625 0.046875 0.0234375
4.0 0.28984375 0.29921875 0.2171875 0.1703125
4.0 0.446875 0.30625 0.071875 0.065625
4.0 0.36640625 0.33515625 0.1609375 0.0640625
4.0 0.3921875 0.6140625 0.11875 0.146875
4.0 0.39140625 0.43359375 0.0734375 0.0296875
4.0 0.0203125 0.3390625 0.040625 0.071875
7.0 0.61171875 0.1078125 0.0515625 0.025
7.0 0.6484375 0.1953125 0.084375 0.05
4.0 0.58984375 0.15625 0.0921875 0.134375
3.0 0.8953125 0.45546875 0.159375 0.0234375
3.0 0.65078125 0.43046875 0.0296875 0.0390625
4.0 0.29296875 0.153125 0.1234375 0.121875
3.0 0.0109375 0.1265625 0.021875 0.040625
7.0 0.465625 0.7078125 0.09375 0.1
7.0 0.534375 0.8734375 0.16875 0.096875
7.0 0.35234375 0.7828125 0.0328125 0.0625
7.0 0.45546875 0.96484375 0.0828125 0.0671875
7.0 0.3328125 0.8703125 0.05625 0.040625
3.0 0.04296875 0.840625 0.0859375 0.0375
7.0 0.23671875 0.715625 0.0671875 0.034375
3.0 0.24921875 0.76484375 0.0359375 0.0453125
7.0 0.18359375 0.878125 0.1640625 0.090625
3.0 0.1734375 0.9640625 0.03125 0.028125
4.0 0.62890625 0.7 0.2296875 0.06875
3.0 0.25390625 0.6140625 0.0234375 0.034375
4.0 0.90859375 0.4421875 0.1703125 0.071875
3.0 0.86328125 0.4484375 0.0703125 0.025
