3.0 0.67265625 0.0921875 0.0484375 0.10625
7.0 0.65859375 0.24765625 0.1015625 0.1890625
7.0 0.68984375 0.34609375 0.0453125 0.0703125
7.0 0.521875 0.18046875 0.08125 0.1515625
7.0 0.5765625 0.2609375 0.053125 0.0875
7.0 0.57265625 0.328125 0.0515625 0.028125
7.0 0.53125 0.40859375 0.0625 0.1015625
3.0 0.475 0.43515625 0.084375 0.2078125
7.0 0.321875 0.33359375 0.11875 0.1609375
7.0 0.2375 0.2875 0.059375 0.046875
3.0 0.19765625 0.38125 0.0484375 0.096875
3.0 0.4046875 0.06015625 0.125 0.0359375
3.0 0.3875 0.209375 0.090625 0.040625
7.0 0.078125 0.096875 0.01875 0.03125
3.0 0.578125 0.4265625 0.025 0.05625
7.0 0.60078125 0.50703125 0.0421875 0.0453125
7.0 0.6265625 0.4796875 0.071875 0.1
7.0 0.7 0.521875 0.078125 0.075
3.0 0.13515625 0.18984375 0.0296875 0.0296875
7.0 0.371875 0.49921875 0.03125 0.0359375
7.0 0.375 0.440625 0.028125 0.015625
