3.0 0.76484375 0.40859375 0.1578125 0.1796875
4.0 0.96484375 0.68046875 0.0703125 0.0703125
4.0 0.3984375 0.89375 0.14375 0.084375
4.0 0.6328125 0.73828125 0.278125 0.3453125
3.0 0.4140625 0.51953125 0.09375 0.0703125
3.0 0.15703125 0.51171875 0.1890625 0.0671875
3.0 0.0296875 0.3203125 0.059375 0.059375
3.0 0.1578125 0.28359375 0.075 0.0609375
3.0 0.57890625 0.41484375 0.0421875 0.0515625
3.0 0.21796875 0.58046875 0.0390625 0.0359375
3.0 0.40625 0.021875 0.078125 0.04375
3.0 0.64140625 0.1046875 0.1265625 0.109375
3.0 0.97890625 0.50703125 0.0421875 0.0328125
