7.0 0.15 0.39921875 0.075 0.1484375
3.0 0.084375 0.39453125 0.06875 0.0796875
7.0 0.27890625 0.44453125 0.0484375 0.0484375
7.0 0.4125 0.63046875 0.203125 0.0859375
7.0 0.27109375 0.59453125 0.0859375 0.0578125
7.0 0.1625 0.521875 0.1 0.10625
7.0 0.49453125 0.90703125 0.0765625 0.0671875
3.0 0.5625 0.88046875 0.0625 0.0890625
3.0 0.775 0.82421875 0.040625 0.1046875
7.0 0.30625 0.37578125 0.103125 0.0671875
7.0 0.52734375 0.32890625 0.3078125 0.2390625
7.0 0.3421875 0.3 0.059375 0.078125
3.0 0.5859375 0.57265625 0.125 0.0890625
7.0 0.4578125 0.71015625 0.315625 0.1796875
7.0 0.5984375 0.9671875 0.090625 0.05
7.0 0.70078125 0.98046875 0.0640625 0.0328125
7.0 0.43828125 0.5546875 0.1109375 0.04375
