5.0 0.253125 0.5453125 0.20625 0.20625
5.0 0.425 0.49765625 0.153125 0.1734375
5.0 0.1609375 0.684375 0.234375 0.128125
5.0 0.28203125 0.7359375 0.1890625 0.16875
5.0 0.3890625 0.7796875 0.171875 0.29375
5.0 0.49609375 0.70859375 0.1046875 0.1984375
4.0 0.54453125 0.3609375 0.0796875 0.26875
3.0 0.53828125 0.2484375 0.0234375 0.0375
3.0 0.54765625 0.44609375 0.0328125 0.0765625
3.0 0.3703125 0.35234375 0.03125 0.0390625
3.0 0.52421875 0.4640625 0.0296875 0.05
3.0 0.79296875 0.99296875 0.1171875 0.0140625
