7.0 0.6203125 0.03046875 0.18125 0.0515625
4.0 0.08359375 0.09296875 0.1578125 0.1765625
4.0 0.22109375 0.33046875 0.3390625 0.3515625
7.0 0.44921875 0.38671875 0.2140625 0.3640625
7.0 0.66015625 0.18671875 0.1953125 0.1859375
7.0 0.9109375 0.04140625 0.1375 0.0796875
7.0 0.88359375 0.14296875 0.2328125 0.1640625
7.0 0.73671875 0.70625 0.1796875 0.265625
4.0 0.60078125 0.6 0.2859375 0.15625
4.0 0.4078125 0.66875 0.19375 0.1375
4.0 0.25078125 0.7921875 0.3390625 0.209375
3.0 0.575 0.5828125 0.115625 0.078125
3.0 0.034375 0.1578125 0.0625 0.053125
3.0 0.73125 0.5546875 0.0875 0.05625
3.0 0.3953125 0.6359375 0.14375 0.04375
3.0 0.80546875 0.71796875 0.0359375 0.0234375
