7.0 0.63671875 0.49453125 0.1484375 0.0953125
7.0 0.5703125 0.584375 0.13125 0.075
7.0 0.9296875 0.57421875 0.1375 0.0984375
7.0 0.53046875 0.603125 0.0421875 0.034375
7.0 0.5984375 0.57734375 0.128125 0.0828125
7.0 0.4375 0.63359375 0.165625 0.1328125
7.0 0.4375 0.1546875 0.109375 0.078125
7.0 0.11171875 0.1859375 0.1609375 0.140625
3.0 0.32734375 0.04296875 0.1046875 0.0859375
7.0 0.25078125 0.2390625 0.0859375 0.0625
7.0 0.78359375 0.78515625 0.0609375 0.0453125
7.0 0.540625 0.52734375 0.05 0.0421875
