4.0 0.0515625 0.57890625 0.103125 0.2796875
4.0 0.28984375 0.48046875 0.2859375 0.2109375
3.0 0.26953125 0.54453125 0.0609375 0.0453125
4.0 0.17578125 0.33671875 0.2890625 0.2140625
3.0 0.21171875 0.27890625 0.0328125 0.0234375
4.0 0.48828125 0.671875 0.1765625 0.128125
4.0 0.44140625 0.6046875 0.1859375 0.134375
4.0 0.20390625 0.63515625 0.1953125 0.1578125
4.0 0.1203125 0.8359375 0.240625 0.184375
4.0 0.0453125 0.7375 0.090625 0.0875
3.0 0.01796875 0.78828125 0.0359375 0.0703125
3.0 0.02890625 0.74765625 0.0578125 0.0578125
3.0 0.05234375 0.73828125 0.0359375 0.0296875
3.0 0.1046875 0.8546875 0.0875 0.0625
3.0 0.15390625 0.9 0.0609375 0.04375
3.0 0.45625 0.746875 0.028125 0.021875
3.0 0.35625 0.88515625 0.103125 0.0796875
4.0 0.85625 0.41328125 0.2875 0.3515625
7.0 0.87421875 0.11484375 0.2421875 0.2046875
7.0 0.825 0.1984375 0.171875 0.125
7.0 0.80859375 0.40390625 0.0515625 0.0390625
7.0 0.8578125 0.47421875 0.059375 0.0421875
3.0 0.66328125 0.22578125 0.0671875 0.0515625
4.0 0.68203125 0.2859375 0.1546875 0.121875
4.0 0.5765625 0.3515625 0.20625 0.15625
4.0 0.49140625 0.278125 0.1578125 0.109375
