7.0 0.859375 0.82265625 0.190625 0.1734375
7.0 0.91171875 0.63203125 0.1015625 0.0953125
7.0 0.51953125 0.653125 0.2265625 0.18125
7.0 0.6828125 0.53359375 0.04375 0.0921875
7.0 0.734375 0.48359375 0.071875 0.0734375
7.0 0.828125 0.36640625 0.078125 0.1265625
7.0 0.92421875 0.33828125 0.1140625 0.2046875
7.0 0.890625 0.16640625 0.21875 0.1953125
7.0 0.615625 0.2765625 0.271875 0.296875
7.0 0.7359375 0.7 0.04375 0.046875
7.0 0.084375 0.0828125 0.165625 0.165625
7.0 0.246875 0.6453125 0.184375 0.21875
7.0 0.7140625 0.7625 0.040625 0.0625
7.0 0.83515625 0.634375 0.0515625 0.1
