4.0 0.1125 0.759375 0.196875 0.2875
3.0 0.103125 0.721875 0.0875 0.16875
3.0 0.140625 0.64375 0.10625 0.078125
3.0 0.19296875 0.5859375 0.0421875 0.03125
3.0 0.46484375 0.91953125 0.1296875 0.0609375
3.0 0.753125 0.67578125 0.303125 0.1234375
3.0 0.51953125 0.6828125 0.0890625 0.0625
4.0 0.45546875 0.6 0.0765625 0.065625
3.0 0.72421875 0.190625 0.1265625 0.3625
3.0 0.55546875 0.19609375 0.1171875 0.0671875
3.0 0.32421875 0.05703125 0.0859375 0.0828125
3.0 0.34375 0.4078125 0.178125 0.24375
2.0 0.45390625 0.41171875 0.0796875 0.1265625
3.0 0.334375 0.3421875 0.14375 0.04375
3.0 0.2359375 0.28046875 0.103125 0.0828125
3.0 0.1921875 0.371875 0.1 0.06875
3.0 0.81484375 0.82265625 0.1171875 0.1046875
