4.0 0.565625 0.4953125 0.40625 0.24375
3.0 0.621875 0.459375 0.046875 0.05
3.0 0.446875 0.4046875 0.121875 0.028125
4.0 0.4609375 0.1953125 0.21875 0.13125
4.0 0.18828125 0.1796875 0.1140625 0.321875
3.0 0.2796875 0.2953125 0.053125 0.084375
3.0 0.18359375 0.04765625 0.0578125 0.0546875
4.0 0.10859375 0.81796875 0.1828125 0.1765625
3.0 0.14296875 0.86171875 0.0484375 0.0328125
4.0 0.0609375 0.64453125 0.115625 0.1640625
3.0 0.11953125 0.61484375 0.0234375 0.0296875
4.0 0.0578125 0.94453125 0.1125 0.0796875
4.0 0.17421875 0.9625 0.1765625 0.06875
4.0 0.678125 0.709375 0.053125 0.184375
3.0 0.32734375 0.14296875 0.1453125 0.0671875
