4.0 0.64375 0.209375 0.7125 0.41875
3.0 0.86953125 0.1203125 0.0984375 0.075
3.0 0.78359375 0.07578125 0.0890625 0.0640625
3.0 0.534375 0.19765625 0.0625 0.0484375
3.0 0.69140625 0.27265625 0.2109375 0.1453125
3.0 0.58203125 0.30078125 0.0859375 0.0609375
3.0 0.88203125 0.4390625 0.0890625 0.065625
3.0 0.82734375 0.35390625 0.1015625 0.0796875
3.0 0.965625 0.265625 0.046875 0.034375
4.0 0.753125 0.53671875 0.48125 0.3421875
4.0 0.7125 0.50859375 0.334375 0.2421875
3.0 0.84296875 0.5703125 0.0453125 0.034375
3.0 0.67890625 0.6578125 0.2546875 0.178125
3.0 0.696875 0.73671875 0.0875 0.0609375
3.0 0.86796875 0.734375 0.0546875 0.04375
3.0 0.42109375 0.51875 0.1203125 0.090625
3.0 0.1640625 0.590625 0.071875 0.053125
3.0 0.01015625 0.5953125 0.0203125 0.071875
3.0 0.01953125 0.4734375 0.0390625 0.125
7.0 0.13671875 0.4234375 0.2734375 0.209375
3.0 0.678125 0.18046875 0.1375 0.0953125
3.0 0.3859375 0.41171875 0.04375 0.0328125
