7.0 0.91171875 0.73359375 0.1328125 0.0984375
7.0 0.23828125 0.5875 0.2578125 0.1
7.0 0.36015625 0.4859375 0.2015625 0.1
7.0 0.57578125 0.53984375 0.1703125 0.2046875
7.0 0.74140625 0.4140625 0.3359375 0.16875
7.0 0.85703125 0.51484375 0.1015625 0.1046875
7.0 0.9625 0.60234375 0.075 0.0859375
7.0 0.728125 0.5578125 0.10625 0.06875
3.0 0.72890625 0.58984375 0.0640625 0.0234375
7.0 0.98828125 0.25546875 0.0234375 0.1234375
7.0 0.98828125 0.378125 0.0234375 0.0625
3.0 0.62578125 0.271875 0.0296875 0.034375
7.0 0.60625 0.20703125 0.034375 0.0328125
7.0 0.44375 0.2734375 0.075 0.040625
3.0 0.35 0.70625 0.059375 0.06875
