3.0 0.0875 0.76015625 0.15 0.0859375
3.0 0.10078125 0.90390625 0.0796875 0.0703125
3.0 0.13046875 0.64375 0.1546875 0.1375
3.0 0.02890625 0.5234375 0.0453125 0.096875
3.0 0.0921875 0.5515625 0.0625 0.03125
3.0 0.2734375 0.7078125 0.05625 0.034375
3.0 0.25390625 0.634375 0.0640625 0.071875
3.0 0.32421875 0.64609375 0.0984375 0.0671875
3.0 0.44140625 0.5671875 0.0640625 0.053125
3.0 0.171875 0.4375 0.121875 0.1125
3.0 0.353125 0.42421875 0.084375 0.1015625
3.0 0.45234375 0.38203125 0.0640625 0.0703125
3.0 0.4875 0.51953125 0.178125 0.1015625
3.0 0.64921875 0.4578125 0.0578125 0.0375
3.0 0.5546875 0.4 0.078125 0.06875
3.0 0.34375 0.33828125 0.040625 0.0328125
3.0 0.90625 0.8203125 0.06875 0.08125
3.0 0.5375 0.98046875 0.04375 0.0359375
