3.0 0.09609375 0.8578125 0.0359375 0.021875
3.0 0.1375 0.834375 0.03125 0.01875
3.0 0.11953125 0.75 0.0265625 0.021875
3.0 0.18203125 0.721875 0.0578125 0.025
3.0 0.2234375 0.73125 0.04375 0.025
3.0 0.32421875 0.80234375 0.0140625 0.0203125
3.0 0.31640625 0.69609375 0.0296875 0.0171875
3.0 0.4796875 0.98046875 0.021875 0.0359375
3.0 0.45 0.840625 0.028125 0.03125
3.0 0.67421875 0.721875 0.0359375 0.025
3.0 0.59296875 0.6375 0.0296875 0.01875
3.0 0.6015625 0.596875 0.028125 0.01875
3.0 0.5671875 0.60703125 0.025 0.0171875
3.0 0.5734375 0.56484375 0.028125 0.0203125
3.0 0.396875 0.659375 0.025 0.025
3.0 0.35078125 0.55 0.0265625 0.028125
3.0 0.3765625 0.53828125 0.015625 0.0109375
7.0 0.225 0.47578125 0.034375 0.0265625
3.0 0.15078125 0.4640625 0.0359375 0.0375
3.0 0.44375 0.4609375 0.034375 0.034375
3.0 0.48125 0.4796875 0.03125 0.025
3.0 0.45625 0.37578125 0.028125 0.0265625
3.0 0.5546875 0.3515625 0.015625 0.021875
3.0 0.6 0.334375 0.028125 0.025
3.0 0.59921875 0.3828125 0.0265625 0.015625
3.0 0.625 0.33984375 0.01875 0.0234375
7.0 0.72578125 0.4578125 0.0390625 0.05625
7.0 0.8125 0.403125 0.040625 0.025
3.0 0.71328125 0.3828125 0.0421875 0.03125
3.0 0.740625 0.34453125 0.01875 0.0234375
3.0 0.7484375 0.38671875 0.0125 0.0203125
3.0 0.78515625 0.58671875 0.0171875 0.0203125
3.0 0.8109375 0.54296875 0.0125 0.0296875
3.0 0.434375 0.51015625 0.05 0.0078125
3.0 0.53671875 0.484375 0.0203125 0.025
3.0 0.575 0.428125 0.021875 0.021875
3.0 0.57109375 0.52578125 0.0203125 0.0203125
4.0 0.72890625 0.9515625 0.0328125 0.040625
3.0 0.89296875 0.87109375 0.0328125 0.0109375
3.0 0.9890625 0.7203125 0.021875 0.05
7.0 0.81015625 0.6828125 0.0453125 0.034375
3.0 0.690625 0.66953125 0.0375 0.0203125
3.0 0.93984375 0.40390625 0.0140625 0.0296875
3.0 0.9046875 0.36875 0.028125 0.01875
7.0 0.896875 0.33984375 0.05 0.0328125
7.0 0.6625 0.29375 0.046875 0.03125
7.0 0.92109375 0.32578125 0.0390625 0.0328125
7.0 0.965625 0.33515625 0.046875 0.0484375
7.0 0.87890625 0.30546875 0.0546875 0.0140625
7.0 0.8640625 0.29140625 0.0375 0.0203125
7.0 0.95234375 0.2875 0.0234375 0.034375
7.0 0.9890625 0.29453125 0.021875 0.0296875
7.0 0.984375 0.353125 0.03125 0.034375
7.0 0.83125 0.47578125 0.04375 0.0328125
3.0 0.68203125 0.35234375 0.0234375 0.0390625
3.0 0.684375 0.45859375 0.025 0.0265625
7.0 0.6765625 0.49609375 0.03125 0.0171875
