7.0 0.54921875 0.3328125 0.0796875 0.109375
7.0 0.475 0.18828125 0.10625 0.0953125
7.0 0.525 0.259375 0.071875 0.05
7.0 0.60546875 0.23515625 0.0890625 0.1171875
7.0 0.6796875 0.178125 0.1875 0.209375
3.0 0.46328125 0.06484375 0.0296875 0.0546875
4.0 0.11953125 0.12734375 0.1359375 0.1828125
4.0 0.23515625 0.32421875 0.1671875 0.1203125
4.0 0.26953125 0.240625 0.0765625 0.25625
7.0 0.30625 0.09296875 0.059375 0.0984375
4.0 0.38359375 0.46640625 0.0765625 0.1546875
3.0 0.27421875 0.4703125 0.0515625 0.06875
3.0 0.3234375 0.54296875 0.053125 0.0578125
4.0 0.08515625 0.70078125 0.1671875 0.2078125
3.0 0.10703125 0.621875 0.0359375 0.028125
4.0 0.21171875 0.56015625 0.0984375 0.1765625
4.0 0.23984375 0.6203125 0.0421875 0.0875
7.0 0.55234375 0.66015625 0.1609375 0.2453125
4.0 0.6171875 0.91953125 0.146875 0.1609375
3.0 0.4453125 0.86953125 0.071875 0.0265625
4.0 0.384375 0.63125 0.140625 0.075
3.0 0.27734375 0.91875 0.0640625 0.0375
3.0 0.365625 0.88515625 0.05 0.0296875
