3.0 0.84609375 0.20390625 0.0828125 0.0765625
3.0 0.61875 0.06640625 0.175 0.1015625
2.0 0.753125 0.74140625 0.065625 0.0546875
3.0 0.45625 0.83203125 0.059375 0.0515625
3.0 0.48046875 0.98359375 0.0359375 0.0328125
3.0 0.7171875 0.96484375 0.0625 0.0515625
4.0 0.25546875 0.359375 0.4609375 0.125
4.0 0.37421875 0.4546875 0.1890625 0.0625
4.0 0.20703125 0.59375 0.4078125 0.121875
4.0 0.49140625 0.25703125 0.1203125 0.1109375
4.0 0.53828125 0.09921875 0.3046875 0.1984375
3.0 0.65859375 0.32890625 0.0296875 0.0359375
3.0 0.68671875 0.40234375 0.0890625 0.0578125
