3.0 0.0453125 0.15703125 0.046875 0.0578125
4.0 0.39296875 0.1 0.3171875 0.078125
3.0 0.43203125 0.09765625 0.0703125 0.0265625
4.0 0.35234375 0.36171875 0.5265625 0.2546875
4.0 0.75 0.2578125 0.221875 0.13125
4.0 0.7078125 0.121875 0.190625 0.071875
4.0 0.275 0.91796875 0.54375 0.1640625
4.0 0.11796875 0.7375 0.2359375 0.1875
4.0 0.125 0.5640625 0.1 0.140625
4.0 0.71640625 0.496875 0.1984375 0.25
3.0 0.72265625 0.47734375 0.0453125 0.0953125
3.0 0.4859375 0.80625 0.05 0.059375
3.0 0.16484375 0.95546875 0.1703125 0.0515625
3.0 0.403125 0.9390625 0.184375 0.0625
3.0 0.81796875 0.9703125 0.0578125 0.0375
3.0 0.87109375 0.7359375 0.0828125 0.053125
3.0 0.96640625 0.6796875 0.0390625 0.065625
3.0 0.95859375 0.6109375 0.0359375 0.028125
4.0 0.95234375 0.03046875 0.0921875 0.0609375
4.0 0.95234375 0.9359375 0.0953125 0.078125
4.0 0.73203125 0.90546875 0.1265625 0.0953125
4.0 0.96796875 0.84609375 0.0640625 0.0578125
