4.0 0.12578125 0.60703125 0.2515625 0.2296875
3.0 0.08984375 0.61015625 0.0671875 0.0515625
3.0 0.0859375 0.534375 0.053125 0.040625
4.0 0.26171875 0.56171875 0.1671875 0.1328125
4.0 0.19375 0.66640625 0.078125 0.0609375
4.0 0.27890625 0.6421875 0.1109375 0.08125
3.0 0.2828125 0.640625 0.05 0.0375
3.0 0.25859375 0.440625 0.0953125 0.071875
3.0 0.284375 0.49765625 0.1 0.0734375
3.0 0.52421875 0.5765625 0.0734375 0.05625
3.0 0.57890625 0.534375 0.0546875 0.040625
3.0 0.79453125 0.51171875 0.0484375 0.0359375
4.0 0.27734375 0.3953125 0.1265625 0.1
4.0 0.3734375 0.4578125 0.159375 0.115625
4.0 0.471875 0.4453125 0.146875 0.10625
4.0 0.43203125 0.5234375 0.2140625 0.15
4.0 0.55859375 0.4828125 0.1734375 0.125
4.0 0.6125 0.33203125 0.190625 0.1390625
3.0 0.6328125 0.3578125 0.06875 0.053125
3.0 0.61796875 0.2875 0.0328125 0.025
4.0 0.4609375 0.35625 0.134375 0.1
3.0 0.475 0.3359375 0.059375 0.046875
3.0 0.428125 0.10703125 0.059375 0.0453125
