3.0 0.9515625 0.9 0.028125 0.071875
3.0 0.9078125 0.7859375 0.11875 0.090625
3.0 0.296875 0.77265625 0.13125 0.0453125
3.0 0.9015625 0.440625 0.05 0.128125
3.0 0.9671875 0.49453125 0.065625 0.0546875
3.0 0.2 0.5859375 0.09375 0.06875
3.0 0.2296875 0.6484375 0.0625 0.046875
3.0 0.94140625 0.2890625 0.0859375 0.053125
3.0 0.9359375 0.58046875 0.096875 0.0828125
3.0 0.7734375 0.6703125 0.071875 0.1
3.0 0.98984375 0.67578125 0.0203125 0.0609375
3.0 0.60703125 0.89921875 0.0453125 0.0421875
3.0 0.34765625 0.99375 0.0703125 0.0125
