6.0 0.2015625 0.121875 0.125 0.1375
6.0 0.31328125 0.1140625 0.0953125 0.109375
6.0 0.29140625 0.2296875 0.2484375 0.109375
6.0 0.36640625 0.43828125 0.2546875 0.1390625
6.0 0.51328125 0.01015625 0.1796875 0.0203125
3.0 0.92734375 0.2703125 0.0734375 0.0625
3.0 0.615625 0.234375 0.115625 0.0625
3.0 0.27109375 0.303125 0.0859375 0.025
7.0 0.0640625 0.2421875 0.0875 0.0625
4.0 0.0765625 0.690625 0.153125 0.365625
4.0 0.03984375 0.92421875 0.0796875 0.0703125
3.0 0.03125 0.93203125 0.0625 0.0328125
6.0 0.95390625 0.9375 0.0921875 0.125
