4.0 0.45859375 0.65625 0.3859375 0.375
4.0 0.2828125 0.32890625 0.378125 0.3109375
4.0 0.7484375 0.88828125 0.209375 0.2140625
3.0 0.23671875 0.825 0.0390625 0.078125
3.0 0.42109375 0.61953125 0.0921875 0.1046875
3.0 0.49140625 0.7609375 0.1171875 0.171875
3.0 0.22890625 0.2234375 0.0671875 0.034375
3.0 0.434375 0.34296875 0.071875 0.0546875
3.0 0.7296875 0.84921875 0.021875 0.0609375
3.0 0.02734375 0.93515625 0.0421875 0.0546875
4.0 0.2390625 0.5609375 0.109375 0.08125
4.0 0.14921875 0.58515625 0.1140625 0.0703125
4.0 0.19296875 0.51328125 0.0578125 0.0515625
4.0 0.6953125 0.6796875 0.053125 0.05625
5.0 0.05546875 0.9171875 0.1109375 0.159375
5.0 0.0203125 0.72578125 0.040625 0.0828125
5.0 0.0609375 0.6515625 0.06875 0.065625
