3.0 0.5109375 0.40859375 0.090625 0.1046875
3.0 0.6265625 0.22109375 0.09375 0.0515625
3.0 0.70234375 0.81171875 0.0359375 0.0671875
3.0 0.9046875 0.68203125 0.040625 0.0390625
3.0 0.834375 0.0703125 0.134375 0.078125
3.0 0.93515625 0.14609375 0.1203125 0.0828125
3.0 0.834375 0.07109375 0.134375 0.0765625
3.0 0.67421875 0.06875 0.0953125 0.06875
3.0 0.6359375 0.16484375 0.040625 0.0390625
3.0 0.8234375 0.26796875 0.15625 0.0359375
3.0 0.3484375 0.3140625 0.078125 0.228125
3.0 0.76796875 0.43125 0.1953125 0.06875
