3.0 0.8921875 0.38125 0.053125 0.034375
7.0 0.5921875 0.5765625 0.165625 0.146875
7.0 0.81171875 0.53046875 0.0984375 0.2234375
7.0 0.91171875 0.41640625 0.0453125 0.0390625
7.0 0.92578125 0.31484375 0.0703125 0.0765625
7.0 0.79375 0.31015625 0.01875 0.0265625
7.0 0.77109375 0.33671875 0.0171875 0.0296875
7.0 0.7640625 0.28125 0.025 0.04375
7.0 0.72109375 0.2046875 0.0953125 0.05625
3.0 0.58046875 0.3578125 0.0203125 0.096875
7.0 0.346875 0.03671875 0.184375 0.0734375
7.0 0.2015625 0.67421875 0.1375 0.0953125
3.0 0.11484375 0.72578125 0.0234375 0.0359375
3.0 0.29765625 0.49765625 0.0578125 0.0796875
7.0 0.38984375 0.48515625 0.0484375 0.0765625
7.0 0.484375 0.4125 0.053125 0.109375
