7.0 0.97890625 0.06171875 0.0421875 0.1234375
7.0 0.79765625 0.26875 0.1984375 0.16875
7.0 0.29140625 0.3125 0.3109375 0.353125
3.0 0.39296875 0.253125 0.0609375 0.059375
7.0 0.26953125 0.52265625 0.2078125 0.1703125
7.0 0.24453125 0.70546875 0.1484375 0.1109375
3.0 0.26328125 0.71796875 0.0984375 0.0515625
7.0 0.49609375 0.5 0.1265625 0.109375
7.0 0.57890625 0.646875 0.2109375 0.203125
7.0 0.78125 0.65234375 0.121875 0.1953125
3.0 0.81875 0.60703125 0.040625 0.0453125
7.0 0.65546875 0.80859375 0.2109375 0.0859375
7.0 0.46484375 0.84375 0.2359375 0.09375
7.0 0.6484375 0.89921875 0.1375 0.1203125
7.0 0.04765625 0.86484375 0.0953125 0.1359375
7.0 0.0734375 0.96875 0.146875 0.0625
7.0 0.303125 0.96484375 0.2625 0.0703125
