4.0 0.49453125 0.5796875 0.5828125 0.2
4.0 0.78515625 0.3890625 0.4078125 0.259375
4.0 0.48828125 0.33984375 0.4078125 0.1984375
4.0 0.1625 0.23671875 0.3 0.2140625
4.0 0.0609375 0.74609375 0.121875 0.2546875
4.0 0.07734375 0.48984375 0.1546875 0.1609375
4.0 0.83984375 0.9046875 0.3078125 0.165625
4.0 0.64140625 0.94296875 0.0890625 0.1078125
4.0 0.91875 0.68125 0.14375 0.165625
4.0 0.83984375 0.7109375 0.2109375 0.171875
4.0 0.534375 0.08671875 0.10625 0.1671875
3.0 0.903125 0.290625 0.140625 0.046875
3.0 0.8625 0.346875 0.121875 0.053125
3.0 0.8375 0.421875 0.278125 0.1
3.0 0.64765625 0.25625 0.0921875 0.075
3.0 0.4 0.3703125 0.209375 0.13125
3.0 0.18515625 0.3 0.1421875 0.103125
3.0 0.06015625 0.5109375 0.1203125 0.084375
3.0 0.59609375 0.559375 0.1796875 0.05625
3.0 0.03125 0.7265625 0.0625 0.1
3.0 0.12421875 0.4203125 0.0546875 0.053125
