3.0 0.68125 0.428125 0.14375 0.071875
3.0 0.7578125 0.15625 0.04375 0.01875
3.0 0.665625 0.28984375 0.046875 0.0359375
3.0 0.54375 0.1390625 0.065625 0.109375
3.0 0.60234375 0.11015625 0.0328125 0.1578125
3.0 0.51484375 0.290625 0.0984375 0.06875
3.0 0.42890625 0.47890625 0.1515625 0.0640625
3.0 0.45 0.41875 0.05625 0.0375
3.0 0.50546875 0.6046875 0.0421875 0.034375
3.0 0.1859375 0.88828125 0.05 0.1296875
3.0 0.215625 0.77578125 0.06875 0.1171875
3.0 0.0234375 0.80546875 0.0375 0.0703125
3.0 0.39296875 0.234375 0.0609375 0.04375
4.0 0.65703125 0.509375 0.0546875 0.06875
