7.0 0.475 0.31640625 0.16875 0.2171875
7.0 0.72109375 0.29296875 0.1828125 0.1515625
3.0 0.8453125 0.32578125 0.13125 0.2046875
7.0 0.83359375 0.09140625 0.1234375 0.1828125
3.0 0.85 0.63359375 0.1125 0.1453125
3.0 0.67578125 0.75 0.0515625 0.115625
3.0 0.096875 0.6484375 0.1375 0.11875
3.0 0.02734375 0.30859375 0.0515625 0.3015625
3.0 0.2203125 0.12578125 0.0875 0.0671875
3.0 0.38671875 0.3625 0.0890625 0.075
3.0 0.30390625 0.64765625 0.0421875 0.1046875
7.0 0.19765625 0.8609375 0.0515625 0.0875
7.0 0.0421875 0.84375 0.08125 0.05625
7.0 0.12890625 0.903125 0.0765625 0.071875
7.0 0.26015625 0.88984375 0.0671875 0.1328125
7.0 0.0765625 0.746875 0.1 0.06875
7.0 0.15703125 0.7609375 0.0328125 0.0625
7.0 0.61484375 0.3859375 0.0421875 0.059375
3.0 0.04765625 0.04140625 0.0859375 0.0734375
