3.0 0.728125 0.9390625 0.275 0.10625
3.0 0.0734375 0.73125 0.06875 0.11875
3.0 0.25625 0.83203125 0.071875 0.0765625
3.0 0.45234375 0.58203125 0.2609375 0.2984375
3.0 0.94921875 0.3203125 0.1015625 0.090625
3.0 0.79296875 0.5890625 0.0734375 0.078125
3.0 0.54765625 0.32890625 0.1109375 0.0953125
3.0 0.44453125 0.36875 0.0859375 0.075
3.0 0.0890625 0.3953125 0.065625 0.05625
4.0 0.58515625 0.12734375 0.3046875 0.2546875
3.0 0.18671875 0.75625 0.0671875 0.05625
3.0 0.93984375 0.51015625 0.0890625 0.0796875
3.0 0.98671875 0.62890625 0.0265625 0.0296875
3.0 0.8625 0.13828125 0.071875 0.0390625
3.0 0.77890625 0.14140625 0.0515625 0.0296875
3.0 0.38515625 0.12890625 0.0546875 0.0609375
3.0 0.625 0.71328125 0.06875 0.0453125
3.0 0.75703125 0.51015625 0.0453125 0.0453125
