4.0 0.41328125 0.1390625 0.2484375 0.271875
4.0 0.1640625 0.1921875 0.225 0.240625
4.0 0.3109375 0.496875 0.14375 0.240625
4.0 0.7890625 0.37265625 0.34375 0.2953125
3.0 0.35703125 0.08671875 0.0828125 0.1640625
3.0 0.3171875 0.49296875 0.121875 0.2171875
3.0 0.13515625 0.128125 0.1078125 0.09375
3.0 0.73359375 0.321875 0.1703125 0.121875
3.0 0.6375 0.68203125 0.121875 0.0515625
3.0 0.934375 0.70078125 0.071875 0.0828125
3.0 0.9609375 0.79453125 0.065625 0.0890625
3.0 0.6453125 0.928125 0.38125 0.1375
4.0 0.4453125 0.4125 0.190625 0.146875
3.0 0.74375 0.4515625 0.040625 0.034375
4.0 0.1734375 0.36953125 0.159375 0.0703125
