7.0 0.2953125 0.6453125 0.075 0.125
7.0 0.284375 0.7953125 0.0375 0.065625
7.0 0.3703125 0.85703125 0.13125 0.0515625
7.0 0.3 0.85390625 0.015625 0.0171875
7.0 0.2359375 0.8046875 0.046875 0.0875
7.0 0.48828125 0.853125 0.0796875 0.071875
7.0 0.55078125 0.8171875 0.0734375 0.084375
7.0 0.68125 0.3765625 0.05625 0.046875
7.0 0.70078125 0.45 0.0703125 0.090625
7.0 0.8125 0.47421875 0.01875 0.0578125
7.0 0.85390625 0.55703125 0.0359375 0.0671875
7.0 0.80234375 0.709375 0.0671875 0.184375
3.0 0.625 0.828125 0.01875 0.0375
3.0 0.63828125 0.8875 0.0515625 0.053125
3.0 0.47890625 0.965625 0.0421875 0.0625
3.0 0.85546875 0.96328125 0.0328125 0.0453125
3.0 0.12578125 0.33828125 0.0328125 0.0359375
3.0 0.7 0.95234375 0.028125 0.0390625
