7.0 0.515625 0.82578125 0.315625 0.1796875
7.0 0.3171875 0.67578125 0.115625 0.1390625
7.0 0.5375 0.58828125 0.13125 0.3078125
7.0 0.7375 0.503125 0.0875 0.078125
7.0 0.7515625 0.22109375 0.1 0.1859375
7.0 0.64609375 0.18125 0.0453125 0.06875
7.0 0.5375 0.29765625 0.1 0.0890625
7.0 0.33515625 0.50859375 0.0984375 0.0703125
7.0 0.8921875 0.91171875 0.09375 0.1203125
7.0 0.228125 0.3234375 0.11875 0.090625
7.0 0.31875 0.32890625 0.08125 0.0453125
7.0 0.31640625 0.24453125 0.0765625 0.0515625
7.0 0.859375 0.4484375 0.059375 0.096875
