3.0 0.678125 0.0765625 0.16875 0.153125
3.0 0.3796875 0.221875 0.053125 0.034375
3.0 0.55234375 0.4296875 0.0859375 0.084375
3.0 0.64765625 0.51328125 0.1453125 0.0765625
3.0 0.51640625 0.5203125 0.1296875 0.05625
3.0 0.0734375 0.49609375 0.046875 0.0984375
3.0 0.72421875 0.3390625 0.0640625 0.059375
3.0 0.71015625 0.41953125 0.0859375 0.0484375
3.0 0.4359375 0.38515625 0.053125 0.0546875
3.0 0.94765625 0.2359375 0.1046875 0.084375
3.0 0.5234375 0.67578125 0.084375 0.0453125
3.0 0.35234375 0.7796875 0.0671875 0.053125
3.0 0.903125 0.70625 0.028125 0.03125
3.0 0.21328125 0.1203125 0.0390625 0.028125
