3.0 0.11796875 0.0359375 0.1359375 0.06875
3.0 0.06796875 0.20703125 0.1296875 0.0734375
7.0 0.15859375 0.1859375 0.0484375 0.0625
7.0 0.08671875 0.16953125 0.0390625 0.0171875
7.0 0.22265625 0.134375 0.0953125 0.034375
3.0 0.28671875 0.24765625 0.0515625 0.0640625
3.0 0.15234375 0.41328125 0.1046875 0.0796875
3.0 0.0640625 0.415625 0.071875 0.05625
3.0 0.48515625 0.47265625 0.0578125 0.0453125
3.0 0.42265625 0.53203125 0.0546875 0.0828125
3.0 0.41171875 0.45859375 0.0421875 0.0359375
3.0 0.48828125 0.3859375 0.1046875 0.025
3.0 0.4953125 0.2953125 0.065625 0.040625
3.0 0.4265625 0.25859375 0.03125 0.0453125
3.0 0.584375 0.26640625 0.06875 0.0359375
3.0 0.5640625 0.071875 0.046875 0.053125
3.0 0.8390625 0.3609375 0.053125 0.034375
3.0 0.87265625 0.396875 0.0328125 0.01875
3.0 0.8578125 0.4640625 0.05625 0.053125
3.0 0.7625 0.5796875 0.09375 0.090625
3.0 0.671875 0.61328125 0.08125 0.1515625
3.0 0.54609375 0.50390625 0.0390625 0.0484375
3.0 0.4796875 0.5375 0.121875 0.11875
3.0 0.3453125 0.55859375 0.0875 0.0734375
3.0 0.90703125 0.9484375 0.1421875 0.059375
3.0 0.24375 0.9484375 0.015625 0.065625
3.0 0.35078125 0.946875 0.1265625 0.04375
3.0 0.04375 0.8 0.04375 0.034375
3.0 0.05625 0.64140625 0.03125 0.0390625
3.0 0.01171875 0.5421875 0.0234375 0.034375
3.0 0.0171875 0.5921875 0.034375 0.04375
3.0 0.36328125 0.62109375 0.0953125 0.0296875
3.0 0.959375 0.6328125 0.078125 0.0625
3.0 0.9703125 0.5671875 0.03125 0.025
3.0 0.92421875 0.3875 0.0359375 0.028125
3.0 0.84140625 0.09375 0.0890625 0.05
3.0 0.90703125 0.1984375 0.0546875 0.05
3.0 0.584375 0.35546875 0.053125 0.0859375
