4.0 0.01953125 0.265625 0.0390625 0.184375
3.0 0.134375 0.13359375 0.096875 0.0734375
3.0 0.090625 0.2125 0.103125 0.075
3.0 0.2515625 0.46484375 0.071875 0.0578125
3.0 0.36328125 0.4578125 0.0515625 0.040625
3.0 0.62421875 0.5859375 0.0390625 0.04375
4.0 0.21171875 0.096875 0.0796875 0.1375
4.0 0.23671875 0.23125 0.2046875 0.084375
4.0 0.359375 0.28671875 0.165625 0.0953125
4.0 0.21796875 0.34453125 0.3046875 0.0859375
4.0 0.40546875 0.38828125 0.2140625 0.0984375
4.0 0.6515625 0.2640625 0.225 0.11875
3.0 0.6421875 0.30546875 0.065625 0.0578125
3.0 0.71328125 0.21953125 0.0359375 0.0234375
4.0 0.4578125 0.1828125 0.146875 0.09375
3.0 0.49765625 0.17109375 0.0453125 0.0578125
3.0 0.94765625 0.7578125 0.0953125 0.05
