3.0 0.94453125 0.3640625 0.0671875 0.04375
3.0 0.6328125 0.38671875 0.034375 0.0328125
3.0 0.6359375 0.13828125 0.04375 0.0578125
3.0 0.4109375 0.1640625 0.028125 0.05
7.0 0.1828125 0.021875 0.0875 0.040625
3.0 0.1609375 0.13828125 0.146875 0.0484375
3.0 0.1890625 0.4171875 0.115625 0.04375
3.0 0.5265625 0.62734375 0.05625 0.1171875
3.0 0.42890625 0.55234375 0.1046875 0.0390625
3.0 0.8015625 0.94921875 0.025 0.0203125
7.0 0.8875 0.9265625 0.040625 0.05625
3.0 0.7484375 0.7265625 0.04375 0.05
3.0 0.73984375 0.79921875 0.0828125 0.0328125
3.0 0.74453125 0.57421875 0.0703125 0.0140625
3.0 0.7578125 0.39765625 0.05 0.0328125
