5.0 0.44609375 0.42265625 0.0984375 0.0703125
5.0 0.3234375 0.2875 0.246875 0.21875
5.0 0.425 0.253125 0.19375 0.175
5.0 0.37265625 0.46015625 0.0609375 0.0453125
5.0 0.61484375 0.62890625 0.5109375 0.4421875
5.0 0.55546875 0.41484375 0.3109375 0.2421875
3.0 0.5109375 0.61796875 0.146875 0.1171875
5.0 0.25 0.465625 0.196875 0.14375
5.0 0.3125 0.5890625 0.1625 0.134375
5.0 0.33125 0.7328125 0.159375 0.11875
3.0 0.875 0.7046875 0.19375 0.125
3.0 0.85390625 0.61015625 0.2203125 0.1734375
3.0 0.7859375 0.8875 0.29375 0.19375
3.0 0.2203125 0.6421875 0.16875 0.1375
3.0 0.0734375 0.58125 0.146875 0.16875
3.0 0.85546875 0.36484375 0.1234375 0.0984375
3.0 0.25078125 0.06796875 0.2828125 0.1359375
3.0 0.97734375 0.703125 0.0453125 0.09375
