4.0 0.2515625 0.54453125 0.503125 0.5453125
4.0 0.75859375 0.6375 0.4265625 0.640625
4.0 0.365625 0.865625 0.321875 0.26875
4.0 0.36171875 0.79375 0.2140625 0.190625
4.0 0.56484375 0.73046875 0.2078125 0.2234375
4.0 0.05859375 0.2421875 0.1171875 0.190625
4.0 0.39765625 0.1703125 0.1578125 0.25
4.0 0.53828125 0.071875 0.2234375 0.14375
3.0 0.26015625 0.6109375 0.1078125 0.1
3.0 0.1015625 0.5375 0.203125 0.2125
3.0 0.3625 0.3953125 0.153125 0.15625
3.0 0.29375 0.33671875 0.128125 0.0921875
3.0 0.26640625 0.8671875 0.0484375 0.0625
3.0 0.7796875 0.378125 0.134375 0.16875
3.0 0.88671875 0.8390625 0.0578125 0.06875
3.0 0.07109375 0.2140625 0.0453125 0.06875
4.0 0.38828125 0.60546875 0.2390625 0.2640625
