7.0 0.603125 0.57265625 0.203125 0.1734375
7.0 0.1296875 0.7171875 0.11875 0.0875
7.0 0.21875 0.8328125 0.109375 0.084375
7.0 0.31484375 0.6109375 0.1671875 0.209375
7.0 0.25234375 0.54140625 0.0703125 0.0984375
7.0 0.41953125 0.38125 0.1796875 0.225
7.0 0.60703125 0.3609375 0.0890625 0.1375
7.0 0.76796875 0.34765625 0.1734375 0.1484375
7.0 0.9234375 0.3265625 0.153125 0.11875
7.0 0.67890625 0.1625 0.1046875 0.184375
7.0 0.37109375 0.734375 0.1140625 0.240625
7.0 0.13203125 0.56953125 0.1359375 0.1109375
3.0 0.4328125 0.1140625 0.08125 0.115625
3.0 0.88125 0.81484375 0.025 0.0796875
3.0 0.91875 0.871875 0.040625 0.04375
3.0 0.7828125 0.22890625 0.059375 0.0484375
7.0 0.7828125 0.2234375 0.0875 0.078125
