4.0 0.53984375 0.48671875 0.6546875 0.5796875
3.0 0.64296875 0.5453125 0.0890625 0.090625
3.0 0.72265625 0.28515625 0.2015625 0.1578125
3.0 0.2 0.5875 0.0875 0.071875
3.0 0.08515625 0.496875 0.0734375 0.05625
3.0 0.2671875 0.05546875 0.096875 0.1046875
3.0 0.1859375 0.4734375 0.096875 0.125
4.0 0.43515625 0.75 0.1453125 0.203125
4.0 0.475 0.0984375 0.328125 0.1875
3.0 0.45390625 0.0984375 0.1234375 0.090625
4.0 0.8796875 0.39921875 0.225 0.4796875
4.0 0.70390625 0.75078125 0.1171875 0.3109375
4.0 0.08125 0.7765625 0.121875 0.290625
3.0 0.41640625 0.35546875 0.0671875 0.0859375
3.0 0.4171875 0.9703125 0.034375 0.04375
4.0 0.296875 0.3484375 0.1 0.18125
