7.0 0.84609375 0.55703125 0.1421875 0.1796875
3.0 0.9296875 0.41640625 0.04375 0.0328125
7.0 0.97890625 0.54375 0.0421875 0.053125
7.0 0.43671875 0.565625 0.1265625 0.109375
3.0 0.27734375 0.54609375 0.0546875 0.0546875
7.0 0.4875 0.35078125 0.13125 0.0828125
7.0 0.796875 0.25625 0.04375 0.053125
3.0 0.075 0.53359375 0.046875 0.0953125
7.0 0.31875 0.1890625 0.046875 0.090625
7.0 0.41640625 0.128125 0.0859375 0.11875
7.0 0.0171875 0.05859375 0.034375 0.0515625
7.0 0.63828125 0.54140625 0.0546875 0.0828125
7.0 0.89765625 0.69453125 0.0734375 0.0828125
