7.0 0.18359375 0.471875 0.2140625 0.10625
7.0 0.24765625 0.375 0.1671875 0.071875
7.0 0.38046875 0.45 0.1171875 0.11875
7.0 0.30859375 0.49296875 0.2109375 0.1078125
7.0 0.91875 0.446875 0.1625 0.2625
7.0 0.6953125 0.3703125 0.18125 0.090625
7.0 0.853125 0.2984375 0.15 0.05
7.0 0.17890625 0.76640625 0.1890625 0.0765625
7.0 0.64921875 0.66796875 0.1578125 0.1265625
7.0 0.49140625 0.7828125 0.1390625 0.065625
7.0 0.4421875 0.8890625 0.15625 0.13125
7.0 0.28359375 0.82421875 0.1109375 0.0484375
7.0 0.215625 0.68671875 0.103125 0.0734375
3.0 0.0421875 0.334375 0.08125 0.128125
3.0 0.14375 0.36171875 0.08125 0.1046875
3.0 0.40625 0.528125 0.121875 0.071875
3.0 0.79453125 0.540625 0.1640625 0.09375
3.0 0.8484375 0.70234375 0.184375 0.1359375
