4.0 0.0328125 0.575 0.059375 0.19375
4.0 0.77578125 0.41015625 0.1359375 0.0859375
3.0 0.15078125 0.209375 0.0671875 0.05
3.0 0.08828125 0.2421875 0.0359375 0.03125
3.0 0.02421875 0.16015625 0.0484375 0.0765625
2.0 0.13046875 0.08828125 0.0453125 0.0453125
3.0 0.11171875 0.071875 0.0390625 0.021875
3.0 0.10703125 0.0421875 0.0421875 0.034375
3.0 0.16171875 0.01171875 0.0265625 0.0203125
3.0 0.4109375 0.08125 0.075 0.034375
3.0 0.3765625 0.1578125 0.0375 0.05
3.0 0.28359375 0.23984375 0.1390625 0.0984375
3.0 0.88203125 0.0796875 0.0390625 0.025
3.0 0.77421875 0.284375 0.0609375 0.05625
3.0 0.71875 0.2453125 0.05 0.025
3.0 0.74140625 0.28671875 0.0234375 0.0203125
3.0 0.6796875 0.32109375 0.028125 0.0328125
3.0 0.61640625 0.28203125 0.0640625 0.0328125
3.0 0.590625 0.353125 0.08125 0.059375
3.0 0.625 0.415625 0.05 0.046875
3.0 0.46484375 0.3453125 0.0578125 0.071875
3.0 0.51875 0.28046875 0.05625 0.0203125
3.0 0.51875 0.31015625 0.0375 0.0359375
3.0 0.91953125 0.4546875 0.1484375 0.13125
3.0 0.76484375 0.5140625 0.1171875 0.125
3.0 0.67109375 0.5203125 0.0734375 0.15625
3.0 0.440625 0.45859375 0.1375 0.1234375
3.0 0.59765625 0.4703125 0.0703125 0.034375
3.0 0.56171875 0.58828125 0.1609375 0.0796875
3.0 0.428125 0.55 0.078125 0.0375
3.0 0.3828125 0.6078125 0.046875 0.03125
3.0 0.2859375 0.5484375 0.065625 0.06875
3.0 0.33359375 0.65859375 0.1171875 0.0453125
3.0 0.3671875 0.71875 0.065625 0.059375
3.0 0.28359375 0.76328125 0.0578125 0.0296875
3.0 0.240625 0.7125 0.11875 0.053125
3.0 0.17890625 0.6796875 0.1234375 0.078125
3.0 0.18125 0.60859375 0.05 0.0359375
3.0 0.15 0.56171875 0.059375 0.0453125
3.0 0.14609375 0.790625 0.0484375 0.040625
3.0 0.203125 0.79140625 0.025 0.0359375
3.0 0.50390625 0.8609375 0.0703125 0.03125
3.0 0.240625 0.90078125 0.08125 0.0390625
3.0 0.07578125 0.83046875 0.0484375 0.0484375
3.0 0.1453125 0.93359375 0.290625 0.1265625
3.0 0.540625 0.77109375 0.0375 0.0296875
3.0 0.503125 0.68203125 0.140625 0.0578125
3.0 0.93828125 0.64609375 0.1140625 0.0828125
3.0 0.7453125 0.79140625 0.05 0.0234375
