7.0 0.26484375 0.76484375 0.0796875 0.0421875
7.0 0.68359375 0.91484375 0.0484375 0.0265625
7.0 0.771875 0.89453125 0.16875 0.0578125
7.0 0.5453125 0.74296875 0.078125 0.0828125
7.0 0.41875 0.66171875 0.10625 0.0984375
7.0 0.70546875 0.60546875 0.0734375 0.1171875
7.0 0.83984375 0.646875 0.0640625 0.0875
7.0 0.54296875 0.5953125 0.0671875 0.040625
7.0 0.1390625 0.47421875 0.078125 0.0796875
7.0 0.42421875 0.54375 0.0359375 0.05
7.0 0.33046875 0.41015625 0.0953125 0.0453125
7.0 0.3140625 0.17265625 0.065625 0.0734375
3.0 0.2359375 0.23828125 0.025 0.0203125
7.0 0.96640625 0.7609375 0.0671875 0.078125
