7.0 0.71171875 0.13203125 0.1671875 0.1421875
7.0 0.08515625 0.39921875 0.1671875 0.0984375
7.0 0.3390625 0.4640625 0.125 0.134375
3.0 0.0390625 0.56328125 0.075 0.0234375
3.0 0.175 0.6328125 0.109375 0.040625
3.0 0.34296875 0.75390625 0.0609375 0.0921875
7.0 0.734375 0.359375 0.05 0.04375
7.0 0.9765625 0.60078125 0.04375 0.0296875
3.0 0.7078125 0.47734375 0.053125 0.0265625
3.0 0.5640625 0.41328125 0.059375 0.0234375
3.0 0.8515625 0.66171875 0.05 0.0796875
3.0 0.9015625 0.765625 0.03125 0.040625
3.0 0.97890625 0.8984375 0.0328125 0.021875
3.0 0.41796875 0.596875 0.0484375 0.0375
3.0 0.5671875 0.55859375 0.0625 0.0421875
