7.0 0.478125 0.05546875 0.146875 0.1046875
7.0 0.48203125 0.1734375 0.1671875 0.15625
7.0 0.09609375 0.07265625 0.1921875 0.1453125
7.0 0.32890625 0.33125 0.1296875 0.175
7.0 0.575 0.4125 0.05625 0.121875
7.0 0.8453125 0.04765625 0.128125 0.0953125
7.0 0.86328125 0.6453125 0.1640625 0.203125
7.0 0.765625 0.5515625 0.084375 0.1
7.0 0.959375 0.5234375 0.08125 0.134375
7.0 0.984375 0.3765625 0.03125 0.2
7.0 0.10859375 0.715625 0.2171875 0.146875
3.0 0.37734375 0.46953125 0.0203125 0.0328125
3.0 0.6734375 0.11015625 0.028125 0.0796875
7.0 0.49609375 0.46171875 0.1296875 0.0859375
5.0 0.74453125 0.11484375 0.1015625 0.1484375
5.0 0.8375 0.25546875 0.0875 0.0953125
5.0 0.60234375 0.05390625 0.1484375 0.1078125
5.0 0.5828125 0.359375 0.128125 0.165625
5.0 0.72265625 0.24765625 0.0265625 0.0921875
