3.0 0.1359375 0.125 0.24375 0.1625
3.0 0.6046875 0.3375 0.525 0.15625
3.0 0.80546875 0.4703125 0.1515625 0.109375
3.0 0.71953125 0.56328125 0.1265625 0.1546875
3.0 0.75625 0.77734375 0.34375 0.3296875
3.0 0.7953125 0.990625 0.128125 0.01875
3.0 0.6734375 0.98515625 0.10625 0.0296875
3.0 0.359375 0.93671875 0.2 0.1265625
3.0 0.83203125 0.0640625 0.0828125 0.090625
3.0 0.21171875 0.77890625 0.1921875 0.0578125
3.0 0.359375 0.73046875 0.259375 0.0609375
3.0 0.8359375 0.9578125 0.128125 0.075
3.0 0.94921875 0.95 0.1015625 0.1
