3.0 0.8171875 0.31015625 0.215625 0.1515625
3.0 0.9328125 0.1578125 0.084375 0.06875
3.0 0.8109375 0.18828125 0.0625 0.0453125
3.0 0.99296875 0.29765625 0.0140625 0.0453125
3.0 0.85703125 0.65 0.1109375 0.08125
3.0 0.896875 0.71640625 0.078125 0.0578125
3.0 0.77734375 0.71328125 0.0953125 0.0828125
3.0 0.534375 0.5765625 0.1 0.08125
3.0 0.1203125 0.6875 0.2 0.140625
3.0 0.10390625 0.29921875 0.1390625 0.1015625
3.0 0.43046875 0.5109375 0.0609375 0.046875
3.0 0.3296875 0.5296875 0.075 0.05
3.0 0.6109375 0.82578125 0.165625 0.1140625
