4.0 0.6796875 0.81484375 0.240625 0.1546875
4.0 0.9171875 0.31484375 0.165625 0.4859375
4.0 0.56484375 0.19921875 0.5203125 0.3984375
5.0 0.3296875 0.7609375 0.325 0.278125
4.0 0.3625 0.3296875 0.053125 0.084375
5.0 0.6265625 0.46328125 0.0625 0.0390625
3.0 0.36640625 0.728125 0.0640625 0.08125
3.0 0.4453125 0.6671875 0.05 0.053125
3.0 0.64375 0.153125 0.08125 0.08125
3.0 0.659375 0.3203125 0.021875 0.028125
3.0 0.609375 0.2671875 0.078125 0.040625
3.0 0.51484375 0.09765625 0.1359375 0.1203125
3.0 0.40625 0.07734375 0.075 0.0703125
3.0 0.90234375 0.4515625 0.0515625 0.053125
3.0 0.91015625 0.5234375 0.0421875 0.01875
3.0 0.95546875 0.14296875 0.0859375 0.1390625
3.0 0.421875 0.58203125 0.071875 0.0703125
3.0 0.5046875 0.5984375 0.034375 0.028125
3.0 0.71796875 0.81015625 0.1078125 0.0359375
3.0 0.6015625 0.80546875 0.025 0.0296875
