7.0 0.60234375 0.66171875 0.1640625 0.1421875
7.0 0.409375 0.64765625 0.23125 0.1609375
7.0 0.88046875 0.721875 0.1484375 0.10625
7.0 0.94453125 0.5703125 0.1078125 0.05
3.0 0.953125 0.51171875 0.09375 0.0421875
3.0 0.74296875 0.7140625 0.1171875 0.084375
3.0 0.575 0.85078125 0.05 0.0578125
3.0 0.16484375 0.92890625 0.1328125 0.0609375
3.0 0.01953125 0.9390625 0.0359375 0.046875
3.0 0.06796875 0.93828125 0.0453125 0.0359375
3.0 0.2421875 0.6890625 0.06875 0.046875
3.0 0.03515625 0.7171875 0.0546875 0.159375
3.0 0.2203125 0.5421875 0.125 0.059375
3.0 0.06953125 0.5 0.1359375 0.04375
3.0 0.42734375 0.34921875 0.1296875 0.1265625
7.0 0.22734375 0.153125 0.1515625 0.0875
5.0 0.11640625 0.1546875 0.1328125 0.096875
3.0 0.8 0.1140625 0.121875 0.1
3.0 0.9359375 0.19296875 0.121875 0.1421875
3.0 0.64296875 0.06640625 0.1171875 0.0765625
7.0 0.03359375 0.01640625 0.0671875 0.0328125
7.0 0.059375 0.08671875 0.096875 0.0640625
7.0 0.121875 0.29453125 0.075 0.0921875
3.0 0.02734375 0.32578125 0.0515625 0.1015625
3.0 0.35703125 0.8296875 0.0515625 0.05625
7.0 0.734375 0.909375 0.125 0.0875
