3.0 0.60703125 0.35546875 0.0984375 0.1984375
3.0 0.3890625 0.6046875 0.04375 0.084375
3.0 0.44453125 0.54296875 0.0796875 0.1640625
3.0 0.54609375 0.6375 0.0640625 0.059375
3.0 0.39296875 0.7265625 0.0828125 0.065625
2.0 0.4234375 0.71796875 0.03125 0.0609375
2.0 0.40234375 0.7703125 0.0671875 0.0375
2.0 0.56875 0.575 0.09375 0.090625
3.0 0.65 0.79765625 0.0375 0.1078125
3.0 0.25625 0.92421875 0.040625 0.1484375
3.0 0.1578125 0.91171875 0.0375 0.1703125
3.0 0.925 0.20234375 0.04375 0.1265625
3.0 0.70859375 0.17890625 0.0546875 0.0734375
3.0 0.14765625 0.609375 0.0421875 0.065625
3.0 0.1265625 0.484375 0.059375 0.103125
3.0 0.5421875 0.74453125 0.0375 0.0515625
2.0 0.4046875 0.41953125 0.034375 0.0859375
