3.0 0.17421875 0.5484375 0.1390625 0.059375
3.0 0.31015625 0.47421875 0.0765625 0.0515625
3.0 0.3234375 0.28046875 0.03125 0.0328125
3.0 0.5578125 0.45859375 0.04375 0.0296875
3.0 0.675 0.49375 0.06875 0.0375
3.0 0.83671875 0.44765625 0.0515625 0.0328125
3.0 0.6078125 0.60625 0.05 0.0375
4.0 0.3640625 0.4734375 0.24375 0.178125
4.0 0.51640625 0.3890625 0.0921875 0.075
4.0 0.41171875 0.2671875 0.1984375 0.103125
4.0 0.396875 0.1640625 0.159375 0.090625
4.0 0.66796875 0.38828125 0.0453125 0.0296875
7.0 0.02265625 0.74453125 0.0453125 0.0546875
3.0 0.01796875 0.24140625 0.0359375 0.0359375
3.0 0.7578125 0.72890625 0.065625 0.0515625
3.0 0.94140625 0.5625 0.0734375 0.028125
3.0 0.70546875 0.30390625 0.0578125 0.0359375
3.0 0.76171875 0.2890625 0.0359375 0.03125
3.0 0.484375 0.17890625 0.0875 0.0234375
