7.0 0.04765625 0.08671875 0.0953125 0.1515625
7.0 0.109375 0.09453125 0.13125 0.1046875
7.0 0.3296875 0.11875 0.18125 0.103125
7.0 0.34296875 0.18984375 0.1421875 0.1109375
3.0 0.08203125 0.159375 0.0515625 0.04375
3.0 0.03203125 0.45625 0.0640625 0.128125
3.0 0.034375 0.56796875 0.06875 0.0328125
3.0 0.06328125 0.49765625 0.0859375 0.0734375
3.0 0.04140625 0.76328125 0.0703125 0.0515625
3.0 0.55859375 0.5328125 0.0734375 0.0625
3.0 0.55546875 0.45234375 0.0609375 0.0421875
3.0 0.69765625 0.340625 0.0671875 0.046875
3.0 0.69609375 0.5078125 0.0828125 0.0625
3.0 0.62734375 0.5484375 0.0453125 0.034375
3.0 0.78984375 0.859375 0.0796875 0.05625
3.0 0.78203125 0.90390625 0.0578125 0.0359375
7.0 0.8046875 0.73828125 0.184375 0.1609375
