3.0 0.88046875 0.9625 0.1359375 0.06875
3.0 0.93046875 0.79140625 0.1296875 0.0734375
7.0 0.83984375 0.8125 0.0484375 0.0625
7.0 0.9109375 0.82890625 0.0375 0.0171875
7.0 0.77578125 0.8640625 0.0953125 0.034375
3.0 0.71171875 0.75078125 0.0515625 0.0640625
3.0 0.84609375 0.58515625 0.1046875 0.0796875
3.0 0.934375 0.5828125 0.071875 0.05625
3.0 0.51328125 0.52578125 0.0578125 0.0453125
3.0 0.57578125 0.46640625 0.0546875 0.0828125
3.0 0.58671875 0.53984375 0.0421875 0.0359375
3.0 0.51015625 0.6125 0.1046875 0.025
3.0 0.503125 0.703125 0.065625 0.040625
3.0 0.571875 0.73984375 0.03125 0.0453125
3.0 0.4140625 0.73203125 0.06875 0.0359375
3.0 0.434375 0.9265625 0.046875 0.053125
3.0 0.159375 0.6375 0.053125 0.034375
3.0 0.12578125 0.6015625 0.0328125 0.01875
3.0 0.140625 0.534375 0.05625 0.053125
3.0 0.2359375 0.41875 0.09375 0.090625
3.0 0.3265625 0.38515625 0.08125 0.1515625
3.0 0.4515625 0.49453125 0.0375 0.0484375
3.0 0.51875 0.4609375 0.121875 0.11875
3.0 0.653125 0.43984375 0.0875 0.0734375
3.0 0.09140625 0.05 0.1421875 0.059375
3.0 0.7546875 0.05 0.015625 0.065625
3.0 0.64765625 0.0515625 0.1265625 0.04375
3.0 0.9546875 0.19765625 0.04375 0.0359375
3.0 0.9421875 0.35703125 0.03125 0.0390625
3.0 0.9875 0.45625 0.025 0.034375
3.0 0.98203125 0.40625 0.0359375 0.04375
3.0 0.63515625 0.37734375 0.0953125 0.0296875
3.0 0.0390625 0.365625 0.078125 0.0625
3.0 0.028125 0.43125 0.03125 0.025
3.0 0.07421875 0.6109375 0.0359375 0.028125
3.0 0.15703125 0.9046875 0.0890625 0.05
3.0 0.09140625 0.8 0.0546875 0.05
3.0 0.4140625 0.64296875 0.053125 0.0859375
