7.0 0.20703125 0.16875 0.2546875 0.146875
7.0 0.384375 0.3328125 0.159375 0.253125
3.0 0.540625 0.3296875 0.065625 0.053125
7.0 0.475 0.5578125 0.115625 0.246875
7.0 0.5828125 0.403125 0.275 0.0625
7.0 0.6109375 0.32890625 0.05625 0.0265625
7.0 0.7265625 0.47890625 0.203125 0.0765625
7.0 0.90078125 0.56015625 0.0703125 0.0546875
7.0 0.98046875 0.53359375 0.0390625 0.0515625
7.0 0.93828125 0.34453125 0.1234375 0.0984375
7.0 0.8875 0.15390625 0.096875 0.1171875
7.0 0.7734375 0.02890625 0.115625 0.0578125
7.0 0.47734375 0.20078125 0.1140625 0.0609375
3.0 0.11640625 0.94375 0.0453125 0.053125
7.0 0.57578125 0.0375 0.1734375 0.075
