3.0 0.68984375 0.565625 0.0421875 0.028125
3.0 0.6578125 0.73828125 0.075 0.0296875
3.0 0.7453125 0.746875 0.034375 0.03125
3.0 0.2515625 0.8046875 0.259375 0.078125
3.0 0.3375 0.71953125 0.1 0.0515625
3.0 0.32421875 0.6390625 0.1296875 0.08125
3.0 0.16171875 0.53671875 0.0671875 0.0453125
3.0 0.23828125 0.4828125 0.0609375 0.028125
3.0 0.0828125 0.46484375 0.0875 0.0421875
3.0 0.73828125 0.13671875 0.0671875 0.0640625
3.0 0.84765625 0.48359375 0.0640625 0.0390625
3.0 0.7765625 0.540625 0.046875 0.040625
3.0 0.67890625 0.6421875 0.0765625 0.04375
