3.0 0.959375 0.14765625 0.078125 0.1890625
3.0 0.96953125 0.3578125 0.0578125 0.1375
3.0 0.803125 0.12265625 0.071875 0.2453125
3.0 0.5828125 0.734375 0.153125 0.23125
3.0 0.5328125 0.35234375 0.05 0.0859375
3.0 0.64453125 0.459375 0.0984375 0.084375
3.0 0.44765625 0.7203125 0.1109375 0.0625
3.0 0.3421875 0.64921875 0.06875 0.0890625
3.0 0.26796875 0.49140625 0.0828125 0.0796875
3.0 0.11796875 0.26953125 0.0953125 0.1359375
3.0 0.23359375 0.12109375 0.1515625 0.0453125
3.0 0.17421875 0.46328125 0.0734375 0.0515625
