3.0 0.41171875 0.6921875 0.1453125 0.10625
3.0 0.090625 0.3890625 0.18125 0.109375
3.0 0.39375 0.21171875 0.171875 0.0640625
3.0 0.52890625 0.1625 0.1984375 0.05
3.0 0.6296875 0.46328125 0.54375 0.2921875
3.0 0.9015625 0.28515625 0.196875 0.3109375
3.0 0.68671875 0.8078125 0.1328125 0.090625
3.0 0.12265625 0.89296875 0.1890625 0.1859375
3.0 0.17265625 0.30078125 0.0984375 0.0453125
3.0 0.934375 0.08828125 0.13125 0.0828125
3.0 0.88359375 0.95546875 0.1140625 0.0890625
4.0 0.9296875 0.91640625 0.140625 0.1671875
3.0 0.38828125 0.8640625 0.1484375 0.08125
