3.0 0.38125 0.34296875 0.08125 0.0484375
3.0 0.28203125 0.37421875 0.0578125 0.0421875
3.0 0.2640625 0.43984375 0.09375 0.0828125
3.0 0.63828125 0.2796875 0.0703125 0.053125
3.0 0.69453125 0.3625 0.1078125 0.134375
3.0 0.4859375 0.3546875 0.084375 0.15
3.0 0.23046875 0.6015625 0.0890625 0.15
3.0 0.703125 0.66328125 0.065625 0.1171875
3.0 0.4796875 0.20234375 0.05 0.0484375
3.0 0.0234375 0.0953125 0.046875 0.028125
3.0 0.5 0.8953125 0.084375 0.1
3.0 0.8625 0.62578125 0.078125 0.0734375
3.0 0.7578125 0.50234375 0.084375 0.0234375
3.0 0.9078125 0.6734375 0.03125 0.084375
3.0 0.6625 0.5890625 0.109375 0.040625
3.0 0.49140625 0.553125 0.1484375 0.165625
3.0 0.0734375 0.76796875 0.1375 0.0796875
3.0 0.8125 0.81796875 0.046875 0.0546875
