4.0 0.68671875 0.74296875 0.4453125 0.4921875
4.0 0.7203125 0.240625 0.2125 0.371875
4.0 0.58984375 0.58671875 0.1484375 0.3234375
4.0 0.45703125 0.60078125 0.1578125 0.3703125
4.0 0.2171875 0.74921875 0.15625 0.3296875
4.0 0.05390625 0.66640625 0.1078125 0.3265625
4.0 0.11640625 0.92109375 0.2328125 0.1578125
4.0 0.77578125 0.953125 0.1515625 0.09375
3.0 0.5 0.20078125 0.109375 0.1046875
4.0 0.2640625 0.315625 0.25 0.15625
3.0 0.2515625 0.45234375 0.121875 0.0984375
3.0 0.32890625 0.596875 0.0484375 0.16875
3.0 0.30859375 0.31953125 0.1015625 0.0828125
3.0 0.171875 0.753125 0.059375 0.1625
3.0 0.03359375 0.65625 0.0609375 0.146875
3.0 0.590625 0.90078125 0.203125 0.1546875
3.0 0.80703125 0.76875 0.2015625 0.259375
3.0 0.8203125 0.96015625 0.05 0.0546875
