3.0 0.371875 0.2703125 0.125 0.034375
3.0 0.48828125 0.25078125 0.1046875 0.0609375
3.0 0.53359375 0.42890625 0.2421875 0.1109375
3.0 0.496875 0.484375 0.096875 0.065625
3.0 0.69140625 0.50703125 0.1796875 0.0640625
3.0 0.16796875 0.50625 0.1078125 0.15625
3.0 0.1015625 0.5265625 0.059375 0.109375
3.0 0.8921875 0.52734375 0.090625 0.0671875
3.0 0.4046875 0.67890625 0.1 0.0296875
3.0 0.19453125 0.22734375 0.0953125 0.0484375
3.0 0.8296875 0.6671875 0.059375 0.046875
3.0 0.50234375 0.72265625 0.0640625 0.0328125
3.0 0.70625 0.95859375 0.1 0.0515625
