3.0 0.8953125 0.575 0.071875 0.025
7.0 0.5 0.34765625 0.140625 0.1171875
3.0 0.39375 0.36484375 0.034375 0.0828125
7.0 0.55234375 0.51796875 0.0953125 0.0828125
7.0 0.453125 0.66640625 0.171875 0.1578125
7.0 0.62734375 0.771875 0.0546875 0.171875
7.0 0.63203125 0.55 0.0703125 0.175
7.0 0.72734375 0.41015625 0.1328125 0.0859375
3.0 0.63203125 0.22109375 0.0671875 0.1203125
7.0 0.70390625 0.71171875 0.0359375 0.1421875
7.0 0.80078125 0.625 0.0703125 0.04375
7.0 0.52109375 0.20390625 0.0671875 0.0640625
7.0 0.97109375 0.82265625 0.0296875 0.0703125
