3.0 0.109375 0.95390625 0.1375 0.0796875
3.0 0.7109375 0.76875 0.06875 0.065625
3.0 0.79375 0.6859375 0.096875 0.053125
3.0 0.41171875 0.79375 0.0765625 0.10625
3.0 0.79765625 0.540625 0.0390625 0.03125
3.0 0.18359375 0.49921875 0.0921875 0.0453125
3.0 0.03515625 0.47734375 0.0453125 0.0921875
3.0 0.2125 0.43984375 0.103125 0.0390625
3.0 0.72734375 0.49765625 0.0453125 0.0328125
3.0 0.68515625 0.6265625 0.0421875 0.03125
3.0 0.47109375 0.67421875 0.0890625 0.0515625
3.0 0.921875 0.384375 0.0625 0.05625
3.0 0.890625 0.4734375 0.134375 0.04375
3.0 0.82734375 0.42734375 0.0796875 0.0734375
3.0 0.69296875 0.36484375 0.0609375 0.1078125
3.0 0.80234375 0.33359375 0.1015625 0.0640625
3.0 0.71484375 0.4515625 0.0421875 0.034375
3.0 0.81328125 0.2703125 0.1078125 0.034375
3.0 0.9734375 0.28125 0.053125 0.04375
3.0 0.63828125 0.225 0.0484375 0.025
3.0 0.53984375 0.2421875 0.0828125 0.03125
3.0 0.38125 0.1640625 0.059375 0.065625
3.0 0.47421875 0.165625 0.0734375 0.034375
3.0 0.5265625 0.1890625 0.034375 0.025
3.0 0.26953125 0.19375 0.0703125 0.08125
3.0 0.09140625 0.34375 0.0640625 0.05
3.0 0.26171875 0.1328125 0.1890625 0.06875
3.0 0.43125 0.05546875 0.078125 0.0390625
3.0 0.75078125 0.10390625 0.0296875 0.0328125
3.0 0.809375 0.22421875 0.040625 0.0296875
