7.0 0.3984375 0.15390625 0.121875 0.0859375
7.0 0.2515625 0.13359375 0.078125 0.0984375
7.0 0.165625 0.2234375 0.140625 0.071875
7.0 0.9359375 0.09765625 0.125 0.1390625
7.0 0.79296875 0.3734375 0.1359375 0.18125
3.0 0.56953125 0.23671875 0.1953125 0.0828125
3.0 0.61640625 0.31015625 0.0515625 0.0421875
3.0 0.30078125 0.36171875 0.0890625 0.0546875
3.0 0.32265625 0.5078125 0.4484375 0.184375
3.0 0.2359375 0.63828125 0.090625 0.0578125
3.0 0.3375 0.7359375 0.33125 0.125
3.0 0.615625 0.578125 0.06875 0.109375
3.0 0.2671875 0.834375 0.075 0.059375
7.0 0.53046875 0.9046875 0.2703125 0.103125
3.0 0.9640625 0.80703125 0.065625 0.0734375
3.0 0.81171875 0.90390625 0.0359375 0.0453125
7.0 0.8046875 0.85703125 0.1625 0.0734375
3.0 0.846875 0.94921875 0.04375 0.0234375
3.0 0.01796875 0.8546875 0.0328125 0.03125
3.0 0.06640625 0.78671875 0.0546875 0.0609375
3.0 0.07890625 0.609375 0.0453125 0.034375
3.0 0.084375 0.034375 0.159375 0.0625
3.0 0.2546875 0.2921875 0.0875 0.05
3.0 0.465625 0.371875 0.09375 0.071875
3.0 0.8234375 0.65859375 0.06875 0.0296875
3.0 0.70234375 0.628125 0.0609375 0.03125
3.0 0.803125 0.60703125 0.103125 0.0546875
7.0 0.58359375 0.7203125 0.1140625 0.09375
