3.0 0.15234375 0.79453125 0.0828125 0.0765625
3.0 0.3796875 0.93203125 0.175 0.1015625
2.0 0.2453125 0.25703125 0.065625 0.0546875
3.0 0.5421875 0.16640625 0.059375 0.0515625
3.0 0.51796875 0.015625 0.0359375 0.03125
3.0 0.28125 0.0328125 0.0625 0.053125
4.0 0.74296875 0.6390625 0.4609375 0.125
4.0 0.62421875 0.54296875 0.1890625 0.0640625
4.0 0.79140625 0.4046875 0.4078125 0.121875
4.0 0.50703125 0.74140625 0.1203125 0.1109375
4.0 0.46015625 0.89921875 0.3046875 0.1984375
3.0 0.33984375 0.66953125 0.0296875 0.0359375
3.0 0.31171875 0.59609375 0.0890625 0.0578125
