7.0 0.603125 0.49765625 0.23125 0.2390625
7.0 0.6734375 0.20625 0.1375 0.165625
7.0 0.53203125 0.2 0.0390625 0.03125
7.0 0.47890625 0.11796875 0.0859375 0.0546875
7.0 0.8828125 0.06015625 0.040625 0.0296875
3.0 0.6640625 0.0203125 0.05 0.0375
7.0 0.03203125 0.1765625 0.0640625 0.08125
7.0 0.734375 0.03515625 0.05625 0.0421875
3.0 0.79296875 0.61328125 0.0515625 0.0296875
3.0 0.75859375 0.77109375 0.1421875 0.0734375
3.0 0.81015625 0.8796875 0.0828125 0.015625
3.0 0.02109375 0.90546875 0.0421875 0.0453125
3.0 0.45703125 0.228125 0.0703125 0.034375
3.0 0.8390625 0.259375 0.05 0.046875
3.0 0.2875 0.8140625 0.05 0.05
3.0 0.259375 0.91015625 0.03125 0.0453125
3.0 0.26171875 0.9640625 0.0359375 0.034375
