7.0 0.89375 0.2953125 0.2125 0.190625
7.0 0.9140625 0.5859375 0.1625 0.10625
7.0 0.590625 0.4046875 0.234375 0.146875
7.0 0.7265625 0.7015625 0.371875 0.2625
7.0 0.67421875 0.13828125 0.1515625 0.1203125
7.0 0.3078125 0.253125 0.334375 0.234375
7.0 0.19921875 0.32734375 0.2640625 0.1984375
3.0 0.24296875 0.41640625 0.0859375 0.0671875
3.0 0.371875 0.28828125 0.059375 0.0421875
7.0 0.24765625 0.5234375 0.1859375 0.13125
7.0 0.06640625 0.43359375 0.1328125 0.1109375
7.0 0.0734375 0.5578125 0.121875 0.0875
3.0 0.440625 0.89609375 0.096875 0.0828125
7.0 0.17421875 0.67734375 0.1578125 0.1109375
7.0 0.2375 0.61015625 0.075 0.0734375
3.0 0.44609375 0.61796875 0.0828125 0.0765625
7.0 0.35859375 0.5828125 0.1484375 0.09375
3.0 0.60234375 0.81328125 0.0984375 0.0609375
3.0 0.73125 0.7984375 0.084375 0.059375
