5.0 0.83671875 0.921875 0.0921875 0.13125
5.0 0.7625 0.2609375 0.09375 0.084375
5.0 0.5453125 0.7734375 0.296875 0.06875
5.0 0.25390625 0.9125 0.1390625 0.165625
5.0 0.2234375 0.77109375 0.090625 0.1046875
5.0 0.396875 0.70234375 0.0625 0.0765625
5.0 0.5125 0.61875 0.234375 0.159375
5.0 0.41875 0.46953125 0.19375 0.1234375
3.0 0.76640625 0.38671875 0.0984375 0.0859375
3.0 0.70859375 0.4953125 0.0796875 0.0625
3.0 0.96171875 0.7953125 0.0734375 0.109375
3.0 0.8609375 0.078125 0.078125 0.071875
3.0 0.61640625 0.278125 0.0578125 0.103125
3.0 0.36328125 0.03359375 0.1234375 0.0546875
3.0 0.075 0.0359375 0.05625 0.071875
5.0 0.1765625 0.4734375 0.2125 0.10625
5.0 0.3734375 0.57890625 0.078125 0.0609375
5.0 0.25078125 0.646875 0.0515625 0.10625
3.0 0.63671875 0.4015625 0.0328125 0.034375
3.0 0.08984375 0.359375 0.0390625 0.05625
3.0 0.92890625 0.1859375 0.0828125 0.053125
3.0 0.49140625 0.284375 0.0796875 0.04375
