3.0 0.371875 0.728125 0.125 0.034375
3.0 0.48828125 0.74765625 0.1046875 0.0609375
3.0 0.53359375 0.56953125 0.2421875 0.1109375
3.0 0.496875 0.5140625 0.096875 0.065625
3.0 0.69140625 0.49140625 0.1796875 0.0640625
3.0 0.16796875 0.4921875 0.1078125 0.15625
3.0 0.1015625 0.471875 0.059375 0.109375
3.0 0.8921875 0.47109375 0.090625 0.0671875
3.0 0.4046875 0.31953125 0.1 0.0296875
3.0 0.19453125 0.7703125 0.0953125 0.046875
3.0 0.8296875 0.33125 0.059375 0.046875
3.0 0.50234375 0.27578125 0.0640625 0.0328125
3.0 0.70625 0.0390625 0.1 0.053125
