4.0 0.5625 0.24296875 0.6 0.4578125
4.0 0.68984375 0.47421875 0.2390625 0.1734375
4.0 0.909375 0.403125 0.18125 0.16875
4.0 0.9859375 0.43203125 0.028125 0.1484375
4.0 0.93125 0.51953125 0.1375 0.2171875
7.0 0.5828125 0.565625 0.20625 0.1625
4.0 0.6828125 0.5890625 0.534375 0.390625
3.0 0.30234375 0.38671875 0.1015625 0.0734375
3.0 0.1453125 0.46171875 0.084375 0.0609375
4.0 0.078125 0.51640625 0.15625 0.1953125
4.0 0.26875 0.4875 0.3375 0.2375
3.0 0.5671875 0.840625 0.159375 0.115625
3.0 0.6625 0.85859375 0.125 0.0921875
7.0 0.5046875 0.9578125 0.159375 0.084375
7.0 0.17421875 0.82578125 0.3484375 0.3328125
3.0 0.2015625 0.765625 0.059375 0.04375
3.0 0.3296875 0.92578125 0.028125 0.0203125
4.0 0.3234375 0.89765625 0.203125 0.1609375
3.0 0.26328125 0.95859375 0.0390625 0.0296875
