4.0 0.51484375 0.8703125 0.2359375 0.11875
4.0 0.23125 0.79140625 0.115625 0.1265625
4.0 0.0609375 0.896875 0.11875 0.14375
4.0 0.50078125 0.66015625 0.3609375 0.2484375
4.0 0.190625 0.63359375 0.146875 0.0828125
3.0 0.17890625 0.6375 0.0828125 0.046875
4.0 0.87421875 0.753125 0.1671875 0.096875
4.0 0.16953125 0.26953125 0.2984375 0.1671875
3.0 0.1796875 0.32109375 0.109375 0.0640625
3.0 0.23671875 0.23359375 0.1609375 0.0890625
3.0 0.5390625 0.36796875 0.06875 0.0328125
4.0 0.6375 0.4 0.221875 0.165625
4.0 0.790625 0.45390625 0.24375 0.1015625
3.0 0.578125 0.440625 0.084375 0.05625
3.0 0.63125 0.38359375 0.11875 0.0390625
3.0 0.69609375 0.41484375 0.0390625 0.0234375
3.0 0.8546875 0.4578125 0.109375 0.08125
4.0 0.51484375 0.12109375 0.2421875 0.2421875
4.0 0.07421875 0.16015625 0.1453125 0.1171875
4.0 0.1171875 0.0921875 0.084375 0.034375
4.0 0.27734375 0.1078125 0.0859375 0.140625
3.0 0.86484375 0.24375 0.0609375 0.03125
3.0 0.97578125 0.84375 0.0484375 0.0375
4.0 0.93515625 0.6265625 0.1296875 0.0875
