3.0 0.96015625 0.4203125 0.0796875 0.059375
3.0 0.96015625 0.290625 0.0796875 0.065625
3.0 0.8734375 0.2515625 0.10625 0.090625
3.0 0.79375 0.328125 0.05625 0.05625
3.0 0.78515625 0.23125 0.0890625 0.0625
3.0 0.70703125 0.29765625 0.0640625 0.1109375
2.0 0.7609375 0.18125 0.090625 0.078125
2.0 0.87734375 0.3375 0.1453125 0.1125
2.0 0.74375 0.44921875 0.05625 0.0484375
2.0 0.7484375 0.60859375 0.128125 0.0828125
2.0 0.78046875 0.52734375 0.0953125 0.0359375
2.0 0.81953125 0.484375 0.0953125 0.071875
3.0 0.475 0.53671875 0.0875 0.0796875
3.0 0.5796875 0.4578125 0.15 0.096875
3.0 0.48125 0.63984375 0.125 0.0953125
3.0 0.23203125 0.5828125 0.0765625 0.05625
3.0 0.21171875 0.4875 0.0828125 0.090625
3.0 0.39609375 0.4671875 0.1828125 0.134375
3.0 0.325 0.52734375 0.06875 0.0359375
3.0 0.3453125 0.3515625 0.05625 0.04375
3.0 0.28828125 0.27265625 0.0953125 0.0546875
2.0 0.3203125 0.184375 0.090625 0.075
3.0 0.33046875 0.22578125 0.0359375 0.0234375
3.0 0.37734375 0.18203125 0.0421875 0.0265625
3.0 0.4171875 0.234375 0.134375 0.134375
3.0 0.5265625 0.3390625 0.290625 0.096875
3.0 0.5578125 0.26484375 0.18125 0.0953125
3.0 0.05703125 0.209375 0.0671875 0.053125
3.0 0.2109375 0.1734375 0.075 0.084375
3.0 0.11171875 0.13125 0.1359375 0.053125
