3.0 0.0875 0.61875 0.15 0.075
3.0 0.11953125 0.72421875 0.2109375 0.0453125
7.0 0.3328125 0.71640625 0.175 0.1359375
7.0 0.67734375 0.721875 0.1828125 0.153125
3.0 0.8328125 0.81953125 0.046875 0.0203125
7.0 0.53671875 0.7359375 0.1453125 0.0625
7.0 0.48515625 0.90546875 0.1546875 0.1015625
7.0 0.896875 0.96171875 0.103125 0.0703125
7.0 0.75625 0.9625 0.1125 0.065625
7.0 0.921875 0.52734375 0.153125 0.1109375
7.0 0.9765625 0.45546875 0.040625 0.0390625
7.0 0.696875 0.4078125 0.075 0.046875
7.0 0.475 0.409375 0.1375 0.08125
7.0 0.7921875 0.33671875 0.203125 0.0734375
7.0 0.90625 0.2171875 0.184375 0.078125
7.0 0.53828125 0.3203125 0.1140625 0.059375
7.0 0.6625 0.575 0.1375 0.059375
7.0 0.32734375 0.5203125 0.4140625 0.090625
7.0 0.3359375 0.565625 0.078125 0.08125
