3.0 0.5046875 0.8890625 0.05 0.0625
3.0 0.5328125 0.60078125 0.021875 0.0609375
3.0 0.5796875 0.853125 0.09375 0.0625
3.0 0.37265625 0.97109375 0.0578125 0.0328125
3.0 0.53515625 0.9578125 0.0515625 0.04375
3.0 0.26328125 0.8796875 0.0828125 0.11875
3.0 0.196875 0.815625 0.05625 0.096875
3.0 0.09375 0.5234375 0.125 0.071875
3.0 0.09296875 0.2796875 0.0546875 0.090625
3.0 0.1703125 0.271875 0.0375 0.05
3.0 0.39296875 0.5890625 0.0609375 0.134375
6.0 0.2671875 0.45703125 0.159375 0.0859375
6.0 0.20625 0.41015625 0.05625 0.0578125
6.0 0.375 0.43203125 0.121875 0.0390625
3.0 0.57421875 0.646875 0.0203125 0.0375
3.0 0.61640625 0.56796875 0.0578125 0.0703125
3.0 0.52109375 0.41484375 0.0765625 0.0640625
3.0 0.56328125 0.26328125 0.0921875 0.0578125
3.0 0.72109375 0.53984375 0.0484375 0.0828125
3.0 0.8234375 0.50859375 0.053125 0.0984375
3.0 0.0109375 0.8046875 0.021875 0.075
3.0 0.115625 0.6421875 0.0875 0.1
3.0 0.77578125 0.57578125 0.0578125 0.0515625
3.0 0.78125 0.65078125 0.015625 0.0421875
3.0 0.575 0.0796875 0.021875 0.071875
3.0 0.6078125 0.1015625 0.075 0.071875
3.0 0.590625 0.36015625 0.05 0.0640625
3.0 0.95 0.32578125 0.078125 0.1890625
3.0 0.7328125 0.09921875 0.08125 0.0765625
3.0 0.70390625 0.83984375 0.0640625 0.0796875
3.0 0.3296875 0.58515625 0.021875 0.0296875
3.0 0.27578125 0.52734375 0.0234375 0.0421875
7.0 0.2640625 0.58671875 0.040625 0.0546875
3.0 0.175 0.6359375 0.053125 0.040625
3.0 0.634375 0.2734375 0.028125 0.065625
3.0 0.1921875 0.05390625 0.0375 0.0265625
