3.0 0.959375 0.3640625 0.065625 0.04375
7.0 0.96875 0.4171875 0.059375 0.065625
3.0 0.92109375 0.475 0.0859375 0.05
3.0 0.97265625 0.74921875 0.0515625 0.0515625
3.0 0.39296875 0.73515625 0.1421875 0.0671875
3.0 0.1203125 0.44375 0.109375 0.046875
3.0 0.32578125 0.41015625 0.1203125 0.0890625
3.0 0.01875 0.63125 0.0375 0.078125
3.0 0.07109375 0.36640625 0.1421875 0.0734375
3.0 0.1703125 0.33671875 0.0875 0.0328125
3.0 0.1453125 0.95859375 0.071875 0.0390625
3.0 0.8015625 0.1640625 0.053125 0.034375
