7.0 0.32265625 0.3640625 0.3734375 0.246875
7.0 0.2453125 0.76484375 0.075 0.1484375
7.0 0.41484375 0.4984375 0.1078125 0.11875
7.0 0.3609375 0.64375 0.084375 0.09375
7.0 0.44140625 0.65234375 0.0546875 0.1234375
7.0 0.52578125 0.63828125 0.0640625 0.1265625
7.0 0.7328125 0.37578125 0.1375 0.0953125
7.0 0.85078125 0.26953125 0.1453125 0.1078125
7.0 0.92109375 0.425 0.1578125 0.21875
7.0 0.8046875 0.7875 0.121875 0.2125
7.0 0.18046875 0.69375 0.0578125 0.134375
7.0 0.25703125 0.553125 0.0578125 0.075
7.0 0.37734375 0.94453125 0.0546875 0.1109375
3.0 0.79609375 0.51875 0.1609375 0.125
3.0 0.96171875 0.634375 0.0734375 0.1125
