3.0 0.45078125 0.9484375 0.0359375 0.040625
4.0 0.509375 0.63984375 0.4375 0.3078125
4.0 0.70390625 0.12890625 0.5203125 0.2578125
4.0 0.153125 0.60625 0.1625 0.203125
4.0 0.04921875 0.2765625 0.0984375 0.128125
4.0 0.10703125 0.20390625 0.1203125 0.0515625
3.0 0.6734375 0.10390625 0.0875 0.0421875
3.0 0.54765625 0.16328125 0.0421875 0.0640625
3.0 0.77265625 0.146875 0.0828125 0.028125
3.0 0.88515625 0.1109375 0.0703125 0.034375
4.0 0.71171875 0.96171875 0.0953125 0.0734375
3.0 0.24609375 0.7609375 0.0578125 0.053125
3.0 0.21171875 0.83828125 0.0484375 0.0453125
3.0 0.3671875 0.88515625 0.084375 0.0296875
