7.0 0.2296875 0.3953125 0.134375 0.178125
7.0 0.3375 0.32890625 0.109375 0.1171875
7.0 0.72109375 0.70859375 0.0890625 0.3078125
7.0 0.48203125 0.571875 0.0984375 0.10625
7.0 0.496875 0.25859375 0.153125 0.1109375
7.0 0.35625 0.18125 0.05625 0.040625
7.0 0.1953125 0.15546875 0.0375 0.0765625
7.0 0.78515625 0.48359375 0.0203125 0.0328125
7.0 0.8390625 0.55078125 0.04375 0.0578125
7.0 0.67890625 0.37578125 0.0421875 0.0515625
7.0 0.7421875 0.42421875 0.034375 0.0640625
7.0 0.6015625 0.47734375 0.05 0.0453125
