3.0 0.04296875 0.496875 0.0828125 0.1375
7.0 0.7 0.30546875 0.10625 0.3921875
3.0 0.44375 0.20078125 0.065625 0.0546875
3.0 0.55078125 0.18515625 0.0578125 0.0671875
3.0 0.55703125 0.37421875 0.1421875 0.1296875
7.0 0.4171875 0.540625 0.1625 0.2125
7.0 0.23046875 0.221875 0.1890625 0.20625
7.0 0.53359375 0.51640625 0.1078125 0.1984375
7.0 0.5390625 0.7796875 0.090625 0.209375
7.0 0.63046875 0.83828125 0.1078125 0.3234375
3.0 0.6734375 0.075 0.059375 0.06875
3.0 0.0421875 0.234375 0.046875 0.0625
7.0 0.1734375 0.4609375 0.16875 0.128125
