4.0 0.23046875 0.2234375 0.1109375 0.190625
4.0 0.18671875 0.09453125 0.1796875 0.0515625
4.0 0.59921875 0.21484375 0.1953125 0.1546875
3.0 0.8015625 0.2140625 0.059375 0.040625
4.0 0.7921875 0.2171875 0.109375 0.1
3.0 0.7546875 0.34765625 0.178125 0.0546875
4.0 0.8625 0.4390625 0.2 0.115625
3.0 0.88828125 0.4734375 0.0890625 0.05
3.0 0.95234375 0.44609375 0.0265625 0.0171875
3.0 0.6671875 0.01875 0.0375 0.034375
3.0 0.3421875 0.03203125 0.075 0.0296875
7.0 0.19375 0.80859375 0.13125 0.1234375
3.0 0.2421875 0.534375 0.075 0.021875
3.0 0.27734375 0.56484375 0.0421875 0.0359375
3.0 0.1625 0.60390625 0.04375 0.0296875
3.0 0.05234375 0.6328125 0.0359375 0.015625
3.0 0.30625 0.82265625 0.046875 0.0296875
3.0 0.4078125 0.84375 0.034375 0.040625
3.0 0.615625 0.784375 0.103125 0.05
3.0 0.77265625 0.78671875 0.0640625 0.0453125
3.0 0.81875 0.6609375 0.103125 0.090625
3.0 0.4203125 0.64296875 0.05 0.0421875
3.0 0.52265625 0.5421875 0.0484375 0.084375
3.0 0.2125 0.9046875 0.0375 0.021875
3.0 0.18515625 0.94140625 0.0359375 0.0453125
3.0 0.75 0.965625 0.059375 0.021875
2.0 0.37734375 0.80703125 0.0796875 0.0421875
3.0 0.4265625 0.69140625 0.034375 0.0453125
3.0 0.26953125 0.66875 0.0640625 0.025
3.0 0.1375 0.33671875 0.05 0.0234375
3.0 0.29453125 0.33515625 0.0453125 0.0296875
3.0 0.23359375 0.38125 0.0890625 0.04375
7.0 0.20703125 0.328125 0.0796875 0.03125
3.0 0.221875 0.3203125 0.040625 0.021875
7.0 0.371875 0.13125 0.121875 0.065625
3.0 0.5140625 0.1078125 0.05625 0.053125
