7.0 0.30859375 0.93125 0.0984375 0.128125
7.0 0.70546875 0.8703125 0.0953125 0.13125
7.0 0.51171875 0.88515625 0.0734375 0.0453125
7.0 0.653125 0.5828125 0.10625 0.134375
7.0 0.81875 0.5859375 0.1125 0.06875
7.0 0.88828125 0.56875 0.0640625 0.05625
7.0 0.8703125 0.753125 0.084375 0.040625
7.0 0.9734375 0.7421875 0.05 0.1
7.0 0.9015625 0.69453125 0.090625 0.0671875
7.0 0.4578125 0.41171875 0.034375 0.0671875
7.0 0.39140625 0.42265625 0.0453125 0.0328125
7.0 0.18203125 0.94609375 0.1546875 0.1046875
