3.0 0.18828125 0.74296875 0.2265625 0.2046875
3.0 0.0140625 0.621875 0.028125 0.05625
3.0 0.4546875 0.62890625 0.103125 0.1609375
3.0 0.3328125 0.57421875 0.053125 0.1234375
3.0 0.39609375 0.72734375 0.1390625 0.0765625
3.0 0.22734375 0.540625 0.1515625 0.1375
3.0 0.2078125 0.47265625 0.09375 0.0859375
3.0 0.2671875 0.2109375 0.11875 0.2375
3.0 0.62578125 0.8859375 0.1328125 0.225
3.0 0.64140625 0.5265625 0.0734375 0.18125
3.0 0.5265625 0.40859375 0.0875 0.0703125
3.0 0.97421875 0.89765625 0.0484375 0.1890625
3.0 0.56640625 0.09765625 0.0984375 0.1203125
3.0 0.71015625 0.4578125 0.0578125 0.23125
3.0 0.64375 0.23984375 0.084375 0.1671875
