3.0 0.8890625 0.18515625 0.059375 0.0421875
3.0 0.96484375 0.15 0.0609375 0.065625
3.0 0.6625 0.1171875 0.04375 0.046875
3.0 0.371875 0.21171875 0.090625 0.0453125
3.0 0.421875 0.196875 0.071875 0.040625
3.0 0.63046875 0.328125 0.0484375 0.046875
4.0 0.5703125 0.48125 0.253125 0.09375
3.0 0.59375 0.48203125 0.175 0.0703125
3.0 0.30546875 0.6828125 0.0609375 0.140625
3.0 0.16015625 0.4828125 0.1421875 0.040625
3.0 0.109375 0.5296875 0.1125 0.03125
3.0 0.68125 0.18046875 0.034375 0.0546875
4.0 0.4578125 0.26796875 0.290625 0.0796875
3.0 0.45546875 0.24765625 0.0921875 0.0203125
3.0 0.478125 0.29609375 0.115625 0.0265625
3.0 0.97265625 0.4375 0.0546875 0.05
3.0 0.26875 0.390625 0.08125 0.034375
3.0 0.97265625 0.75859375 0.0296875 0.0203125
3.0 0.953125 0.72890625 0.04375 0.0203125
7.0 0.35546875 0.890625 0.1609375 0.0875
7.0 0.475 0.86875 0.084375 0.1125
7.0 0.4453125 0.71015625 0.071875 0.0484375
7.0 0.39765625 0.7546875 0.0765625 0.053125
4.0 0.0953125 0.55234375 0.084375 0.0953125
