4.0 0.64375 0.1421875 0.246875 0.134375
4.0 0.9265625 0.18046875 0.146875 0.1765625
4.0 0.60625 0.475 0.709375 0.51875
4.0 0.084375 0.37890625 0.16875 0.2609375
4.0 0.19921875 0.69609375 0.3984375 0.4015625
4.0 0.28828125 0.82421875 0.3203125 0.3171875
4.0 0.0703125 0.89140625 0.140625 0.1078125
4.0 0.384375 0.13515625 0.4625 0.2703125
3.0 0.31171875 0.16328125 0.1890625 0.1328125
3.0 0.95546875 0.1453125 0.0890625 0.096875
3.0 0.48828125 0.3703125 0.3359375 0.253125
3.0 0.6625 0.50078125 0.1125 0.1453125
3.0 0.7953125 0.4234375 0.13125 0.159375
