7.0 0.31171875 0.76953125 0.1046875 0.1453125
7.0 0.20078125 0.815625 0.1671875 0.096875
7.0 0.60625 0.49296875 0.153125 0.1765625
7.0 0.5359375 0.61953125 0.10625 0.1984375
7.0 0.38984375 0.3953125 0.2359375 0.11875
3.0 0.14296875 0.21640625 0.0484375 0.0484375
3.0 0.66640625 0.1375 0.0703125 0.06875
3.0 0.02734375 0.3078125 0.0515625 0.10625
3.0 0.265625 0.1171875 0.05625 0.071875
3.0 0.30625 0.06953125 0.053125 0.0296875
3.0 0.3046875 0.04140625 0.06875 0.0296875
3.0 0.259375 0.01171875 0.065625 0.0171875
3.0 0.3375 0.0109375 0.025 0.01875
3.0 0.10859375 0.05546875 0.0640625 0.0296875
7.0 0.60625 0.815625 0.084375 0.059375
