4.0 0.40546875 0.21171875 0.3953125 0.2921875
4.0 0.4515625 0.6 0.378125 0.303125
4.0 0.06171875 0.91484375 0.1234375 0.1671875
4.0 0.359375 0.809375 0.225 0.11875
4.0 0.165625 0.59453125 0.178125 0.3359375
5.0 0.83984375 0.8359375 0.1703125 0.196875
4.0 0.89765625 0.0953125 0.1890625 0.171875
3.0 0.2515625 0.07265625 0.084375 0.0734375
3.0 0.27265625 0.221875 0.1140625 0.0875
3.0 0.4078125 0.21953125 0.153125 0.2515625
3.0 0.5328125 0.12109375 0.084375 0.0734375
3.0 0.46015625 0.509375 0.1015625 0.09375
3.0 0.578125 0.5578125 0.09375 0.0625
3.0 0.91640625 0.1390625 0.0734375 0.034375
3.0 0.83984375 0.84140625 0.0609375 0.0703125
3.0 0.65 0.63125 0.025 0.059375
3.0 0.6140625 0.7390625 0.065625 0.034375
3.0 0.709375 0.62578125 0.046875 0.0609375
4.0 0.05 0.2734375 0.1 0.196875
