3.0 0.8484375 0.14140625 0.234375 0.1046875
3.0 0.80625 0.01484375 0.184375 0.0296875
3.0 0.8078125 0.68671875 0.234375 0.1515625
3.0 0.546875 0.7828125 0.1125 0.140625
3.0 0.31015625 0.63125 0.1328125 0.246875
3.0 0.2328125 0.790625 0.0875 0.075
3.0 0.41640625 0.85234375 0.1015625 0.0546875
3.0 0.971875 0.4515625 0.05625 0.078125
3.0 0.72890625 0.409375 0.1328125 0.053125
3.0 0.6546875 0.35234375 0.0625 0.0578125
3.0 0.09296875 0.7609375 0.0734375 0.0875
3.0 0.96875 0.5578125 0.053125 0.090625
3.0 0.53046875 0.28359375 0.1265625 0.0640625
3.0 0.9890625 0.08203125 0.021875 0.1234375
4.0 0.08828125 0.125 0.1765625 0.25
4.0 0.59921875 0.18203125 0.8015625 0.3640625
4.0 0.9515625 0.4640625 0.096875 0.1875
4.0 0.66796875 0.425 0.3203125 0.203125
4.0 0.346875 0.65234375 0.2625 0.2140625
4.0 0.76875 0.79609375 0.4625 0.4078125
4.0 0.9375 0.584375 0.125 0.15
