3.0 0.83125 0.06015625 0.03125 0.0984375
3.0 0.85703125 0.1046875 0.0296875 0.046875
3.0 0.3140625 0.2125 0.046875 0.03125
3.0 0.2859375 0.08046875 0.0375 0.0328125
3.0 0.3078125 0.1390625 0.04375 0.03125
3.0 0.359375 0.171875 0.034375 0.025
3.0 0.325 0.2875 0.071875 0.059375
3.0 0.0921875 0.028125 0.05 0.040625
3.0 0.228125 0.24296875 0.04375 0.0390625
3.0 0.2640625 0.28359375 0.03125 0.0171875
3.0 0.24453125 0.3203125 0.0296875 0.040625
3.0 0.36953125 0.90234375 0.0453125 0.0765625
3.0 0.33671875 0.97421875 0.1109375 0.0515625
3.0 0.546875 0.4078125 0.05625 0.059375
3.0 0.50546875 0.44453125 0.0484375 0.0671875
3.0 0.5265625 0.91328125 0.05 0.0609375
3.0 0.5453125 0.10234375 0.025 0.0296875
3.0 0.16484375 0.125 0.0515625 0.0375
3.0 0.409375 0.41171875 0.1 0.0421875
7.0 0.83203125 0.265625 0.1171875 0.13125
7.0 0.71953125 0.134375 0.0609375 0.103125
7.0 0.68984375 0.28203125 0.0859375 0.1203125
7.0 0.76015625 0.22578125 0.0359375 0.0921875
7.0 0.67890625 0.19296875 0.0453125 0.0546875
