7.0 0.621875 0.209375 0.1375 0.15625
7.0 0.7203125 0.1484375 0.1875 0.11875
7.0 0.3953125 0.51875 0.190625 0.19375
7.0 0.434375 0.38515625 0.15 0.2109375
7.0 0.63046875 0.5875 0.2609375 0.146875
3.0 0.91484375 0.73125 0.0578125 0.053125
3.0 0.4171875 0.87734375 0.084375 0.0765625
3.0 0.984375 0.6265625 0.03125 0.1125
3.0 0.81640625 0.8453125 0.0734375 0.078125
3.0 0.7875 0.896875 0.059375 0.0375
3.0 0.7953125 0.925 0.075 0.0375
3.0 0.846875 0.9484375 0.06875 0.025
3.0 0.7703125 0.959375 0.028125 0.021875
3.0 0.97578125 0.88515625 0.0484375 0.0359375
7.0 0.32109375 0.2015625 0.0953125 0.06875
