7.0 0.19140625 0.55625 0.3046875 0.115625
7.0 0.1859375 0.6765625 0.084375 0.071875
7.0 0.34609375 0.63125 0.0515625 0.034375
7.0 0.178125 0.4546875 0.146875 0.090625
7.0 0.275 0.4296875 0.084375 0.06875
7.0 0.38359375 0.23125 0.1109375 0.053125
7.0 0.4734375 0.4625 0.084375 0.096875
3.0 0.35546875 0.49296875 0.0609375 0.0671875
3.0 0.4578125 0.38515625 0.071875 0.0328125
3.0 0.55546875 0.553125 0.0390625 0.03125
4.0 0.671875 0.57578125 0.359375 0.1078125
3.0 0.80859375 0.65703125 0.0703125 0.0453125
3.0 0.7390625 0.315625 0.128125 0.040625
3.0 0.575 0.1546875 0.0875 0.025
3.0 0.73984375 0.09296875 0.0296875 0.0359375
3.0 0.71875 0.1359375 0.0375 0.0375
3.0 0.80078125 0.1328125 0.0390625 0.0375
3.0 0.86484375 0.175 0.0234375 0.015625
3.0 0.48828125 0.0375 0.0453125 0.040625
3.0 0.41640625 0.06171875 0.0203125 0.0203125
3.0 0.328125 0.05625 0.0375 0.034375
