4.0 0.928125 0.7859375 0.125 0.3375
4.0 0.9625 0.11328125 0.0625 0.2203125
4.0 0.9015625 0.05625 0.05 0.1
4.0 0.76171875 0.4671875 0.2234375 0.409375
4.0 0.68125 0.53125 0.1 0.134375
4.0 0.36796875 0.4671875 0.2296875 0.115625
4.0 0.49375 0.25546875 0.15 0.2703125
4.0 0.31796875 0.315625 0.2484375 0.13125
4.0 0.27421875 0.8265625 0.1203125 0.346875
3.0 0.675 0.64921875 0.046875 0.0609375
3.0 0.46953125 0.2265625 0.0609375 0.1125
3.0 0.3109375 0.47890625 0.053125 0.0640625
3.0 0.91640625 0.703125 0.0859375 0.125
