3.0 0.93046875 0.578125 0.0984375 0.1625
3.0 0.98984375 0.2921875 0.0171875 0.075
3.0 0.71796875 0.06953125 0.2390625 0.1234375
3.0 0.540625 0.31953125 0.1125 0.2203125
3.0 0.621875 0.209375 0.06875 0.103125
3.0 0.590625 0.7828125 0.078125 0.121875
3.0 0.365625 0.71875 0.096875 0.1
3.0 0.35390625 0.85390625 0.0640625 0.1078125
3.0 0.0421875 0.4171875 0.075 0.1
3.0 0.3640625 0.33359375 0.15 0.0953125
3.0 0.78671875 0.89609375 0.0734375 0.0734375
3.0 0.66328125 0.8796875 0.0390625 0.08125
3.0 0.46875 0.8375 0.134375 0.084375
3.0 0.359375 0.7140625 0.08125 0.109375
3.0 0.5953125 0.63515625 0.0375 0.0515625
3.0 0.39375 0.48359375 0.0625 0.0796875
3.0 0.559375 0.08125 0.0625 0.059375
