4.0 0.24296875 0.2484375 0.1859375 0.496875
3.0 0.28046875 0.09296875 0.0609375 0.0984375
7.0 0.4453125 0.7015625 0.103125 0.1
7.0 0.34140625 0.3640625 0.1296875 0.140625
7.0 0.346875 0.59609375 0.1 0.1265625
7.0 0.525 0.6453125 0.1 0.1125
7.0 0.65625 0.865625 0.171875 0.134375
7.0 0.66875 0.765625 0.14375 0.171875
7.0 0.7578125 0.809375 0.046875 0.065625
7.0 0.8359375 0.678125 0.053125 0.153125
4.0 0.5796875 0.18203125 0.1375 0.3109375
3.0 0.61171875 0.08125 0.0296875 0.04375
4.0 0.3203125 0.8578125 0.203125 0.18125
4.0 0.15546875 0.546875 0.1046875 0.1375
