7.0 0.5109375 0.12578125 0.0625 0.0328125
7.0 0.565625 0.11484375 0.04375 0.0328125
3.0 0.61640625 0.39921875 0.0515625 0.0734375
3.0 0.49375 0.47265625 0.103125 0.0390625
3.0 0.57578125 0.4390625 0.0390625 0.05
3.0 0.7015625 0.3828125 0.059375 0.053125
3.0 0.63828125 0.4625 0.0421875 0.03125
3.0 0.72734375 0.45234375 0.0734375 0.0546875
4.0 0.09140625 0.46484375 0.0734375 0.0578125
3.0 0.096875 0.4765625 0.04375 0.021875
4.0 0.19453125 0.5140625 0.1171875 0.10625
3.0 0.103125 0.578125 0.103125 0.065625
4.0 0.203125 0.6015625 0.096875 0.065625
3.0 0.85078125 0.225 0.0546875 0.03125
