4.0 0.059375 0.890625 0.10625 0.075
4.0 0.1890625 0.93046875 0.140625 0.1203125
4.0 0.05 0.76484375 0.0375 0.0734375
4.0 0.0703125 0.6984375 0.078125 0.06875
4.0 0.20546875 0.6453125 0.1453125 0.096875
4.0 0.12890625 0.5640625 0.0828125 0.109375
4.0 0.3046875 0.5109375 0.271875 0.071875
4.0 0.30390625 0.42265625 0.2046875 0.0578125
3.0 0.9265625 0.77421875 0.090625 0.0640625
3.0 0.834375 0.7484375 0.071875 0.05625
4.0 0.3484375 0.634375 0.078125 0.053125
4.0 0.52734375 0.67734375 0.1109375 0.0515625
4.0 0.5984375 0.63984375 0.153125 0.0640625
3.0 0.7375 0.665625 0.03125 0.028125
3.0 0.83359375 0.6578125 0.0265625 0.040625
7.0 0.76953125 0.640625 0.0328125 0.03125
3.0 0.684375 0.54765625 0.115625 0.0765625
7.0 0.871875 0.6296875 0.021875 0.0375
3.0 0.96875 0.63359375 0.05 0.0484375
7.0 0.84453125 0.54609375 0.0921875 0.0578125
3.0 0.83828125 0.4546875 0.0671875 0.065625
3.0 0.74609375 0.46015625 0.1046875 0.0359375
3.0 0.82109375 0.36015625 0.1015625 0.0796875
3.0 0.75625 0.284375 0.05625 0.034375
3.0 0.3390625 0.2078125 0.08125 0.059375
3.0 0.6546875 0.3671875 0.028125 0.03125
7.0 0.70078125 0.3203125 0.0328125 0.046875
3.0 0.8875 0.21484375 0.075 0.0359375
3.0 0.275 0.34609375 0.06875 0.0484375
3.0 0.38125 0.746875 0.028125 0.021875
3.0 0.696875 0.86328125 0.034375 0.0453125
3.0 0.25859375 0.81328125 0.0421875 0.0296875
3.0 0.678125 0.759375 0.040625 0.028125
