7.0 0.7921875 0.1640625 0.0625 0.11875
7.0 0.9203125 0.1703125 0.0875 0.115625
7.0 0.83203125 0.26015625 0.0765625 0.1046875
7.0 0.73046875 0.446875 0.0546875 0.0375
7.0 0.70546875 0.4984375 0.0890625 0.0625
7.0 0.50859375 0.42265625 0.0859375 0.1734375
7.0 0.52421875 0.15078125 0.0578125 0.0515625
7.0 0.28046875 0.5203125 0.1515625 0.115625
3.0 0.3796875 0.47109375 0.03125 0.0734375
7.0 0.29296875 0.69296875 0.0953125 0.1734375
7.0 0.6734375 0.83984375 0.0875 0.1328125
7.0 0.05546875 0.27421875 0.0921875 0.1390625
7.0 0.0625 0.43984375 0.08125 0.1484375
4.0 0.28984375 0.14453125 0.2328125 0.1515625
3.0 0.7484375 0.0234375 0.028125 0.046875
