4.0 0.70390625 0.3015625 0.4328125 0.515625
3.0 0.6734375 0.25859375 0.10625 0.0546875
3.0 0.6625 0.12890625 0.09375 0.0390625
3.0 0.59453125 0.4125 0.1171875 0.165625
3.0 0.246875 0.68046875 0.11875 0.0734375
3.0 0.40234375 0.63359375 0.1046875 0.0671875
3.0 0.09609375 0.32109375 0.1109375 0.1265625
3.0 0.1703125 0.42421875 0.10625 0.0484375
7.0 0.128125 0.953125 0.234375 0.084375
7.0 0.31171875 0.85625 0.1203125 0.203125
7.0 0.37265625 0.94296875 0.1140625 0.1015625
7.0 0.4453125 0.8703125 0.05625 0.09375
3.0 0.1734375 0.5421875 0.05 0.025
3.0 0.853125 0.075 0.065625 0.065625
