3.0 0.5546875 0.83359375 0.1875 0.1109375
2.0 0.490625 0.6765625 0.171875 0.109375
3.0 0.6421875 0.69453125 0.084375 0.1296875
2.0 0.4390625 0.54375 0.071875 0.05
2.0 0.57890625 0.5328125 0.1046875 0.059375
2.0 0.2859375 0.4375 0.225 0.053125
2.0 0.64453125 0.45078125 0.2046875 0.1046875
3.0 0.7765625 0.48359375 0.05625 0.0734375
2.0 0.3546875 0.2671875 0.08125 0.128125
3.0 0.7359375 0.27890625 0.059375 0.0734375
2.0 0.3921875 0.37265625 0.11875 0.0546875
3.0 0.43359375 0.1171875 0.0546875 0.065625
