7.0 0.0703125 0.66875 0.06875 0.059375
7.0 0.38203125 0.4734375 0.1234375 0.1375
7.0 0.571875 0.32109375 0.11875 0.0484375
7.0 0.3234375 0.25234375 0.14375 0.0609375
7.0 0.88046875 0.32421875 0.0703125 0.0984375
7.0 0.8703125 0.41484375 0.053125 0.0578125
7.0 0.978125 0.05546875 0.04375 0.1109375
4.0 0.2125 0.0484375 0.096875 0.096875
3.0 0.22890625 0.13359375 0.0546875 0.0328125
4.0 0.1265625 0.10703125 0.128125 0.0609375
3.0 0.1796875 0.6578125 0.034375 0.04375
3.0 0.18515625 0.3609375 0.0359375 0.021875
4.0 0.2140625 0.36328125 0.2 0.0828125
3.0 0.0109375 0.50234375 0.01875 0.0296875
4.0 0.3234375 0.653125 0.284375 0.128125
