3.0 0.30625 0.0234375 0.04375 0.046875
7.0 0.653125 0.21328125 0.109375 0.1171875
7.0 0.6921875 0.33046875 0.06875 0.0921875
7.0 0.2703125 0.275 0.121875 0.103125
7.0 0.41015625 0.30703125 0.1421875 0.1328125
7.0 0.47578125 0.421875 0.1046875 0.19375
7.0 0.25078125 0.371875 0.1359375 0.128125
7.0 0.37421875 0.5515625 0.1796875 0.315625
7.0 0.47890625 0.13828125 0.1140625 0.1828125
7.0 0.540625 0.246875 0.05625 0.08125
7.0 0.6015625 0.40390625 0.140625 0.2296875
3.0 0.6359375 0.5421875 0.06875 0.065625
7.0 0.29765625 0.15 0.0765625 0.09375
