3.0 0.56328125 0.36015625 0.1265625 0.0484375
3.0 0.50625 0.45546875 0.11875 0.1390625
3.0 0.37890625 0.55859375 0.1234375 0.0640625
7.0 0.32265625 0.76171875 0.1078125 0.0484375
3.0 0.2203125 0.7234375 0.0625 0.03125
3.0 0.5046875 0.275 0.18125 0.034375
3.0 0.87578125 0.38984375 0.0890625 0.0515625
3.0 0.28203125 0.925 0.0765625 0.059375
3.0 0.61015625 0.15546875 0.0421875 0.0578125
3.0 0.9609375 0.4890625 0.05 0.05
3.0 0.60703125 0.68984375 0.0796875 0.0328125
3.0 0.23046875 0.25078125 0.0921875 0.0671875
3.0 0.4890625 0.203125 0.071875 0.021875
3.0 0.7609375 0.5 0.059375 0.028125
3.0 0.2328125 0.51796875 0.028125 0.0171875
