7.0 0.75 0.46796875 0.11875 0.1609375
7.0 0.56171875 0.30390625 0.1703125 0.0640625
7.0 0.54609375 0.359375 0.1171875 0.05
7.0 0.55859375 0.49140625 0.0640625 0.0890625
7.0 0.478125 0.51171875 0.09375 0.0734375
3.0 0.6453125 0.46953125 0.0875 0.0390625
3.0 0.80703125 0.32734375 0.0359375 0.0859375
3.0 0.77421875 0.3265625 0.0265625 0.028125
3.0 0.90078125 0.4265625 0.0640625 0.04375
3.0 0.70078125 0.325 0.0515625 0.040625
3.0 0.69765625 0.0390625 0.0359375 0.06875
3.0 0.559375 0.11875 0.13125 0.040625
3.0 0.42734375 0.09609375 0.1109375 0.0328125
3.0 0.28515625 0.24765625 0.0390625 0.0484375
3.0 0.21796875 0.31015625 0.1140625 0.0359375
3.0 0.08046875 0.34609375 0.0390625 0.0359375
3.0 0.17734375 0.1296875 0.0546875 0.040625
3.0 0.06953125 0.040625 0.0546875 0.046875
3.0 0.84453125 0.178125 0.0734375 0.03125
3.0 0.2515625 0.14921875 0.053125 0.0484375
3.0 0.9546875 0.2109375 0.090625 0.053125
3.0 0.5296875 0.88671875 0.03125 0.0484375
3.0 0.45703125 0.725 0.0359375 0.03125
3.0 0.8671875 0.79296875 0.028125 0.0296875
3.0 0.86015625 0.88515625 0.0546875 0.0515625
4.0 0.33046875 0.6546875 0.0921875 0.15625
3.0 0.296875 0.6484375 0.03125 0.034375
3.0 0.203125 0.66171875 0.04375 0.0328125
3.0 0.24140625 0.753125 0.0578125 0.040625
3.0 0.18984375 0.7078125 0.0390625 0.028125
