7.0 0.396875 0.42109375 0.2875 0.0890625
7.0 0.36484375 0.58125 0.0734375 0.04375
3.0 0.19140625 0.58046875 0.0921875 0.1359375
3.0 0.2328125 0.42734375 0.0625 0.0234375
7.0 0.34296875 0.9046875 0.0609375 0.075
7.0 0.1671875 0.77421875 0.221875 0.1828125
7.0 0.05546875 0.91953125 0.1109375 0.0828125
7.0 0.22421875 0.9203125 0.0609375 0.053125
3.0 0.2890625 0.74140625 0.071875 0.1078125
7.0 0.51015625 0.71484375 0.1453125 0.1109375
7.0 0.69765625 0.61875 0.1359375 0.115625
3.0 0.7171875 0.81171875 0.159375 0.0546875
3.0 0.8140625 0.36640625 0.04375 0.0234375
7.0 0.6671875 0.33984375 0.15 0.0703125
3.0 0.61171875 0.44375 0.0515625 0.059375
4.0 0.11015625 0.2640625 0.2140625 0.096875
5.0 0.67421875 0.22578125 0.1359375 0.0859375
5.0 0.2953125 0.27265625 0.159375 0.1265625
3.0 0.23671875 0.06484375 0.0859375 0.1203125
3.0 0.8328125 0.21328125 0.040625 0.0609375
