4.0 0.38046875 0.840625 0.4796875 0.31875
4.0 0.215625 0.77109375 0.209375 0.1578125
3.0 0.26640625 0.7859375 0.0546875 0.04375
3.0 0.1734375 0.73671875 0.06875 0.0390625
4.0 0.21015625 0.63515625 0.3921875 0.2671875
3.0 0.16328125 0.65078125 0.0828125 0.0484375
3.0 0.08046875 0.64296875 0.0796875 0.0515625
3.0 0.08828125 0.69296875 0.0453125 0.0421875
7.0 0.1109375 0.5234375 0.103125 0.06875
7.0 0.30390625 0.2375 0.2265625 0.20625
7.0 0.36484375 0.15234375 0.1515625 0.1046875
3.0 0.26328125 0.071875 0.0953125 0.053125
4.0 0.62109375 0.171875 0.4140625 0.20625
4.0 0.4859375 0.09609375 0.084375 0.0546875
4.0 0.915625 0.346875 0.096875 0.071875
4.0 0.9078125 0.46328125 0.184375 0.1828125
4.0 0.95546875 0.6046875 0.0890625 0.24375
4.0 0.7640625 0.71640625 0.16875 0.1703125
4.0 0.59765625 0.515625 0.4296875 0.26875
3.0 0.97578125 0.5890625 0.0484375 0.05
7.0 0.82421875 0.240625 0.1859375 0.1875
3.0 0.36640625 0.83671875 0.0890625 0.0640625
7.0 0.38671875 0.55859375 0.1390625 0.1546875
7.0 0.30234375 0.46484375 0.1359375 0.0953125
