3.0 0.05859375 0.20078125 0.0796875 0.1140625
3.0 0.646875 0.2734375 0.075 0.040625
3.0 0.52421875 0.18671875 0.0640625 0.0734375
3.0 0.20078125 0.109375 0.0515625 0.04375
3.0 0.4703125 0.33046875 0.084375 0.0328125
3.0 0.33203125 0.38125 0.0171875 0.053125
3.0 0.7375 0.15390625 0.065625 0.0546875
3.0 0.92265625 0.3921875 0.1140625 0.059375
3.0 0.8734375 0.45234375 0.034375 0.0515625
3.0 0.953125 0.48671875 0.065625 0.0515625
3.0 0.89296875 0.603125 0.1359375 0.0625
3.0 0.46640625 0.85390625 0.1109375 0.0453125
