5.0 0.4921875 0.2875 0.090625 0.13125
5.0 0.5984375 0.221875 0.1 0.1375
3.0 0.58515625 0.259375 0.0390625 0.021875
5.0 0.13203125 0.17578125 0.1484375 0.1265625
2.0 0.1984375 0.20390625 0.053125 0.0484375
3.0 0.821875 0.39375 0.090625 0.04375
3.0 0.83984375 0.43125 0.0703125 0.034375
3.0 0.93828125 0.44296875 0.0546875 0.0453125
3.0 0.6625 0.45234375 0.046875 0.0328125
3.0 0.55859375 0.49609375 0.1484375 0.0578125
3.0 0.559375 0.5734375 0.040625 0.084375
3.0 0.72421875 0.5421875 0.0453125 0.034375
3.0 0.746875 0.61640625 0.096875 0.0703125
3.0 0.4828125 0.69765625 0.15625 0.0453125
2.0 0.37109375 0.6640625 0.0921875 0.040625
3.0 0.39453125 0.646875 0.0453125 0.028125
3.0 0.41328125 0.76796875 0.0890625 0.1203125
3.0 0.584375 0.8578125 0.078125 0.06875
3.0 0.03671875 0.9328125 0.0703125 0.028125
3.0 0.29453125 0.95859375 0.0265625 0.0390625
3.0 0.5859375 0.92109375 0.040625 0.0296875
3.0 0.08125 0.5671875 0.040625 0.04375
2.0 0.13671875 0.73515625 0.1765625 0.0640625
2.0 0.5 0.60625 0.1125 0.0375
2.0 0.784375 0.75703125 0.125 0.0671875
2.0 0.52734375 0.4140625 0.0921875 0.053125
2.0 0.02421875 0.32421875 0.0484375 0.0484375
3.0 0.1875 0.4546875 0.025 0.040625
3.0 0.32578125 0.47734375 0.0453125 0.0453125
3.0 0.19765625 0.4078125 0.0390625 0.040625
3.0 0.2625 0.5359375 0.05 0.028125
3.0 0.27890625 0.78515625 0.0640625 0.1046875
3.0 0.19453125 0.909375 0.0453125 0.0375
