7.0 0.84609375 0.44140625 0.1421875 0.1796875
3.0 0.9296875 0.58203125 0.04375 0.0328125
7.0 0.97890625 0.45390625 0.0421875 0.0546875
7.0 0.43671875 0.4328125 0.1265625 0.109375
3.0 0.27734375 0.45234375 0.0546875 0.0546875
7.0 0.4875 0.64765625 0.13125 0.0828125
7.0 0.796875 0.74140625 0.04375 0.0546875
3.0 0.075 0.46484375 0.046875 0.0953125
7.0 0.31875 0.809375 0.046875 0.090625
7.0 0.41640625 0.8703125 0.0859375 0.11875
7.0 0.0171875 0.93984375 0.034375 0.0515625
7.0 0.63828125 0.45703125 0.0546875 0.0828125
7.0 0.89765625 0.30390625 0.0734375 0.0828125
