7.0 0.19296875 0.8859375 0.1203125 0.08125
7.0 0.23984375 0.65234375 0.0859375 0.0984375
7.0 0.8140625 0.378125 0.071875 0.046875
3.0 0.81953125 0.38125 0.0359375 0.025
3.0 0.875 0.53671875 0.084375 0.0359375
3.0 0.896875 0.45859375 0.06875 0.0359375
3.0 0.265625 0.3875 0.034375 0.05
3.0 0.09921875 0.3875 0.0859375 0.05625
3.0 0.4046875 0.30703125 0.071875 0.0453125
3.0 0.078125 0.61171875 0.0375 0.0953125
3.0 0.68359375 0.85390625 0.1203125 0.0828125
3.0 0.37890625 0.80234375 0.0703125 0.0578125
3.0 0.78203125 0.58984375 0.0265625 0.0328125
