3.0 0.02109375 0.86171875 0.0421875 0.0828125
3.0 0.28828125 0.71484375 0.0703125 0.0328125
3.0 0.2328125 0.76953125 0.096875 0.0515625
3.0 0.42265625 0.9140625 0.1046875 0.053125
3.0 0.35546875 0.95234375 0.0578125 0.0234375
3.0 0.7421875 0.9109375 0.075 0.05
3.0 0.90859375 0.925 0.0828125 0.05625
3.0 0.68125 0.72265625 0.14375 0.0640625
3.0 0.7296875 0.60546875 0.090625 0.0671875
3.0 0.7359375 0.51875 0.08125 0.078125
3.0 0.28046875 0.4890625 0.0359375 0.03125
3.0 0.18515625 0.4515625 0.0546875 0.028125
3.0 0.08046875 0.55859375 0.1171875 0.0609375
2.0 0.434375 0.20625 0.1 0.059375
2.0 0.7890625 0.315625 0.078125 0.053125
3.0 0.9609375 0.34453125 0.078125 0.0546875
