7.0 0.83203125 0.84609375 0.1578125 0.1296875
7.0 0.65546875 0.740625 0.0953125 0.090625
7.0 0.4953125 0.7109375 0.203125 0.125
7.0 0.36640625 0.66328125 0.0859375 0.0703125
7.0 0.55078125 0.92578125 0.1828125 0.0828125
7.0 0.69453125 0.95078125 0.1140625 0.0953125
7.0 0.8328125 0.9765625 0.10625 0.040625
7.0 0.79453125 0.95390625 0.0609375 0.0296875
7.0 0.96328125 0.86015625 0.0734375 0.1390625
7.0 0.71796875 0.5703125 0.1703125 0.121875
7.0 0.640625 0.440625 0.109375 0.16875
7.0 0.43515625 0.28984375 0.2921875 0.1234375
7.0 0.315625 0.1015625 0.11875 0.05625
7.0 0.21328125 0.48984375 0.0734375 0.0671875
3.0 0.25390625 0.37265625 0.0546875 0.0359375
