7.0 0.51484375 0.83046875 0.1484375 0.1078125
7.0 0.21875 0.7421875 0.196875 0.090625
7.0 0.03515625 0.59921875 0.0328125 0.0265625
7.0 0.05625 0.6953125 0.1125 0.09375
7.0 0.1296875 0.5328125 0.034375 0.0625
7.0 0.30234375 0.6890625 0.0953125 0.03125
7.0 0.25078125 0.89375 0.1828125 0.15
7.0 0.10625 0.88203125 0.084375 0.0640625
7.0 0.82890625 0.83046875 0.0765625 0.1046875
7.0 0.92578125 0.94609375 0.0671875 0.0984375
4.0 0.60234375 0.44765625 0.4765625 0.1328125
3.0 0.89609375 0.14609375 0.0390625 0.0265625
3.0 0.90390625 0.1765625 0.0421875 0.03125
3.0 0.753125 0.1015625 0.115625 0.034375
3.0 0.44609375 0.1046875 0.0390625 0.053125
3.0 0.3609375 0.07421875 0.03125 0.0296875
4.0 0.85625 0.05546875 0.13125 0.1078125
4.0 0.94140625 0.1578125 0.1171875 0.15625
7.0 0.10625 0.36171875 0.065625 0.0734375
7.0 0.034375 0.40078125 0.065625 0.0828125
7.0 0.31875 0.3265625 0.065625 0.0625
7.0 0.2 0.221875 0.040625 0.025
