3.0 0.571875 0.79609375 0.121875 0.1109375
3.0 0.83671875 0.96015625 0.0828125 0.0640625
3.0 0.475 0.72890625 0.03125 0.0234375
3.0 0.63359375 0.68125 0.0453125 0.04375
3.0 0.48828125 0.54296875 0.0484375 0.0890625
3.0 0.55234375 0.4671875 0.0421875 0.021875
3.0 0.590625 0.5359375 0.05625 0.071875
3.0 0.96171875 0.35 0.0453125 0.021875
3.0 0.98984375 0.33671875 0.0171875 0.0171875
3.0 0.784375 0.503125 0.125 0.046875
3.0 0.55078125 0.5734375 0.0234375 0.028125
3.0 0.58046875 0.6671875 0.0359375 0.015625
3.0 0.54375 0.62109375 0.021875 0.0484375
3.0 0.484375 0.6421875 0.059375 0.01875
3.0 0.446875 0.621875 0.03125 0.01875
3.0 0.7078125 0.6703125 0.053125 0.040625
3.0 0.63203125 0.14609375 0.0515625 0.0265625
3.0 0.5984375 0.42109375 0.040625 0.0328125
