3.0 0.9109375 0.76015625 0.15 0.0859375
3.0 0.89765625 0.90390625 0.0796875 0.0703125
3.0 0.86796875 0.64375 0.1546875 0.1375
3.0 0.96953125 0.5234375 0.0453125 0.096875
3.0 0.90625 0.5515625 0.0625 0.03125
3.0 0.725 0.7078125 0.05625 0.034375
3.0 0.74453125 0.634375 0.0640625 0.071875
3.0 0.67421875 0.64609375 0.0984375 0.0671875
3.0 0.55703125 0.5671875 0.0640625 0.053125
3.0 0.8265625 0.4375 0.121875 0.1125
3.0 0.64453125 0.42421875 0.0828125 0.1015625
3.0 0.5453125 0.38203125 0.0625 0.0703125
3.0 0.5109375 0.51953125 0.178125 0.1015625
3.0 0.34921875 0.4578125 0.0578125 0.0375
3.0 0.44375 0.4 0.078125 0.06875
3.0 0.6546875 0.33828125 0.040625 0.0328125
3.0 0.0921875 0.8203125 0.06875 0.08125
3.0 0.4609375 0.98046875 0.04375 0.0359375
