4.0 0.42890625 0.51640625 0.3171875 0.2421875
4.0 0.2640625 0.76875 0.24375 0.390625
4.0 0.26171875 0.60078125 0.1390625 0.1984375
4.0 0.66171875 0.23046875 0.1390625 0.4421875
4.0 0.3234375 0.08203125 0.190625 0.1265625
4.0 0.46015625 0.11484375 0.1015625 0.2296875
4.0 0.665625 0.86015625 0.109375 0.2265625
4.0 0.4890625 0.6921875 0.11875 0.1
4.0 0.70546875 0.5984375 0.1515625 0.1375
3.0 0.8265625 0.059375 0.075 0.11875
3.0 0.30859375 0.75859375 0.0421875 0.0953125
3.0 0.29765625 0.41875 0.0265625 0.034375
3.0 0.70234375 0.70625 0.0421875 0.040625
4.0 0.746875 0.684375 0.165625 0.1
