7.0 0.30546875 0.69296875 0.1515625 0.0984375
7.0 0.3875 0.7390625 0.05 0.0875
7.0 0.46796875 0.94453125 0.1421875 0.1015625
3.0 0.3984375 0.5828125 0.065625 0.175
7.0 0.2015625 0.8234375 0.153125 0.059375
7.0 0.05390625 0.6984375 0.1078125 0.325
7.0 0.15 0.20859375 0.0625 0.0765625
7.0 0.696875 0.52109375 0.171875 0.1890625
7.0 0.79140625 0.85234375 0.0578125 0.1453125
7.0 0.75234375 0.3796875 0.0484375 0.053125
7.0 0.71875 0.21328125 0.034375 0.0703125
7.0 0.50625 0.17109375 0.159375 0.3421875
7.0 0.03671875 0.2390625 0.0734375 0.06875
