3.0 0.78671875 0.43671875 0.0859375 0.0859375
3.0 0.39140625 0.48046875 0.1546875 0.1046875
3.0 0.38671875 0.365625 0.0359375 0.096875
3.0 0.50703125 0.16796875 0.0953125 0.0890625
3.0 0.21640625 0.1421875 0.0515625 0.071875
3.0 0.0875 0.184375 0.040625 0.071875
3.0 0.046875 0.5828125 0.0875 0.078125
3.0 0.03046875 0.13203125 0.0546875 0.0515625
3.0 0.046875 0.31484375 0.05625 0.0640625
3.0 0.3671875 0.73203125 0.040625 0.0640625
3.0 0.4421875 0.7546875 0.1 0.084375
3.0 0.44296875 0.7546875 0.0984375 0.084375
3.0 0.09375 0.79375 0.0625 0.03125
3.0 0.378125 0.83203125 0.053125 0.0546875
3.0 0.94453125 0.69296875 0.0828125 0.0640625
3.0 0.959375 0.6 0.071875 0.034375
3.0 0.62265625 0.6453125 0.0234375 0.090625
3.0 0.65 0.7109375 0.078125 0.04375
3.0 0.1109375 0.85546875 0.053125 0.0484375
3.0 0.07734375 0.90390625 0.0265625 0.0640625
3.0 0.0921875 0.7375 0.040625 0.025
3.0 0.015625 0.7515625 0.025 0.053125
3.0 0.38671875 0.08359375 0.1046875 0.0421875
