3.0 0.05625 0.08515625 0.09375 0.0984375
3.0 0.0375 0.18046875 0.065625 0.0359375
3.0 0.23984375 0.11015625 0.0546875 0.0359375
3.0 0.321875 0.0625 0.040625 0.05625
3.0 0.4078125 0.3421875 0.071875 0.05
3.0 0.13828125 0.33984375 0.1484375 0.1546875
3.0 0.45390625 0.01484375 0.0765625 0.0296875
3.0 0.62421875 0.67265625 0.0859375 0.1640625
3.0 0.04921875 0.83046875 0.0859375 0.0265625
3.0 0.43203125 0.51171875 0.0671875 0.0390625
3.0 0.71640625 0.51015625 0.0546875 0.0390625
3.0 0.278125 0.98984375 0.046875 0.0203125
3.0 0.4046875 0.10546875 0.053125 0.0515625
3.0 0.09765625 0.93515625 0.0421875 0.0453125
3.0 0.346875 0.88359375 0.028125 0.0171875
3.0 0.7890625 0.9640625 0.04375 0.0625
