6.0 0.225 0.39140625 0.45 0.4203125
3.0 0.67421875 0.39453125 0.1984375 0.1609375
3.0 0.346875 0.04140625 0.14375 0.0828125
3.0 0.43125 0.415625 0.134375 0.08125
3.0 0.54765625 0.3578125 0.1109375 0.090625
3.0 0.6140625 0.31328125 0.090625 0.0609375
3.0 0.7375 0.31953125 0.09375 0.0640625
3.0 0.29765625 0.17109375 0.1203125 0.0953125
3.0 0.35546875 0.265625 0.1640625 0.121875
3.0 0.56328125 0.6109375 0.1828125 0.1375
3.0 0.446875 0.63984375 0.084375 0.0640625
6.0 0.3953125 0.89765625 0.33125 0.2046875
3.0 0.446875 0.8015625 0.134375 0.090625
3.0 0.48515625 0.865625 0.1328125 0.0875
3.0 0.1671875 0.8265625 0.128125 0.090625
3.0 0.15546875 0.75390625 0.0765625 0.0546875
3.0 0.03359375 0.66328125 0.0671875 0.0703125
3.0 0.1484375 0.63046875 0.075 0.0453125
3.0 0.03515625 0.540625 0.0703125 0.10625
3.0 0.240625 0.59921875 0.065625 0.0484375
3.0 0.965625 0.21640625 0.06875 0.0859375
6.0 0.778125 0.203125 0.16875 0.13125
6.0 0.88828125 0.278125 0.1734375 0.121875
6.0 0.6859375 0.15390625 0.171875 0.1359375
3.0 0.69453125 0.1359375 0.0859375 0.071875
