7.0 0.04453125 0.84296875 0.0859375 0.0671875
7.0 0.0265625 0.74296875 0.040625 0.0515625
7.0 0.04921875 0.6140625 0.0703125 0.078125
7.0 0.084375 0.64140625 0.028125 0.0515625
7.0 0.05078125 0.4984375 0.1015625 0.071875
7.0 0.1484375 0.6234375 0.06875 0.109375
7.0 0.13515625 0.703125 0.0265625 0.034375
7.0 0.19296875 0.53046875 0.1515625 0.1765625
7.0 0.29765625 0.76328125 0.0734375 0.1703125
7.0 0.246875 0.7328125 0.065625 0.084375
7.0 0.1640625 0.709375 0.025 0.0375
7.0 0.3109375 0.56796875 0.0375 0.0671875
7.0 0.40546875 0.54140625 0.0859375 0.1796875
7.0 0.371875 0.71875 0.034375 0.084375
7.0 0.3765625 0.8484375 0.04375 0.059375
7.0 0.34296875 0.61328125 0.0234375 0.0515625
7.0 0.646875 0.81484375 0.1 0.1984375
4.0 0.684375 0.90390625 0.115625 0.1828125
7.0 0.75625 0.77265625 0.06875 0.1765625
4.0 0.48984375 0.92109375 0.1265625 0.1171875
7.0 0.51015625 0.36875 0.1453125 0.121875
7.0 0.67578125 0.16484375 0.1328125 0.0984375
7.0 0.76015625 0.2046875 0.0953125 0.1125
7.0 0.71484375 0.465625 0.0859375 0.084375
7.0 0.57109375 0.45625 0.0234375 0.059375
7.0 0.6171875 0.3578125 0.059375 0.053125
7.0 0.66640625 0.38046875 0.0390625 0.0515625
7.0 0.74296875 0.08515625 0.0421875 0.0546875
