3.0 0.7875 0.2109375 0.35625 0.228125
3.0 0.503125 0.39296875 0.190625 0.1515625
3.0 0.675 0.3828125 0.1125 0.10625
3.0 0.5375 0.3015625 0.2 0.10625
3.0 0.81640625 0.365625 0.2390625 0.153125
3.0 0.86796875 0.4046875 0.1484375 0.096875
3.0 0.88828125 0.60859375 0.2234375 0.2109375
3.0 0.19296875 0.28046875 0.2515625 0.2078125
3.0 0.3140625 0.53515625 0.1625 0.1546875
3.0 0.5 0.57265625 0.134375 0.0828125
3.0 0.571875 0.803125 0.165625 0.121875
3.0 0.25625 0.61015625 0.1625 0.1828125
3.0 0.421875 0.734375 0.16875 0.15
