3.0 0.5875 0.17421875 0.14375 0.1015625
3.0 0.63515625 0.31953125 0.1296875 0.1109375
3.0 0.55859375 0.41953125 0.1640625 0.1109375
3.0 0.42578125 0.45859375 0.0953125 0.0953125
3.0 0.23671875 0.65234375 0.1859375 0.1109375
3.0 0.44921875 0.203125 0.1171875 0.06875
3.0 0.8546875 0.3 0.071875 0.071875
3.0 0.78046875 0.35234375 0.0734375 0.0828125
3.0 0.96796875 0.44296875 0.0640625 0.1140625
3.0 0.71875 0.90078125 0.165625 0.0984375
3.0 0.8140625 0.81640625 0.1 0.0578125
3.0 0.4296875 0.83046875 0.053125 0.0390625
3.0 0.53828125 0.80859375 0.0484375 0.0484375
3.0 0.26328125 0.434375 0.0609375 0.0375
3.0 0.79921875 0.06328125 0.0390625 0.0265625
