3.0 0.63046875 0.69140625 0.1640625 0.0734375
3.0 0.60078125 0.80390625 0.1296875 0.0703125
3.0 0.41015625 0.85859375 0.0765625 0.0421875
3.0 0.23671875 0.92734375 0.1234375 0.0734375
3.0 0.8671875 0.81953125 0.09375 0.0546875
3.0 0.60234375 0.31015625 0.1640625 0.1046875
3.0 0.41953125 0.24296875 0.0796875 0.0984375
3.0 0.25390625 0.34921875 0.0921875 0.1734375
3.0 0.2 0.23671875 0.0625 0.0515625
3.0 0.328125 0.19375 0.071875 0.0375
3.0 0.94375 0.68828125 0.065625 0.0359375
3.0 0.94296875 0.5078125 0.0828125 0.03125
3.0 0.73828125 0.47578125 0.0828125 0.0546875
3.0 0.546875 0.50390625 0.09375 0.0359375
3.0 0.4953125 0.54375 0.04375 0.040625
3.0 0.10234375 0.25859375 0.0515625 0.0609375
3.0 0.3078125 0.03125 0.146875 0.059375
3.0 0.7140625 0.4 0.0375 0.0625
3.0 0.9234375 0.41328125 0.034375 0.0609375
3.0 0.79453125 0.55546875 0.1109375 0.0515625
3.0 0.40859375 0.59140625 0.0890625 0.0453125
3.0 0.74765625 0.7328125 0.0515625 0.0875
3.0 0.97734375 0.85390625 0.0453125 0.0453125
4.0 0.08125 0.7078125 0.15625 0.184375
4.0 0.509375 0.71171875 0.665625 0.3515625
4.0 0.265625 0.953125 0.234375 0.0875
4.0 0.6640625 0.95625 0.109375 0.08125
4.0 0.89140625 0.8265625 0.2171875 0.096875
4.0 0.75 0.465625 0.1625 0.13125
4.0 0.5046875 0.49296875 0.225 0.1421875
4.0 0.2796875 0.334375 0.184375 0.15
4.0 0.62109375 0.20078125 0.4140625 0.3515625
4.0 0.86328125 0.14375 0.1203125 0.203125
4.0 0.728125 0.38203125 0.15625 0.1046875
4.0 0.9421875 0.51484375 0.115625 0.0765625
