3.0 0.05390625 0.3640625 0.0671875 0.04375
3.0 0.365625 0.38671875 0.034375 0.0328125
3.0 0.3625 0.13828125 0.04375 0.0578125
3.0 0.58671875 0.1640625 0.0265625 0.05
7.0 0.81484375 0.021875 0.0890625 0.040625
3.0 0.8375 0.13828125 0.146875 0.0484375
3.0 0.809375 0.4171875 0.115625 0.04375
3.0 0.471875 0.62734375 0.05625 0.1171875
3.0 0.56953125 0.55234375 0.1046875 0.0390625
3.0 0.196875 0.94921875 0.025 0.0203125
7.0 0.1109375 0.9265625 0.040625 0.05625
3.0 0.25 0.72734375 0.04375 0.0484375
3.0 0.25859375 0.79921875 0.0828125 0.0328125
3.0 0.25390625 0.57421875 0.0703125 0.0140625
3.0 0.240625 0.39765625 0.05 0.0328125
