3.0 0.36796875 0.80234375 0.0671875 0.0890625
3.0 0.44296875 0.8375 0.0765625 0.1
3.0 0.45 0.77734375 0.065625 0.0859375
3.0 0.51015625 0.69375 0.0546875 0.071875
3.0 0.52890625 0.7609375 0.0453125 0.059375
3.0 0.60546875 0.79375 0.0484375 0.0625
3.0 0.553125 0.55 0.04375 0.059375
3.0 0.45078125 0.4765625 0.0921875 0.121875
3.0 0.3640625 0.4078125 0.04375 0.05625
3.0 0.40546875 0.390625 0.0328125 0.04375
3.0 0.37109375 0.4859375 0.0265625 0.0375
3.0 0.590625 0.76875 0.028125 0.0375
3.0 0.5421875 0.34296875 0.034375 0.0453125
3.0 0.5890625 0.2671875 0.06875 0.090625
3.0 0.6296875 0.221875 0.025 0.03125
3.0 0.58046875 0.16875 0.0546875 0.071875
3.0 0.7578125 0.0578125 0.03125 0.040625
3.0 0.7765625 0.53984375 0.0625 0.0828125
7.0 0.74765625 0.51640625 0.0484375 0.0640625
3.0 0.91328125 0.57265625 0.0671875 0.0921875
3.0 0.12421875 0.7625 0.0546875 0.071875
3.0 0.121875 0.58125 0.05625 0.071875
3.0 0.271875 0.26484375 0.046875 0.0609375
3.0 0.259375 0.37109375 0.05 0.0671875
3.0 0.484375 0.31328125 0.046875 0.0609375
3.0 0.68125 0.35 0.046875 0.0625
3.0 0.70625 0.38671875 0.046875 0.0640625
7.0 0.7671875 0.271875 0.040625 0.053125
3.0 0.43359375 0.05234375 0.0359375 0.0484375
3.0 0.39140625 0.04921875 0.0328125 0.0421875
3.0 0.359375 0.19140625 0.0375 0.0484375
3.0 0.865625 0.44375 0.028125 0.0375
3.0 0.6515625 0.6578125 0.025 0.034375
3.0 0.76953125 0.00546875 0.0203125 0.0109375
3.0 0.82109375 0.2609375 0.0296875 0.040625
3.0 0.865625 0.575 0.046875 0.065625
