3.0 0.46484375 0.96953125 0.0640625 0.0609375
3.0 0.67265625 0.771875 0.0671875 0.128125
3.0 0.5796875 0.66328125 0.059375 0.0328125
3.0 0.5265625 0.7609375 0.08125 0.103125
3.0 0.01328125 0.496875 0.0265625 0.03125
3.0 0.24921875 0.71640625 0.1765625 0.0671875
3.0 0.58359375 0.815625 0.0359375 0.040625
3.0 0.540625 0.94921875 0.053125 0.0203125
3.0 0.59296875 0.88359375 0.0328125 0.0703125
3.0 0.678125 0.91484375 0.084375 0.0265625
3.0 0.73203125 0.88515625 0.0453125 0.0265625
3.0 0.3578125 0.95390625 0.078125 0.0578125
3.0 0.46796875 0.2046875 0.0734375 0.0375
3.0 0.51484375 0.59765625 0.0578125 0.0453125
