4.0 0.35 0.6046875 0.196875 0.26875
4.0 0.73671875 0.62265625 0.3140625 0.2109375
3.0 0.3859375 0.63828125 0.053125 0.0546875
3.0 0.31640625 0.63203125 0.0703125 0.0265625
3.0 0.27890625 0.69609375 0.0453125 0.0828125
3.0 0.1296875 0.3546875 0.053125 0.05625
3.0 0.10625 0.31484375 0.0625 0.0171875
3.0 0.17578125 0.34140625 0.0265625 0.0234375
3.0 0.32109375 0.43125 0.0421875 0.053125
3.0 0.6484375 0.46875 0.096875 0.090625
3.0 0.64453125 0.4234375 0.2671875 0.08125
3.0 0.70078125 0.34375 0.3203125 0.09375
3.0 0.50859375 0.3625 0.0390625 0.040625
3.0 0.5015625 0.3234375 0.03125 0.034375
3.0 0.4109375 0.3421875 0.078125 0.05
3.0 0.36640625 0.29453125 0.0984375 0.0515625
3.0 0.83046875 0.43359375 0.0921875 0.0578125
3.0 0.9703125 0.56640625 0.05625 0.0296875
3.0 0.978125 0.64375 0.034375 0.046875
3.0 0.50859375 0.6578125 0.0140625 0.040625
3.0 0.52421875 0.7203125 0.0265625 0.021875
3.0 0.5265625 0.7609375 0.021875 0.03125
3.0 0.0734375 0.22734375 0.1 0.0578125
3.0 0.15078125 0.065625 0.1609375 0.121875
3.0 0.375 0.04921875 0.053125 0.0578125
3.0 0.30078125 0.08671875 0.0546875 0.0390625
3.0 0.503125 0.0765625 0.040625 0.040625
3.0 0.6515625 0.12421875 0.071875 0.0265625
3.0 0.753125 0.05859375 0.040625 0.0328125
3.0 0.96875 0.38671875 0.059375 0.0546875
3.0 0.6546875 0.26328125 0.0375 0.0390625
