3.0 0.27578125 0.79609375 0.0890625 0.1265625
3.0 0.1828125 0.7078125 0.03125 0.046875
3.0 0.203125 0.59296875 0.065625 0.1453125
3.0 0.41484375 0.58125 0.0390625 0.103125
3.0 0.54375 0.8375 0.034375 0.153125
3.0 0.48828125 0.79296875 0.0203125 0.0390625
3.0 0.55625 0.53046875 0.121875 0.1765625
3.0 0.64765625 0.815625 0.0640625 0.221875
3.0 0.5859375 0.35078125 0.13125 0.1078125
3.0 0.65703125 0.46953125 0.0359375 0.1203125
3.0 0.5953125 0.25 0.065625 0.05625
3.0 0.45859375 0.025 0.0515625 0.05
3.0 0.384375 0.03515625 0.0875 0.0703125
3.0 0.4203125 0.315625 0.05625 0.06875
3.0 0.88125 0.3109375 0.065625 0.071875
3.0 0.93828125 0.56875 0.0578125 0.04375
3.0 0.86171875 0.1125 0.0640625 0.05
3.0 0.81796875 0.2484375 0.0671875 0.078125
3.0 0.89296875 0.16796875 0.0921875 0.0765625
3.0 0.12265625 0.04375 0.0515625 0.059375
3.0 0.43984375 0.21875 0.0390625 0.084375
3.0 0.5765625 0.07578125 0.05 0.1015625
3.0 0.69453125 0.3546875 0.0453125 0.05
3.0 0.11953125 0.11171875 0.0671875 0.0796875
3.0 0.225 0.0421875 0.021875 0.075
3.0 0.921875 0.4796875 0.05625 0.065625
