7.0 0.75234375 0.47109375 0.4953125 0.1796875
7.0 0.66171875 0.60078125 0.2140625 0.1078125
7.0 0.78125 0.18125 0.146875 0.103125
3.0 0.50390625 0.18125 0.2265625 0.215625
3.0 0.41796875 0.34140625 0.0703125 0.0515625
3.0 0.49765625 0.45546875 0.1015625 0.0390625
3.0 0.75234375 0.2953125 0.1265625 0.090625
7.0 0.94375 0.059375 0.1125 0.11875
3.0 0.60546875 0.00625 0.1046875 0.0125
5.0 0.4984375 0.73046875 0.2125 0.2890625
3.0 0.4703125 0.99609375 0.15625 0.0078125
3.0 0.27890625 0.90703125 0.1359375 0.0546875
