7.0 0.4953125 0.5859375 0.253125 0.228125
7.0 0.659375 0.91015625 0.25 0.1703125
7.0 0.81796875 0.7796875 0.1640625 0.29375
7.0 0.9765625 0.77578125 0.046875 0.1828125
7.0 0.66484375 0.63046875 0.0734375 0.0484375
7.0 0.69765625 0.46171875 0.2109375 0.2890625
7.0 0.9015625 0.08203125 0.184375 0.1640625
4.0 0.16875 0.33828125 0.328125 0.6640625
3.0 0.23515625 0.34375 0.0984375 0.0875
3.0 0.57421875 0.06328125 0.0703125 0.0546875
3.0 0.47109375 0.35625 0.0515625 0.05625
3.0 0.12734375 0.40546875 0.0703125 0.0484375
3.0 0.1859375 0.93515625 0.159375 0.1203125
4.0 0.24140625 0.8828125 0.3078125 0.225
