7.0 0.62109375 0.36796875 0.1359375 0.2234375
7.0 0.5078125 0.41875 0.053125 0.265625
7.0 0.41640625 0.22578125 0.0671875 0.0859375
7.0 0.4203125 0.40703125 0.046875 0.1453125
3.0 0.66484375 0.5171875 0.0453125 0.075
3.0 0.74765625 0.6609375 0.0453125 0.14375
3.0 0.64140625 0.63984375 0.0421875 0.1140625
3.0 0.55859375 0.60234375 0.0640625 0.0703125
3.0 0.50234375 0.88125 0.0390625 0.115625
3.0 0.43359375 0.928125 0.0328125 0.075
3.0 0.73671875 0.93359375 0.1671875 0.0921875
3.0 0.76328125 0.20390625 0.1359375 0.1546875
3.0 0.82265625 0.45234375 0.0921875 0.0859375
3.0 0.95390625 0.428125 0.0859375 0.346875
3.0 0.2140625 0.6609375 0.071875 0.140625
3.0 0.06328125 0.86796875 0.1234375 0.2640625
3.0 0.1546875 0.8328125 0.04375 0.078125
3.0 0.03359375 0.3484375 0.0578125 0.10625
3.0 0.078125 0.13984375 0.046875 0.0859375
3.0 0.1265625 0.18046875 0.065625 0.0546875
4.0 0.3046875 0.87265625 0.18125 0.1421875
4.0 0.70703125 0.81875 0.1734375 0.13125
