7.0 0.03203125 0.1546875 0.0421875 0.03125
3.0 0.13046875 0.18203125 0.0515625 0.0328125
7.0 0.1 0.26796875 0.046875 0.0234375
7.0 0.13984375 0.3375 0.0484375 0.046875
7.0 0.2125 0.26953125 0.034375 0.0546875
7.0 0.28515625 0.27265625 0.0609375 0.0453125
7.0 0.2609375 0.31015625 0.059375 0.0203125
7.0 0.20859375 0.38203125 0.0421875 0.0328125
7.0 0.2640625 0.3796875 0.0625 0.06875
7.0 0.3171875 0.31171875 0.065625 0.1046875
7.0 0.290625 0.4359375 0.040625 0.0375
7.0 0.3203125 0.52890625 0.09375 0.1328125
7.0 0.84140625 0.5359375 0.1046875 0.096875
7.0 0.88671875 0.60234375 0.0671875 0.0640625
3.0 0.4109375 0.51171875 0.0625 0.0328125
3.0 0.590625 0.58515625 0.071875 0.0390625
7.0 0.6015625 0.47890625 0.046875 0.0328125
4.0 0.56015625 0.221875 0.0890625 0.0625
3.0 0.5734375 0.22265625 0.046875 0.0234375
4.0 0.70859375 0.29921875 0.2171875 0.1703125
4.0 0.5515625 0.30625 0.071875 0.065625
4.0 0.63203125 0.33515625 0.1609375 0.0640625
4.0 0.60625 0.6140625 0.11875 0.146875
4.0 0.60703125 0.43359375 0.0734375 0.0296875
4.0 0.97890625 0.3390625 0.0421875 0.071875
7.0 0.38671875 0.1078125 0.0515625 0.025
7.0 0.34921875 0.1953125 0.0859375 0.05
4.0 0.40859375 0.15625 0.0921875 0.134375
3.0 0.103125 0.45546875 0.159375 0.0234375
3.0 0.34765625 0.43046875 0.0296875 0.0390625
4.0 0.70546875 0.153125 0.1234375 0.121875
3.0 0.98828125 0.1265625 0.0234375 0.040625
7.0 0.5328125 0.7078125 0.09375 0.1
7.0 0.4640625 0.8734375 0.16875 0.096875
7.0 0.64609375 0.7828125 0.0328125 0.0625
7.0 0.5421875 0.96484375 0.084375 0.0671875
7.0 0.665625 0.8703125 0.05625 0.040625
3.0 0.95625 0.840625 0.0875 0.0375
7.0 0.76171875 0.715625 0.0671875 0.034375
3.0 0.74921875 0.76484375 0.0359375 0.0453125
7.0 0.81484375 0.878125 0.1640625 0.090625
3.0 0.825 0.9640625 0.03125 0.028125
4.0 0.36953125 0.7 0.2296875 0.06875
3.0 0.74375 0.6140625 0.021875 0.034375
4.0 0.08984375 0.4421875 0.1703125 0.071875
3.0 0.13515625 0.4484375 0.0703125 0.025
