4.0 0.87421875 0.08828125 0.0765625 0.1640625
4.0 0.78359375 0.34453125 0.1109375 0.1453125
7.0 0.8796875 0.49375 0.05625 0.059375
7.0 0.84453125 0.56875 0.1203125 0.1125
7.0 0.7703125 0.51640625 0.15 0.0796875
7.0 0.74140625 0.53984375 0.0859375 0.0578125
7.0 0.58046875 0.5921875 0.0734375 0.05
7.0 0.18984375 0.12734375 0.0671875 0.0859375
7.0 0.12734375 0.0546875 0.0765625 0.03125
7.0 0.07421875 0.68828125 0.0953125 0.1390625
7.0 0.23984375 0.5328125 0.0859375 0.15625
7.0 0.31015625 0.7375 0.1015625 0.10625
7.0 0.30546875 0.846875 0.0640625 0.0875
7.0 0.35 0.45 0.03125 0.046875
7.0 0.4640625 0.22578125 0.078125 0.1359375
7.0 0.52734375 0.05234375 0.1390625 0.1046875
7.0 0.634375 0.07890625 0.084375 0.1484375
7.0 0.7 0.14296875 0.071875 0.1640625
