7.0 0.73515625 0.63046875 0.1515625 0.1203125
7.0 0.9296875 0.70703125 0.140625 0.1421875
7.0 0.9234375 0.5078125 0.153125 0.1125
7.0 0.571875 0.1640625 0.259375 0.15625
7.0 0.8375 0.18203125 0.21875 0.1140625
3.0 0.87109375 0.2484375 0.1015625 0.071875
3.0 0.68359375 0.27734375 0.0890625 0.0703125
3.0 0.72890625 0.28125 0.0453125 0.040625
3.0 0.965625 0.046875 0.06875 0.05625
3.0 0.76953125 0.0453125 0.0484375 0.025
3.0 0.571875 0.61796875 0.125 0.1140625
3.0 0.559375 0.40078125 0.140625 0.0765625
3.0 0.1375 0.95625 0.071875 0.06875
