7.0 0.71328125 0.07578125 0.1015625 0.1484375
7.0 0.63671875 0.12734375 0.0390625 0.0921875
7.0 0.55625 0.06953125 0.059375 0.0890625
7.0 0.3578125 0.0359375 0.103125 0.06875
7.0 0.28671875 0.14296875 0.3171875 0.1828125
7.0 0.75390625 0.45 0.1890625 0.11875
7.0 0.621875 0.578125 0.1625 0.075
7.0 0.6 0.665625 0.159375 0.1875
7.0 0.20703125 0.45546875 0.2390625 0.1453125
3.0 0.88671875 0.96796875 0.0796875 0.0171875
7.0 0.51796875 0.84296875 0.0421875 0.0828125
7.0 0.47734375 0.8125 0.0703125 0.05625
7.0 0.42265625 0.8203125 0.0609375 0.075
3.0 0.34296875 0.73515625 0.0546875 0.0234375
