4.0 0.6484375 0.39375 0.196875 0.26875
4.0 0.26171875 0.37578125 0.3140625 0.2109375
3.0 0.6125 0.36015625 0.053125 0.0546875
3.0 0.68046875 0.36640625 0.0703125 0.0265625
3.0 0.71953125 0.30234375 0.0453125 0.0828125
3.0 0.86796875 0.64375 0.0515625 0.05625
3.0 0.8921875 0.68359375 0.0625 0.0171875
3.0 0.82265625 0.65703125 0.0265625 0.0234375
3.0 0.6765625 0.5671875 0.04375 0.053125
3.0 0.35 0.5296875 0.096875 0.090625
3.0 0.35390625 0.575 0.2671875 0.08125
3.0 0.296875 0.6546875 0.31875 0.09375
3.0 0.48984375 0.6359375 0.0390625 0.040625
3.0 0.496875 0.675 0.03125 0.034375
3.0 0.5875 0.65625 0.078125 0.05
3.0 0.63203125 0.70390625 0.0984375 0.0515625
3.0 0.16796875 0.56484375 0.0921875 0.0578125
3.0 0.028125 0.43203125 0.05625 0.0296875
3.0 0.0203125 0.3546875 0.034375 0.046875
3.0 0.48984375 0.340625 0.0140625 0.040625
3.0 0.47421875 0.278125 0.0265625 0.021875
3.0 0.471875 0.2375 0.021875 0.03125
3.0 0.925 0.7703125 0.1 0.059375
3.0 0.84765625 0.9328125 0.1609375 0.121875
3.0 0.6234375 0.94921875 0.053125 0.0578125
3.0 0.69765625 0.91171875 0.0546875 0.0390625
3.0 0.4953125 0.921875 0.040625 0.040625
3.0 0.346875 0.87421875 0.071875 0.0265625
3.0 0.2453125 0.93984375 0.040625 0.0328125
3.0 0.0296875 0.6109375 0.059375 0.05625
3.0 0.34375 0.73515625 0.0375 0.0390625
