4.0 0.31640625 0.596875 0.6328125 0.33125
4.0 0.83828125 0.69140625 0.3234375 0.3890625
3.0 0.8578125 0.82421875 0.2 0.0890625
3.0 0.9671875 0.7109375 0.065625 0.20625
3.0 0.75 0.76953125 0.078125 0.0421875
3.0 0.23359375 0.73359375 0.4140625 0.0921875
3.0 0.55703125 0.70546875 0.0796875 0.0546875
3.0 0.64609375 0.95 0.2421875 0.1
4.0 0.12578125 0.02265625 0.2515625 0.0453125
4.0 0.67265625 0.02890625 0.1765625 0.0578125
4.0 0.8890625 0.31015625 0.221875 0.1609375
4.0 0.9609375 0.21953125 0.078125 0.1109375
3.0 0.9359375 0.32109375 0.103125 0.0453125
3.0 0.99140625 0.215625 0.0171875 0.04375
4.0 0.86640625 0.42734375 0.2609375 0.1671875
4.0 0.68046875 0.39609375 0.0890625 0.1109375
