4.0 0.6890625 0.1546875 0.621875 0.309375
4.0 0.11953125 0.259375 0.2171875 0.225
4.0 0.6453125 0.69609375 0.39375 0.3734375
4.0 0.23671875 0.58046875 0.1984375 0.2484375
4.0 0.07890625 0.70234375 0.1578125 0.5953125
3.0 0.271875 0.01171875 0.059375 0.0234375
3.0 0.35625 0.20078125 0.065625 0.0640625
3.0 0.128125 0.42734375 0.084375 0.0390625
3.0 0.05 0.6015625 0.053125 0.13125
3.0 0.1328125 0.54921875 0.040625 0.1140625
3.0 0.2359375 0.65 0.1375 0.053125
3.0 0.5703125 0.625 0.05625 0.078125
3.0 0.6484375 0.63984375 0.0625 0.1109375
3.0 0.525 0.5515625 0.071875 0.0625
3.0 0.7765625 0.67265625 0.109375 0.0921875
3.0 0.72421875 0.72890625 0.0359375 0.0765625
3.0 0.67890625 0.78046875 0.0859375 0.0484375
3.0 0.5609375 0.7328125 0.0875 0.059375
