7.0 0.57265625 0.03984375 0.2265625 0.0796875
7.0 0.7125 0.0453125 0.121875 0.090625
7.0 0.4296875 0.3734375 0.25625 0.34375
7.0 0.6078125 0.2984375 0.08125 0.10625
7.0 0.66953125 0.28359375 0.0890625 0.1203125
7.0 0.79921875 0.27421875 0.1234375 0.1640625
7.0 0.88046875 0.2 0.1890625 0.25
7.0 0.9109375 0.35078125 0.178125 0.3453125
7.0 0.7 0.540625 0.346875 0.465625
7.0 0.55390625 0.13203125 0.0546875 0.0734375
7.0 0.2453125 0.64140625 0.246875 0.3296875
7.0 0.5046875 0.11015625 0.0625 0.0828125
7.0 0.6578125 0.08125 0.090625 0.11875
