4.0 0.24609375 0.41796875 0.4921875 0.3765625
4.0 0.540625 0.5453125 0.384375 0.265625
4.0 0.7390625 0.65703125 0.5 0.1828125
4.0 0.59453125 0.821875 0.5015625 0.225
4.0 0.11015625 0.85546875 0.2203125 0.2890625
3.0 0.23671875 0.51953125 0.0984375 0.1546875
3.0 0.075 0.56328125 0.0875 0.0984375
3.0 0.44375 0.58359375 0.1125 0.0765625
3.0 0.5734375 0.50859375 0.159375 0.0984375
3.0 0.40859375 0.75546875 0.0734375 0.0546875
3.0 0.540625 0.82734375 0.125 0.1046875
3.0 0.6859375 0.725 0.215625 0.04375
7.0 0.2390625 0.7703125 0.08125 0.1
