4.0 0.02109375 0.88359375 0.0421875 0.1234375
3.0 0.321875 0.9453125 0.059375 0.04375
3.0 0.6375 0.81171875 0.040625 0.0828125
3.0 0.3515625 0.6859375 0.06875 0.01875
3.0 0.39296875 0.66171875 0.0390625 0.0171875
3.0 0.5296875 0.6015625 0.034375 0.025
4.0 0.084375 0.7515625 0.1125 0.10625
3.0 0.1078125 0.4609375 0.071875 0.028125
3.0 0.45234375 0.5609375 0.0703125 0.021875
3.0 0.40078125 0.61640625 0.0671875 0.0265625
3.0 0.47109375 0.59609375 0.0546875 0.0265625
3.0 0.69921875 0.6125 0.0671875 0.015625
3.0 0.7015625 0.6875 0.040625 0.04375
3.0 0.18828125 0.4671875 0.0484375 0.04375
7.0 0.16484375 0.05703125 0.0984375 0.0453125
3.0 0.953125 0.16328125 0.01875 0.0234375
3.0 0.9671875 0.23671875 0.065625 0.0359375
3.0 0.290625 0.3265625 0.025 0.028125
3.0 0.18046875 0.60234375 0.1078125 0.0484375
3.0 0.2421875 0.56953125 0.046875 0.0234375
3.0 0.478125 0.4359375 0.071875 0.04375
3.0 0.44765625 0.0265625 0.0171875 0.046875
