7.0 0.13984375 0.590625 0.1234375 0.05625
7.0 0.02421875 0.34765625 0.0484375 0.0703125
7.0 0.503125 0.57421875 0.13125 0.0828125
7.0 0.1546875 0.5109375 0.15 0.10625
7.0 0.3609375 0.70390625 0.109375 0.0640625
7.0 0.5765625 0.44765625 0.1 0.0671875
7.0 0.65234375 0.44453125 0.0234375 0.0703125
7.0 0.47578125 0.41015625 0.0703125 0.1203125
7.0 0.4328125 0.33046875 0.103125 0.0734375
7.0 0.51484375 0.34140625 0.0671875 0.0484375
7.0 0.59921875 0.35234375 0.0703125 0.0640625
7.0 0.35703125 0.27421875 0.0703125 0.0296875
3.0 0.7703125 0.45390625 0.078125 0.0328125
3.0 0.6703125 0.87421875 0.040625 0.0703125
