7.0 0.3828125 0.36640625 0.1625 0.0828125
7.0 0.65625 0.56875 0.1875 0.071875
7.0 0.6796875 0.32890625 0.1625 0.0890625
7.0 0.3890625 0.66171875 0.153125 0.0484375
7.0 0.30390625 0.69765625 0.1671875 0.0609375
7.0 0.28203125 0.28203125 0.0765625 0.0671875
7.0 0.4140625 0.2859375 0.075 0.065625
7.0 0.8765625 0.22578125 0.103125 0.1046875
7.0 0.86015625 0.40546875 0.1359375 0.2015625
7.0 0.8515625 0.5671875 0.065625 0.046875
7.0 0.778125 0.60859375 0.0625 0.0546875
7.0 0.4265625 0.5765625 0.046875 0.028125
7.0 0.29296875 0.484375 0.0828125 0.06875
