7.0 0.7828125 0.03984375 0.1375 0.0453125
7.0 0.8359375 0.07734375 0.10625 0.0296875
3.0 0.7390625 0.20546875 0.034375 0.0421875
3.0 0.74609375 0.16171875 0.0296875 0.0203125
7.0 0.45390625 0.31015625 0.2765625 0.1265625
7.0 0.51171875 0.5234375 0.0984375 0.084375
7.0 0.41328125 0.490625 0.0265625 0.028125
7.0 0.475 0.64140625 0.328125 0.1609375
7.0 0.06796875 0.72890625 0.0734375 0.1328125
3.0 0.55546875 0.8796875 0.0484375 0.040625
3.0 0.57890625 0.96484375 0.0671875 0.0703125
7.0 0.7765625 0.95546875 0.03125 0.0359375
7.0 0.78671875 0.9796875 0.0796875 0.03125
7.0 0.8125 0.25625 0.2375 0.09375
7.0 0.534375 0.05 0.078125 0.03125
7.0 0.55 0.43125 0.046875 0.028125
3.0 0.07890625 0.60703125 0.0546875 0.0546875
