4.0 0.28984375 0.4765625 0.4203125 0.571875
3.0 0.18828125 0.07109375 0.0703125 0.0984375
3.0 0.615625 0.37421875 0.0375 0.1265625
3.0 0.7375 0.66875 0.021875 0.06875
3.0 0.6703125 0.80859375 0.08125 0.1171875
7.0 0.63125 0.22109375 0.178125 0.1515625
7.0 0.79609375 0.26015625 0.1359375 0.2828125
7.0 0.95078125 0.30234375 0.0984375 0.1796875
7.0 0.9515625 0.5140625 0.096875 0.215625
7.0 0.84609375 0.08359375 0.1328125 0.1546875
7.0 0.96640625 0.103125 0.0671875 0.184375
3.0 0.3875 0.05078125 0.075 0.0640625
3.0 0.55703125 0.515625 0.0703125 0.05625
4.0 0.73203125 0.43203125 0.0609375 0.0796875
4.0 0.809375 0.67421875 0.16875 0.1203125
4.0 0.421875 0.078125 0.19375 0.15
4.0 0.1390625 0.0984375 0.225 0.190625
