3.0 0.43359375 0.45 0.1671875 0.153125
3.0 0.38515625 0.66875 0.1453125 0.09375
3.0 0.22109375 0.6140625 0.1796875 0.071875
3.0 0.26640625 0.69609375 0.1015625 0.0546875
3.0 0.4640625 0.79296875 0.109375 0.0921875
3.0 0.871875 0.63203125 0.25625 0.3171875
3.0 0.6671875 0.5390625 0.16875 0.184375
3.0 0.80859375 0.4359375 0.1109375 0.05
3.0 0.165625 0.7546875 0.084375 0.090625
3.0 0.92421875 0.89765625 0.1484375 0.0921875
3.0 0.040625 0.94296875 0.065625 0.0953125
3.0 0.2140625 0.9765625 0.08125 0.04375
3.0 0.33984375 0.965625 0.0734375 0.05625
3.0 0.5671875 0.271875 0.128125 0.109375
3.0 0.1375 0.1796875 0.11875 0.059375
3.0 0.19609375 0.2109375 0.1046875 0.121875
3.0 0.24921875 0.34453125 0.0515625 0.0453125
3.0 0.6515625 0.82109375 0.075 0.0765625
3.0 0.715625 0.69140625 0.10625 0.0796875
3.0 0.78046875 0.740625 0.0421875 0.040625
3.0 0.94453125 0.42578125 0.1078125 0.1046875
3.0 0.8734375 0.32578125 0.23125 0.1171875
