6.0 0.43515625 0.57890625 0.1453125 0.2265625
3.0 0.378125 0.37890625 0.028125 0.1140625
3.0 0.42734375 0.4921875 0.0546875 0.0375
6.0 0.49609375 0.53671875 0.0421875 0.0828125
6.0 0.46875 0.47265625 0.0375 0.0390625
6.0 0.5 0.71796875 0.121875 0.1140625
5.0 0.53828125 0.4203125 0.0765625 0.0625
6.0 0.50625 0.43984375 0.05625 0.0484375
7.0 0.95390625 0.6859375 0.0484375 0.040625
7.0 0.48203125 0.09453125 0.0359375 0.1171875
7.0 0.4359375 0.03046875 0.03125 0.0515625
3.0 0.43671875 0.06171875 0.0171875 0.0390625
7.0 0.81640625 0.034375 0.0859375 0.046875
5.0 0.625 0.49609375 0.09375 0.0953125
6.0 0.4875 0.41953125 0.0875 0.0578125
3.0 0.428125 0.4203125 0.021875 0.046875
