3.0 0.24609375 0.321875 0.0390625 0.0625
3.0 0.25625 0.83046875 0.05 0.0421875
3.0 0.53203125 0.11953125 0.0328125 0.0421875
3.0 0.6671875 0.6328125 0.040625 0.046875
3.0 0.734375 0.6140625 0.06875 0.0875
3.0 0.79453125 0.45234375 0.0328125 0.0453125
3.0 0.82890625 0.796875 0.0359375 0.04375
3.0 0.8796875 0.8078125 0.03125 0.05625
3.0 0.85234375 0.8484375 0.0296875 0.078125
3.0 0.4921875 0.94609375 0.025 0.0234375
3.0 0.48671875 0.6578125 0.0515625 0.05625
3.0 0.4640625 0.70390625 0.025 0.0296875
3.0 0.18984375 0.5765625 0.0359375 0.0375
3.0 0.175 0.69375 0.01875 0.0375
3.0 0.43671875 0.73203125 0.0109375 0.0203125
3.0 0.4515625 0.4640625 0.025 0.0375
3.0 0.5 0.5171875 0.015625 0.015625
3.0 0.57890625 0.43828125 0.0359375 0.0390625
3.0 0.64375 0.31328125 0.0125 0.0296875
