7.0 0.79609375 0.69140625 0.0828125 0.2328125
7.0 0.76875 0.50703125 0.171875 0.1421875
7.0 0.27578125 0.85625 0.1359375 0.175
7.0 0.4546875 0.7234375 0.2875 0.121875
7.0 0.0453125 0.5984375 0.084375 0.10625
7.0 0.0890625 0.4703125 0.165625 0.121875
7.0 0.19609375 0.3953125 0.1703125 0.165625
7.0 0.23671875 0.31015625 0.0765625 0.0828125
7.0 0.06328125 0.16796875 0.1109375 0.1671875
3.0 0.1671875 0.0890625 0.025 0.15
7.0 0.56875 0.36640625 0.18125 0.2203125
3.0 0.7703125 0.34765625 0.08125 0.0828125
7.0 0.9625 0.5015625 0.075 0.0375
7.0 0.4078125 0.30546875 0.0625 0.0484375
3.0 0.5140625 0.51015625 0.03125 0.0609375
7.0 0.45390625 0.4078125 0.0546875 0.05
7.0 0.5390625 0.1921875 0.121875 0.090625
7.0 0.13671875 0.83125 0.0953125 0.09375
