3.0 0.8890625 0.04453125 0.1375 0.0796875
3.0 0.2875 0.2296875 0.06875 0.065625
3.0 0.2046875 0.3125 0.096875 0.053125
3.0 0.58671875 0.2046875 0.0765625 0.10625
3.0 0.20078125 0.4578125 0.0390625 0.03125
3.0 0.81484375 0.49921875 0.0921875 0.0453125
3.0 0.96328125 0.52109375 0.0453125 0.0921875
3.0 0.7859375 0.55859375 0.103125 0.0390625
3.0 0.271875 0.50078125 0.04375 0.0328125
3.0 0.31328125 0.371875 0.0421875 0.03125
3.0 0.52734375 0.32421875 0.0890625 0.0515625
3.0 0.07578125 0.6140625 0.0609375 0.05625
3.0 0.1078125 0.525 0.134375 0.04375
3.0 0.17109375 0.57109375 0.0796875 0.0734375
3.0 0.30546875 0.63359375 0.0609375 0.1078125
3.0 0.19609375 0.6640625 0.1015625 0.0625
3.0 0.28359375 0.54609375 0.0421875 0.0359375
3.0 0.18515625 0.728125 0.1078125 0.034375
3.0 0.02578125 0.71640625 0.0515625 0.0421875
3.0 0.36015625 0.7734375 0.0484375 0.025
3.0 0.45859375 0.75625 0.0828125 0.03125
3.0 0.61640625 0.834375 0.0578125 0.065625
3.0 0.52421875 0.8328125 0.0734375 0.034375
3.0 0.471875 0.809375 0.034375 0.025
3.0 0.72890625 0.8046875 0.0703125 0.08125
3.0 0.90703125 0.6546875 0.0640625 0.05
3.0 0.73671875 0.865625 0.1890625 0.06875
3.0 0.5671875 0.94296875 0.078125 0.0390625
3.0 0.24765625 0.89453125 0.0296875 0.0328125
3.0 0.18828125 0.77421875 0.0390625 0.0296875
