3.0 0.4125 0.2421875 0.09375 0.1
3.0 0.315625 0.46328125 0.06875 0.0609375
3.0 0.9765625 0.1828125 0.046875 0.065625
3.0 0.9078125 0.0796875 0.184375 0.159375
3.0 0.88046875 0.74375 0.0640625 0.05625
3.0 0.99140625 0.82109375 0.0171875 0.0421875
3.0 0.05 0.821875 0.046875 0.05
3.0 0.096875 0.8 0.0375 0.065625
3.0 0.01328125 0.859375 0.0265625 0.025
3.0 0.015625 0.690625 0.03125 0.034375
3.0 0.01953125 0.740625 0.0390625 0.046875
3.0 0.334375 0.73828125 0.10625 0.0703125
3.0 0.9828125 0.36796875 0.034375 0.0765625
3.0 0.559375 0.29375 0.046875 0.0375
