4.0 0.92109375 0.38125 0.1578125 0.284375
4.0 0.79609375 0.35078125 0.1203125 0.2953125
3.0 0.98046875 0.42421875 0.0359375 0.0671875
3.0 0.88984375 0.33828125 0.0578125 0.0671875
7.0 0.81015625 0.59609375 0.3234375 0.1828125
7.0 0.87265625 0.73828125 0.2546875 0.2015625
7.0 0.57734375 0.3859375 0.2546875 0.2625
7.0 0.4359375 0.67265625 0.1875 0.1015625
7.0 0.00703125 0.621875 0.0140625 0.2875
3.0 0.79296875 0.3921875 0.0390625 0.034375
3.0 0.7703125 0.30390625 0.053125 0.0390625
4.0 0.60234375 0.7359375 0.1421875 0.1375
4.0 0.434375 0.59296875 0.165625 0.0921875
4.0 0.45546875 0.75390625 0.1328125 0.0671875
4.0 0.26875 0.76171875 0.146875 0.0921875
4.0 0.2171875 0.6359375 0.14375 0.071875
3.0 0.1234375 0.31796875 0.103125 0.0421875
3.0 0.1484375 0.79375 0.03125 0.03125
3.0 0.49375 0.28203125 0.040625 0.0234375
