2.0 0.34140625 0.703125 0.1796875 0.134375
2.0 0.7265625 0.053125 0.1375 0.10625
2.0 0.5640625 0.0453125 0.046875 0.065625
3.0 0.20859375 0.36171875 0.0359375 0.0890625
3.0 0.53515625 0.28046875 0.0609375 0.1453125
3.0 0.19375 0.809375 0.103125 0.090625
3.0 0.7578125 0.70859375 0.034375 0.0265625
2.0 0.2546875 0.11484375 0.053125 0.0484375
2.0 0.18515625 0.27578125 0.0578125 0.0765625
3.0 0.4 0.55546875 0.06875 0.0859375
3.0 0.365625 0.4234375 0.034375 0.06875
3.0 0.175 0.9515625 0.059375 0.096875
