4.0 0.0328125 0.078125 0.065625 0.046875
4.0 0.053125 0.1953125 0.046875 0.08125
4.0 0.1921875 0.11796875 0.15 0.0453125
3.0 0.27421875 0.00859375 0.0421875 0.0171875
3.0 0.38046875 0.215625 0.0984375 0.01875
3.0 0.98671875 0.025 0.0265625 0.040625
3.0 0.9296875 0.278125 0.028125 0.059375
3.0 0.8609375 0.39140625 0.034375 0.0296875
3.0 0.26953125 0.6984375 0.0421875 0.028125
3.0 0.25 0.64921875 0.015625 0.0265625
3.0 0.3484375 0.67421875 0.071875 0.0453125
3.0 0.44140625 0.696875 0.0421875 0.03125
3.0 0.2234375 0.64609375 0.025 0.0328125
3.0 0.02109375 0.78203125 0.0421875 0.0265625
3.0 0.0640625 0.80078125 0.046875 0.0265625
7.0 0.3984375 0.74765625 0.05625 0.0640625
7.0 0.26171875 0.68828125 0.0765625 0.1015625
3.0 0.16875 0.4578125 0.059375 0.059375
3.0 0.19140625 0.521875 0.0484375 0.08125
3.0 0.09296875 0.596875 0.0859375 0.0375
3.0 0.2265625 0.75625 0.053125 0.01875
3.0 0.215625 0.80625 0.021875 0.025
3.0 0.6390625 0.8 0.021875 0.040625
3.0 0.14375 0.9984375 0.025 0.003125
3.0 0.3453125 0.9609375 0.090625 0.046875
