7.0 0.33671875 0.0453125 0.0953125 0.090625
7.0 0.375 0.1046875 0.06875 0.046875
7.0 0.2515625 0.2453125 0.13125 0.15
7.0 0.41875 0.20703125 0.0625 0.0765625
7.0 0.10234375 0.3046875 0.2046875 0.13125
7.0 0.1109375 0.68359375 0.221875 0.2171875
7.0 0.04375 0.87265625 0.0875 0.2078125
3.0 0.2859375 0.7703125 0.128125 0.04375
7.0 0.61953125 0.3015625 0.0890625 0.10625
7.0 0.74375 0.27421875 0.11875 0.0890625
3.0 0.81484375 0.0375 0.0640625 0.075
7.0 0.55234375 0.08828125 0.0609375 0.0828125
7.0 0.625 0.11484375 0.084375 0.1234375
7.0 0.73203125 0.15 0.0796875 0.10625
