7.0 0.596875 0.396875 0.178125 0.103125
7.0 0.275 0.06171875 0.159375 0.0578125
7.0 0.85703125 0.3359375 0.0515625 0.0625
7.0 0.47265625 0.51171875 0.1109375 0.1765625
3.0 0.36328125 0.509375 0.0453125 0.0375
7.0 0.409375 0.66953125 0.08125 0.1734375
7.0 0.33359375 0.5609375 0.1921875 0.04375
7.0 0.31484375 0.50859375 0.0390625 0.0203125
7.0 0.23359375 0.6140625 0.1421875 0.053125
7.0 0.1109375 0.6703125 0.05 0.0375
7.0 0.04140625 0.65234375 0.0578125 0.0359375
7.0 0.0796875 0.5203125 0.096875 0.06875
7.0 0.1203125 0.3859375 0.06875 0.08125
7.0 0.2 0.278125 0.08125 0.08125
7.0 0.1421875 0.146875 0.053125 0.059375
7.0 0.12421875 0.21796875 0.0640625 0.0734375
7.0 0.059375 0.15 0.0625 0.08125
7.0 0.11171875 0.03828125 0.0234375 0.0203125
7.0 0.109375 0.0703125 0.028125 0.028125
7.0 0.40703125 0.41953125 0.0796875 0.0421875
3.0 0.6609375 0.9390625 0.03125 0.0375
7.0 0.3390625 0.2671875 0.121875 0.128125
