7.0 0.16953125 0.553125 0.3390625 0.2375
7.0 0.34296875 0.48125 0.1609375 0.10625
7.0 0.44921875 0.4125 0.3015625 0.19375
7.0 0.37265625 0.67421875 0.2015625 0.1703125
7.0 0.29765625 0.33671875 0.1265625 0.0953125
7.0 0.5875 0.39140625 0.196875 0.1328125
7.0 0.59921875 0.5890625 0.1109375 0.071875
7.0 0.65234375 0.6640625 0.2078125 0.184375
7.0 0.77421875 0.55703125 0.1453125 0.1140625
7.0 0.88984375 0.64296875 0.2203125 0.2140625
7.0 0.94453125 0.73125 0.1109375 0.21875
7.0 0.97578125 0.46484375 0.0484375 0.2484375
7.0 0.8828125 0.3828125 0.1125 0.1
