7.0 0.4625 0.8484375 0.159375 0.115625
7.0 0.64765625 0.865625 0.0859375 0.075
7.0 0.740625 0.8109375 0.04375 0.0375
7.0 0.81953125 0.80703125 0.1078125 0.1109375
7.0 0.68515625 0.746875 0.0609375 0.0625
7.0 0.6984375 0.62421875 0.159375 0.1484375
7.0 0.47421875 0.69609375 0.0984375 0.1015625
7.0 0.28671875 0.65625 0.1984375 0.14375
7.0 0.46328125 0.5578125 0.1046875 0.121875
7.0 0.28828125 0.54296875 0.1453125 0.0796875
7.0 0.3765625 0.5546875 0.071875 0.04375
7.0 0.34296875 0.490625 0.0828125 0.034375
7.0 0.45234375 0.46953125 0.0796875 0.0515625
7.0 0.56015625 0.453125 0.1015625 0.05625
7.0 0.55 0.56484375 0.05625 0.0890625
7.0 0.2453125 0.40546875 0.225 0.0796875
7.0 0.35078125 0.290625 0.1296875 0.10625
7.0 0.415625 0.33984375 0.08125 0.1328125
