3.0 0.315625 0.69765625 0.05625 0.0390625
3.0 0.3625 0.62109375 0.1 0.0578125
3.0 0.3015625 0.54296875 0.115625 0.0765625
3.0 0.31171875 0.45078125 0.1703125 0.1046875
3.0 0.4375 0.421875 0.0375 0.121875
3.0 0.31953125 0.31328125 0.0828125 0.0703125
3.0 0.19765625 0.190625 0.0734375 0.059375
3.0 0.1984375 0.2890625 0.034375 0.065625
3.0 0.2734375 0.240625 0.06875 0.05625
3.0 0.03046875 0.26875 0.0609375 0.059375
3.0 0.0203125 0.32109375 0.040625 0.0609375
3.0 0.14921875 0.6578125 0.0859375 0.0375
3.0 0.43984375 0.8453125 0.0453125 0.05625
3.0 0.60390625 0.76171875 0.0890625 0.0578125
4.0 0.71484375 0.61171875 0.4078125 0.2203125
3.0 0.73828125 0.63984375 0.1671875 0.0453125
3.0 0.86796875 0.56875 0.1046875 0.1125
3.0 0.909375 0.2953125 0.1375 0.115625
3.0 0.83203125 0.384375 0.0546875 0.059375
3.0 0.96796875 0.5671875 0.0640625 0.065625
3.0 0.67734375 0.17890625 0.0609375 0.0359375
3.0 0.64375 0.14375 0.034375 0.028125
3.0 0.4625 0.2671875 0.08125 0.040625
