3.0 0.67578125 0.6125 0.0921875 0.06875
7.0 0.51796875 0.5390625 0.3515625 0.403125
3.0 0.54765625 0.64140625 0.0703125 0.0734375
3.0 0.5390625 0.71875 0.059375 0.028125
7.0 0.35625 0.3703125 0.153125 0.10625
7.0 0.2515625 0.59453125 0.153125 0.0953125
7.0 0.29453125 0.53515625 0.0640625 0.0640625
7.0 0.18046875 0.73203125 0.2296875 0.1828125
7.0 0.12109375 0.4328125 0.1515625 0.09375
7.0 0.9328125 0.34921875 0.134375 0.1296875
3.0 0.7921875 0.26875 0.134375 0.09375
3.0 0.5421875 0.21640625 0.059375 0.0578125
