7.0 0.55234375 0.478125 0.1890625 0.146875
7.0 0.8578125 0.6546875 0.215625 0.228125
3.0 0.97109375 0.740625 0.0359375 0.13125
3.0 0.2 0.86640625 0.109375 0.0953125
3.0 0.084375 0.7578125 0.05625 0.078125
7.0 0.38359375 0.790625 0.0671875 0.0875
7.0 0.40703125 0.58671875 0.0984375 0.1296875
3.0 0.0703125 0.47578125 0.128125 0.0921875
7.0 0.79453125 0.16875 0.0984375 0.103125
7.0 0.95 0.265625 0.1 0.1375
7.0 0.740625 0.353125 0.0625 0.059375
7.0 0.83359375 0.43515625 0.0890625 0.0671875
3.0 0.76171875 0.0546875 0.0984375 0.109375
7.0 0.2703125 0.771875 0.084375 0.09375
7.0 0.2578125 0.8609375 0.0375 0.090625
3.0 0.55703125 0.97109375 0.0484375 0.0515625
7.0 0.86640625 0.9125 0.1421875 0.084375
7.0 0.71953125 0.7296875 0.0578125 0.08125
7.0 0.52734375 0.609375 0.1046875 0.090625
7.0 0.628125 0.65703125 0.0375 0.0328125
7.0 0.275 0.65 0.115625 0.109375
3.0 0.340625 0.28046875 0.034375 0.0421875
3.0 0.425 0.5 0.0375 0.040625
