7.0 0.33359375 0.43203125 0.1390625 0.2203125
7.0 0.44140625 0.446875 0.0703125 0.190625
7.0 0.47734375 0.2546875 0.1390625 0.19375
7.0 0.571875 0.29140625 0.08125 0.2609375
7.0 0.7828125 0.271875 0.21875 0.21875
7.0 0.6640625 0.4953125 0.1375 0.1375
7.0 0.4265625 0.71953125 0.040625 0.0734375
7.0 0.45625 0.68671875 0.03125 0.1390625
7.0 0.11328125 0.39609375 0.0859375 0.0734375
7.0 0.16953125 0.28828125 0.0609375 0.1765625
7.0 0.4203125 0.91328125 0.071875 0.1703125
7.0 0.11640625 0.5984375 0.0453125 0.06875
7.0 0.20546875 0.509375 0.0890625 0.0625
