4.0 0.52890625 0.1921875 0.6921875 0.384375
3.0 0.559375 0.196875 0.3375 0.1375
3.0 0.72890625 0.33046875 0.0953125 0.0734375
3.0 0.0796875 0.0375 0.090625 0.06875
3.0 0.22890625 0.0890625 0.0703125 0.115625
4.0 0.57109375 0.50234375 0.4890625 0.1796875
4.0 0.9171875 0.39765625 0.165625 0.1203125
3.0 0.14296875 0.6546875 0.2828125 0.29375
3.0 0.10390625 0.8453125 0.1890625 0.103125
3.0 0.31015625 0.94140625 0.3359375 0.1109375
3.0 0.61953125 0.778125 0.1578125 0.090625
3.0 0.65546875 0.4734375 0.2515625 0.1125
3.0 0.2375 0.41015625 0.06875 0.0828125
3.0 0.3265625 0.6984375 0.146875 0.24375
