7.0 0.52734375 0.4203125 0.0796875 0.090625
7.0 0.52265625 0.5875 0.2890625 0.134375
3.0 0.71171875 0.659375 0.1765625 0.11875
3.0 0.2171875 0.734375 0.13125 0.1625
3.0 0.03671875 0.70859375 0.0546875 0.0734375
7.0 0.42890625 0.19765625 0.1171875 0.0703125
7.0 0.80703125 0.271875 0.1796875 0.0875
7.0 0.609375 0.15703125 0.13125 0.1171875
7.0 0.80859375 0.378125 0.0828125 0.075
3.0 0.3359375 0.365625 0.15 0.034375
3.0 0.32109375 0.41328125 0.1296875 0.0328125
3.0 0.27890625 0.63125 0.0953125 0.046875
3.0 0.36875 0.609375 0.034375 0.103125
3.0 0.86015625 0.6265625 0.0734375 0.096875
3.0 0.90703125 0.71640625 0.0390625 0.0578125
7.0 0.70703125 0.0984375 0.0703125 0.078125
3.0 0.0359375 0.13125 0.071875 0.025
3.0 0.15078125 0.38125 0.0546875 0.053125
3.0 0.3671875 0.50625 0.046875 0.0625
7.0 0.0640625 0.42734375 0.05625 0.0546875
3.0 0.37734375 0.3265625 0.0734375 0.0625
3.0 0.49296875 0.309375 0.0734375 0.0625
3.0 0.2078125 0.2765625 0.06875 0.05
3.0 0.37578125 0.2734375 0.0796875 0.046875
