3.0 0.95546875 0.5359375 0.0703125 0.0375
7.0 0.94609375 0.47421875 0.0953125 0.0328125
7.0 0.4359375 0.396875 0.1125 0.10625
3.0 0.0375 0.32109375 0.075 0.0671875
3.0 0.3984375 0.134375 0.1 0.046875
3.0 0.79609375 0.19609375 0.0453125 0.0234375
3.0 0.51171875 0.6375 0.0890625 0.028125
3.0 0.32265625 0.45234375 0.0890625 0.0453125
7.0 0.12890625 0.4453125 0.1359375 0.03125
3.0 0.61328125 0.85546875 0.0640625 0.0421875
3.0 0.075 0.76328125 0.05625 0.0171875
7.0 0.04296875 0.70234375 0.0546875 0.0546875
