5.0 0.509375 0.4140625 0.078125 0.046875
5.0 0.50234375 0.25 0.1203125 0.203125
5.0 0.61328125 0.26171875 0.0890625 0.1671875
5.0 0.41953125 0.41484375 0.0453125 0.0328125
5.0 0.50390625 0.65546875 0.2734375 0.3921875
5.0 0.60703125 0.45078125 0.2109375 0.1859375
3.0 0.4234375 0.6046875 0.09375 0.09375
5.0 0.31328125 0.3703125 0.1484375 0.1
5.0 0.27734375 0.50078125 0.0953125 0.1140625
5.0 0.18984375 0.628125 0.1171875 0.084375
3.0 0.66875 0.82421875 0.175 0.0640625
3.0 0.71875 0.7359375 0.14375 0.1375
3.0 0.46328125 0.9421875 0.2546875 0.109375
3.0 0.16171875 0.5078125 0.1015625 0.115625
3.0 0.06171875 0.3875 0.1015625 0.15
3.0 0.89609375 0.5296875 0.0765625 0.08125
3.0 0.6078125 0.02578125 0.29375 0.0484375
3.0 0.78984375 0.8796875 0.0890625 0.06875
