3.0 0.11015625 0.9296875 0.1015625 0.04375
3.0 0.1015625 0.85859375 0.075 0.0390625
3.0 0.1359375 0.5859375 0.128125 0.071875
3.0 0.23203125 0.64296875 0.0296875 0.0515625
7.0 0.45546875 0.6234375 0.1703125 0.121875
7.0 0.39921875 0.55859375 0.1359375 0.0640625
7.0 0.6296875 0.55625 0.128125 0.053125
7.0 0.6515625 0.4515625 0.09375 0.078125
7.0 0.4328125 0.46875 0.103125 0.078125
7.0 0.5453125 0.30859375 0.1625 0.2203125
7.0 0.034375 0.5234375 0.06875 0.090625
3.0 0.3609375 0.8421875 0.05625 0.01875
3.0 0.58359375 0.84296875 0.0484375 0.0453125
