3.0 0.49140625 0.1328125 0.0453125 0.06875
3.0 0.77890625 0.97578125 0.0421875 0.0359375
3.0 0.74765625 0.93203125 0.0265625 0.0515625
3.0 0.75390625 0.8796875 0.0390625 0.040625
7.0 0.50078125 0.33046875 0.1296875 0.2234375
7.0 0.36328125 0.47578125 0.1953125 0.0609375
7.0 0.5171875 0.48828125 0.05 0.0265625
7.0 0.6265625 0.5140625 0.240625 0.09375
3.0 0.8109375 0.50703125 0.059375 0.0328125
7.0 0.56796875 0.66640625 0.2203125 0.0796875
7.0 0.515625 0.58671875 0.071875 0.0328125
7.0 0.3484375 0.64375 0.1 0.03125
7.0 0.29453125 0.57265625 0.1484375 0.0546875
