4.0 0.396875 0.36328125 0.559375 0.1703125
4.0 0.40546875 0.0921875 0.3078125 0.146875
4.0 0.265625 0.84296875 0.371875 0.2171875
4.0 0.6125 0.75703125 0.31875 0.2421875
4.0 0.16328125 0.496875 0.2765625 0.228125
4.0 0.45703125 0.51171875 0.2921875 0.1203125
3.0 0.7421875 0.55703125 0.103125 0.0765625
4.0 0.85390625 0.4546875 0.1296875 0.08125
4.0 0.8125 0.49453125 0.08125 0.0734375
4.0 0.88203125 0.6171875 0.1640625 0.065625
4.0 0.57109375 0.8796875 0.2859375 0.171875
3.0 0.08125 0.6546875 0.08125 0.053125
4.0 0.684375 0.0546875 0.196875 0.1
4.0 0.83671875 0.10859375 0.2140625 0.0796875
4.0 0.92265625 0.2578125 0.1546875 0.084375
4.0 0.60234375 0.23125 0.1578125 0.084375
3.0 0.471875 0.2453125 0.03125 0.05
3.0 0.28359375 0.3234375 0.0921875 0.053125
3.0 0.2984375 0.121875 0.084375 0.053125
3.0 0.3890625 0.0765625 0.0875 0.06875
3.0 0.403125 0.1375 0.05625 0.025
3.0 0.51640625 0.0953125 0.0671875 0.040625
3.0 0.50625 0.04609375 0.06875 0.0484375
3.0 0.22578125 0.89921875 0.1046875 0.0890625
3.0 0.2671875 0.8140625 0.134375 0.065625
3.0 0.65390625 0.74140625 0.0765625 0.0734375
3.0 0.5046875 0.5359375 0.134375 0.040625
3.0 0.37734375 0.56328125 0.0953125 0.0890625
3.0 0.48984375 0.496875 0.1734375 0.059375
3.0 0.4875 0.72890625 0.046875 0.0453125
