4.0 0.70234375 0.35625 0.5859375 0.24375
3.0 0.86796875 0.39609375 0.1796875 0.0984375
3.0 0.88515625 0.67109375 0.2109375 0.1234375
3.0 0.45234375 0.57890625 0.2078125 0.0703125
3.0 0.290625 0.7390625 0.225 0.16875
3.0 0.05234375 0.5578125 0.0984375 0.0625
3.0 0.43984375 0.48046875 0.1859375 0.0578125
3.0 0.2796875 0.39765625 0.084375 0.0703125
3.0 0.27421875 0.51015625 0.1203125 0.1015625
3.0 0.2234375 0.91953125 0.125 0.1046875
3.0 0.81171875 0.86796875 0.1390625 0.0859375
3.0 0.67578125 0.88359375 0.1140625 0.0515625
3.0 0.3671875 0.896875 0.08125 0.140625
3.0 0.58359375 0.9765625 0.1453125 0.046875
4.0 0.84296875 0.06171875 0.1640625 0.1203125
4.0 0.675 0.06640625 0.0875 0.1296875
3.0 0.5140625 0.078125 0.121875 0.10625
3.0 0.45234375 0.171875 0.1046875 0.05625
3.0 0.57265625 0.18515625 0.1703125 0.0515625
3.0 0.3765625 0.11171875 0.059375 0.0640625
3.0 0.05078125 0.21171875 0.0828125 0.0359375
3.0 0.46640625 0.33984375 0.0640625 0.0265625
3.0 0.86328125 0.83828125 0.0765625 0.0484375
