4.0 0.10234375 0.4234375 0.2046875 0.153125
7.0 0.08828125 0.2765625 0.0953125 0.06875
7.0 0.17109375 0.25234375 0.1953125 0.1390625
7.0 0.21953125 0.32734375 0.2078125 0.1359375
7.0 0.2640625 0.33046875 0.125 0.0859375
7.0 0.46796875 0.3953125 0.1078125 0.075
7.0 0.609375 0.90703125 0.121875 0.0921875
7.0 0.63359375 0.97734375 0.1015625 0.0453125
7.0 0.9875 0.6375 0.025 0.140625
7.0 0.79765625 0.63359375 0.1859375 0.1453125
7.0 0.84296875 0.46796875 0.1703125 0.1234375
7.0 0.9140625 0.40390625 0.121875 0.0921875
7.0 0.6296875 0.6171875 0.059375 0.046875
7.0 0.375 0.684375 0.165625 0.128125
7.0 0.203125 0.75234375 0.2125 0.1453125
7.0 0.10390625 0.67265625 0.1796875 0.1390625
7.0 0.0796875 0.59453125 0.159375 0.1421875
