3.0 0.278125 0.22578125 0.184375 0.1953125
3.0 0.0125 0.48359375 0.025 0.1421875
7.0 0.46640625 0.63671875 0.2078125 0.3546875
7.0 0.1390625 0.63984375 0.115625 0.1765625
7.0 0.2453125 0.73046875 0.06875 0.1015625
7.0 0.35078125 0.60234375 0.1703125 0.3296875
3.0 0.40390625 0.55 0.0890625 0.15
3.0 0.6796875 0.971875 0.178125 0.05625
7.0 0.0734375 0.7734375 0.08125 0.084375
7.0 0.228125 0.84921875 0.125 0.1265625
7.0 0.4046875 0.8796875 0.096875 0.1125
3.0 0.39765625 0.95546875 0.0734375 0.0828125
7.0 0.5125 0.890625 0.090625 0.090625
3.0 0.98203125 0.528125 0.0359375 0.0625
