2.0 0.6796875 0.58984375 0.125 0.0953125
2.0 0.4109375 0.11875 0.096875 0.10625
2.0 0.5328125 0.05234375 0.05 0.0484375
2.0 0.52421875 0.12890625 0.0328125 0.0453125
3.0 0.7734375 0.3515625 0.025 0.0625
3.0 0.54453125 0.29375 0.0421875 0.103125
3.0 0.7828125 0.6640625 0.071875 0.0625
3.0 0.05625 0.37109375 0.025 0.0359375
3.0 0.01015625 0.6109375 0.0171875 0.046875
3.0 0.38828125 0.59375 0.0234375 0.01875
2.0 0.740625 0.178125 0.0375 0.034375
2.0 0.78984375 0.290625 0.0390625 0.053125
3.0 0.63984375 0.48671875 0.0484375 0.0609375
3.0 0.66328125 0.39375 0.0234375 0.046875
3.0 0.79609375 0.775 0.0421875 0.090625
