7.0 0.1390625 0.29609375 0.278125 0.1765625
7.0 0.10703125 0.13515625 0.1640625 0.1484375
3.0 0.11953125 0.084375 0.0484375 0.04375
7.0 0.2046875 0.11640625 0.046875 0.0390625
7.0 0.3421875 0.0515625 0.09375 0.078125
7.0 0.2546875 0.38125 0.078125 0.05
3.0 0.046875 0.5421875 0.06875 0.05625
3.0 0.00234375 0.51796875 0.0046875 0.0234375
3.0 0.45078125 0.4921875 0.0484375 0.046875
3.0 0.85546875 0.4 0.0515625 0.0375
3.0 0.79765625 0.43359375 0.0390625 0.0234375
3.0 0.61015625 0.103125 0.0421875 0.034375
7.0 0.278125 0.2703125 0.05 0.05
7.0 0.4625 0.196875 0.05625 0.040625
7.0 0.17109375 0.47578125 0.1015625 0.0890625
7.0 0.3 0.4375 0.078125 0.065625
7.0 0.290625 0.67265625 0.08125 0.0578125
7.0 0.56640625 0.56015625 0.0609375 0.0515625
7.0 0.503125 0.525 0.053125 0.04375
3.0 0.559375 0.58125 0.103125 0.096875
3.0 0.1 0.72109375 0.05 0.0421875
3.0 0.1375 0.73984375 0.053125 0.0453125
3.0 0.19140625 0.83359375 0.0390625 0.0359375
3.0 0.15546875 0.88125 0.0484375 0.053125
3.0 0.2109375 0.9890625 0.034375 0.021875
7.0 0.56015625 0.890625 0.1921875 0.125
7.0 0.5625 0.74140625 0.171875 0.0984375
7.0 0.7640625 0.6671875 0.0875 0.05625
7.0 0.93125 0.56953125 0.1375 0.0921875
7.0 0.359375 0.84453125 0.125 0.0796875
7.0 0.66484375 0.79609375 0.1046875 0.0828125
3.0 0.6390625 0.6015625 0.034375 0.0375
7.0 0.5515625 0.6828125 0.1625 0.075
3.0 0.8390625 0.49921875 0.059375 0.0359375
3.0 0.71484375 0.60625 0.0515625 0.034375
7.0 0.78125 0.52109375 0.06875 0.0515625
7.0 0.83203125 0.45078125 0.1140625 0.0609375
7.0 0.75859375 0.50234375 0.0453125 0.0390625
7.0 0.74453125 0.41875 0.0578125 0.046875
7.0 0.76953125 0.3328125 0.1171875 0.0625
3.0 0.27734375 0.12890625 0.0515625 0.0296875
7.0 0.55546875 0.03203125 0.1578125 0.0640625
7.0 0.44765625 0.01171875 0.0484375 0.0234375
