3.0 0.2109375 0.83984375 0.065625 0.0546875
3.0 0.190625 0.81953125 0.03125 0.0390625
3.0 0.653125 0.80859375 0.121875 0.0859375
3.0 0.484375 0.73984375 0.065625 0.0703125
3.0 0.3921875 0.775 0.134375 0.165625
3.0 0.84453125 0.16015625 0.0984375 0.0546875
3.0 0.81015625 0.31796875 0.0765625 0.0640625
3.0 0.92890625 0.27109375 0.1015625 0.1140625
3.0 0.9546875 0.16953125 0.090625 0.0640625
3.0 0.4078125 0.15546875 0.0625 0.0390625
3.0 0.8078125 0.46875 0.09375 0.090625
3.0 0.940625 0.5390625 0.11875 0.040625
3.0 0.9390625 0.6453125 0.053125 0.059375
3.0 0.5390625 0.58125 0.109375 0.046875
3.0 0.42265625 0.2921875 0.0703125 0.053125
3.0 0.346875 0.5734375 0.075 0.078125
3.0 0.28203125 0.72890625 0.0890625 0.1515625
