7.0 0.53984375 0.396875 0.1921875 0.06875
7.0 0.53671875 0.4484375 0.1140625 0.03125
7.0 0.53359375 0.48359375 0.0390625 0.0390625
7.0 0.59453125 0.51015625 0.0984375 0.0328125
7.0 0.58828125 0.55703125 0.1796875 0.0578125
7.0 0.71171875 0.5390625 0.0296875 0.040625
7.0 0.71484375 0.7453125 0.0765625 0.10625
7.0 0.821875 0.70703125 0.075 0.1234375
3.0 0.07734375 0.54765625 0.1296875 0.0703125
3.0 0.1453125 0.88203125 0.1875 0.0671875
3.0 0.2765625 0.82109375 0.0625 0.0546875
3.0 0.6875 0.8484375 0.065625 0.128125
3.0 0.6296875 0.93125 0.0875 0.071875
3.0 0.934375 0.75703125 0.075 0.0890625
3.0 0.71953125 0.421875 0.0328125 0.034375
3.0 0.93984375 0.33984375 0.0234375 0.0828125
3.0 0.98046875 0.3296875 0.0390625 0.065625
3.0 0.05078125 0.2453125 0.0671875 0.0625
3.0 0.23046875 0.4 0.0515625 0.065625
3.0 0.46640625 0.59375 0.0671875 0.05625
3.0 0.296875 0.66484375 0.125 0.0421875
