3.0 0.8140625 0.228125 0.0875 0.13125
3.0 0.95 0.10390625 0.1 0.1546875
3.0 0.4421875 0.015625 0.175 0.03125
3.0 0.43515625 0.0890625 0.1359375 0.0875
4.0 0.35 0.48046875 0.18125 0.2546875
4.0 0.55703125 0.28046875 0.2109375 0.1765625
4.0 0.29296875 0.10078125 0.1921875 0.2015625
3.0 0.45078125 0.7015625 0.0328125 0.046875
3.0 0.5921875 0.71484375 0.08125 0.1171875
3.0 0.77265625 0.58671875 0.2296875 0.1640625
3.0 0.9296875 0.575 0.140625 0.071875
3.0 0.57265625 0.93359375 0.0609375 0.0671875
3.0 0.0734375 0.95078125 0.0875 0.0890625
