3.0 0.41875 0.5390625 0.171875 0.115625
3.0 0.753125 0.07265625 0.034375 0.0453125
3.0 0.58515625 0.33125 0.0421875 0.034375
3.0 0.61015625 0.5171875 0.1390625 0.040625
3.0 0.48671875 0.93359375 0.0453125 0.0296875
3.0 0.61171875 0.88984375 0.0703125 0.0390625
3.0 0.759375 0.671875 0.040625 0.0625
3.0 0.26796875 0.5375 0.0671875 0.034375
3.0 0.20078125 0.5703125 0.0671875 0.053125
3.0 0.6953125 0.60546875 0.04375 0.0515625
3.0 0.2296875 0.5015625 0.03125 0.059375
3.0 0.2875 0.3953125 0.046875 0.046875
3.0 0.34375 0.4171875 0.03125 0.015625
3.0 0.38359375 0.36640625 0.0890625 0.0578125
3.0 0.41875 0.40859375 0.06875 0.0296875
3.0 0.21875 0.265625 0.046875 0.05625
7.0 0.97578125 0.17421875 0.0484375 0.0453125
