3.0 0.10546875 0.20625 0.1828125 0.090625
3.0 0.3171875 0.3296875 0.096875 0.0625
3.0 0.06484375 0.3953125 0.1265625 0.05625
3.0 0.24453125 0.4390625 0.1140625 0.046875
7.0 0.596875 0.60859375 0.3125 0.2796875
3.0 0.33984375 0.88203125 0.2171875 0.1046875
3.0 0.23125 0.96875 0.159375 0.0625
7.0 0.5421875 0.45078125 0.184375 0.0703125
7.0 0.70078125 0.2453125 0.1609375 0.084375
7.0 0.56796875 0.26640625 0.1015625 0.1421875
3.0 0.46484375 0.06640625 0.0515625 0.0359375
3.0 0.7875 0.7703125 0.090625 0.078125
3.0 0.253125 0.61640625 0.140625 0.0890625
