7.0 0.6203125 0.67734375 0.30625 0.1421875
7.0 0.44453125 0.5953125 0.1796875 0.15625
7.0 0.29375 0.46953125 0.103125 0.1234375
7.0 0.49375 0.45390625 0.109375 0.0484375
7.0 0.56484375 0.37109375 0.1140625 0.1296875
7.0 0.684375 0.5390625 0.2875 0.1
7.0 0.840625 0.23515625 0.26875 0.1703125
7.0 0.93359375 0.44140625 0.1171875 0.0640625
7.0 0.96796875 0.53984375 0.0609375 0.0890625
3.0 0.23984375 0.615625 0.1265625 0.046875
3.0 0.31171875 0.36015625 0.1328125 0.0515625
3.0 0.2390625 0.3109375 0.071875 0.065625
3.0 0.11875 0.53125 0.053125 0.034375
3.0 0.14921875 0.86328125 0.1015625 0.0921875
3.0 0.04140625 0.84375 0.0828125 0.096875
3.0 0.03046875 0.971875 0.0484375 0.05625
3.0 0.16328125 0.93984375 0.0765625 0.0859375
3.0 0.4265625 0.98046875 0.075 0.0390625
3.0 0.3890625 0.92265625 0.078125 0.0453125
3.0 0.65234375 0.946875 0.0453125 0.046875
3.0 0.44765625 0.37109375 0.0703125 0.0390625
