3.0 0.559375 0.86171875 0.10625 0.0890625
3.0 0.453125 0.8765625 0.090625 0.071875
3.0 0.62578125 0.54453125 0.0609375 0.0953125
7.0 0.0953125 0.23984375 0.190625 0.4796875
7.0 0.81875 0.665625 0.259375 0.33125
7.0 0.99453125 0.73515625 0.0109375 0.1234375
7.0 0.94296875 0.27265625 0.1140625 0.1203125
7.0 0.96875 0.11484375 0.0625 0.2296875
7.0 0.56953125 0.0640625 0.1578125 0.128125
7.0 0.428125 0.16328125 0.175 0.3265625
7.0 0.728125 0.0421875 0.165625 0.084375
7.0 0.94765625 0.415625 0.1046875 0.115625
