3.0 0.3171875 0.5703125 0.14375 0.071875
3.0 0.240625 0.8421875 0.04375 0.01875
3.0 0.3328125 0.70859375 0.046875 0.0359375
3.0 0.45390625 0.859375 0.0640625 0.109375
3.0 0.39609375 0.88828125 0.0328125 0.1578125
3.0 0.48359375 0.7078125 0.0984375 0.06875
3.0 0.56953125 0.51953125 0.1515625 0.0640625
3.0 0.5484375 0.5796875 0.05625 0.0375
3.0 0.49296875 0.39375 0.0421875 0.034375
3.0 0.8125 0.11015625 0.05 0.1296875
3.0 0.7828125 0.22265625 0.06875 0.1171875
3.0 0.975 0.19296875 0.0375 0.0703125
3.0 0.60546875 0.7640625 0.0609375 0.04375
4.0 0.34140625 0.4890625 0.0546875 0.06875
