4.0 0.87109375 0.4734375 0.2578125 0.384375
4.0 0.32890625 0.4984375 0.4484375 0.3
3.0 0.83125 0.5203125 0.075 0.078125
3.0 0.92890625 0.5125 0.1015625 0.0375
3.0 0.97578125 0.60390625 0.0484375 0.1171875
3.0 0.9234375 0.22578125 0.0625 0.0765625
3.0 0.45625 0.27890625 0.1375 0.1296875
3.0 0.46171875 0.21484375 0.3828125 0.1140625
3.0 0.38125 0.1015625 0.45625 0.134375
3.0 0.65625 0.128125 0.05625 0.059375
3.0 0.665625 0.071875 0.04375 0.046875
3.0 0.7953125 0.09921875 0.1125 0.0703125
3.0 0.85859375 0.03359375 0.1390625 0.0671875
3.0 0.1953125 0.23046875 0.13125 0.0828125
3.0 0.01796875 0.41875 0.0359375 0.04375
3.0 0.0046875 0.5296875 0.009375 0.065625
3.0 0.65546875 0.55 0.0203125 0.059375
3.0 0.63359375 0.63828125 0.0390625 0.0296875
3.0 0.6296875 0.696875 0.03125 0.04375
3.0 0.02109375 0.16171875 0.0421875 0.0796875
3.0 0.446875 0.00625 0.053125 0.0125
