4.0 0.759375 0.1296875 0.334375 0.259375
7.0 0.89453125 0.28203125 0.1796875 0.1171875
7.0 0.53359375 0.4578125 0.3359375 0.2875
4.0 0.3515625 0.475 0.6875 0.203125
3.0 0.103125 0.48515625 0.159375 0.0578125
7.0 0.115625 0.403125 0.1 0.0625
7.0 0.4328125 0.16171875 0.159375 0.1046875
7.0 0.43671875 0.2984375 0.0640625 0.0625
7.0 0.56953125 0.30546875 0.0796875 0.0609375
4.0 0.2859375 0.10078125 0.334375 0.1921875
4.0 0.2515625 0.915625 0.465625 0.14375
7.0 0.578125 0.75703125 0.128125 0.0484375
7.0 0.70859375 0.69609375 0.0890625 0.0609375
7.0 0.57734375 0.846875 0.1359375 0.084375
7.0 0.6796875 0.8421875 0.05625 0.04375
7.0 0.703125 0.9453125 0.09375 0.040625
7.0 0.18125 0.68984375 0.103125 0.0671875
7.0 0.05234375 0.625 0.1046875 0.15
4.0 0.19609375 0.74453125 0.1109375 0.0515625
7.0 0.97890625 0.559375 0.0390625 0.13125
7.0 0.9484375 0.8671875 0.06875 0.05625
3.0 0.14609375 0.12265625 0.0421875 0.0265625
