7.0 0.7671875 0.83125 0.14375 0.140625
7.0 0.70859375 0.73046875 0.0671875 0.1109375
7.0 0.765625 0.903125 0.1375 0.184375
7.0 0.67734375 0.52109375 0.0734375 0.0640625
7.0 0.69765625 0.39140625 0.1203125 0.1078125
7.0 0.53203125 0.62890625 0.1234375 0.1890625
7.0 0.41796875 0.43984375 0.1109375 0.2109375
7.0 0.5234375 0.29296875 0.1125 0.0921875
7.0 0.42109375 0.27734375 0.1015625 0.1234375
4.0 0.46484375 0.65390625 0.1046875 0.1421875
7.0 0.47421875 0.540625 0.0890625 0.096875
3.0 0.30625 0.23984375 0.03125 0.0453125
3.0 0.25390625 0.1109375 0.0234375 0.078125
3.0 0.765625 0.1203125 0.04375 0.034375
