3.0 0.0921875 0.67265625 0.10625 0.0484375
7.0 0.24765625 0.65859375 0.1890625 0.1015625
7.0 0.34609375 0.68984375 0.0703125 0.0453125
7.0 0.18046875 0.521875 0.1515625 0.08125
7.0 0.2609375 0.5765625 0.0875 0.053125
7.0 0.328125 0.57265625 0.028125 0.0515625
7.0 0.40859375 0.53125 0.1015625 0.0625
3.0 0.43515625 0.475 0.2078125 0.084375
7.0 0.33359375 0.321875 0.1609375 0.11875
7.0 0.2875 0.2375 0.046875 0.059375
3.0 0.38125 0.19765625 0.096875 0.0484375
3.0 0.06015625 0.4046875 0.0359375 0.125
3.0 0.209375 0.3875 0.040625 0.090625
7.0 0.096875 0.078125 0.03125 0.01875
3.0 0.4265625 0.578125 0.05625 0.025
7.0 0.50703125 0.60078125 0.0453125 0.0421875
7.0 0.4796875 0.6265625 0.1 0.071875
7.0 0.521875 0.7 0.075 0.078125
3.0 0.18984375 0.13515625 0.0296875 0.0296875
7.0 0.49921875 0.371875 0.0359375 0.03125
7.0 0.440625 0.375 0.015625 0.028125
