5.0 0.0796875 0.38046875 0.159375 0.1578125
3.0 0.22578125 0.5609375 0.2171875 0.1625
4.0 0.49296875 0.4015625 0.3359375 0.234375
3.0 0.77890625 0.40546875 0.1046875 0.0765625
3.0 0.74140625 0.2375 0.1640625 0.11875
3.0 0.565625 0.3828125 0.0875 0.0625
3.0 0.6515625 0.1515625 0.06875 0.05
4.0 0.11484375 0.2 0.1640625 0.128125
5.0 0.27265625 0.3765625 0.1015625 0.075
5.0 0.3828125 0.33359375 0.221875 0.1671875
3.0 0.3359375 0.01796875 0.103125 0.0359375
7.0 0.971875 0.36953125 0.05625 0.0578125
3.0 0.52109375 0.28046875 0.0703125 0.0515625
5.0 0.34609375 0.228125 0.1609375 0.115625
5.0 0.21015625 0.4875 0.1640625 0.121875
