3.0 0.0984375 0.52578125 0.175 0.1171875
3.0 0.2109375 0.578125 0.0375 0.028125
3.0 0.22890625 0.45078125 0.0671875 0.0421875
3.0 0.44609375 0.51875 0.1265625 0.059375
3.0 0.5265625 0.4515625 0.040625 0.0375
3.0 0.42890625 0.44296875 0.1078125 0.0609375
3.0 0.5671875 0.125 0.040625 0.0375
3.0 0.5765625 0.10078125 0.025 0.0171875
3.0 0.4171875 0.29453125 0.09375 0.1015625
3.0 0.38984375 0.48125 0.0421875 0.025
3.0 0.2609375 0.48515625 0.028125 0.0296875
3.0 0.33125 0.49921875 0.06875 0.0296875
3.0 0.31875 0.5484375 0.040625 0.046875
3.0 0.3546875 0.5703125 0.03125 0.028125
3.0 0.22265625 0.39375 0.0671875 0.05
3.0 0.9171875 0.309375 0.046875 0.04375
3.0 0.57265625 0.40625 0.0515625 0.0375
