7.0 0.55078125 0.42734375 0.1515625 0.1953125
7.0 0.41796875 0.378125 0.1078125 0.125
7.0 0.10078125 0.41015625 0.1953125 0.1609375
7.0 0.21015625 0.61640625 0.2078125 0.1234375
7.0 0.06171875 0.62578125 0.0984375 0.1515625
7.0 0.46328125 0.56953125 0.2421875 0.1140625
7.0 0.6359375 0.6640625 0.359375 0.134375
7.0 0.8125 0.57578125 0.15 0.0859375
7.0 0.95 0.64375 0.06875 0.04375
7.0 0.91171875 0.6890625 0.1734375 0.0875
7.0 0.89921875 0.74140625 0.1890625 0.1234375
7.0 0.62734375 0.07265625 0.0921875 0.0484375
3.0 0.9328125 0.07578125 0.13125 0.0203125
3.0 0.934375 0.1125 0.034375 0.03125
3.0 0.18671875 0.30390625 0.0453125 0.0453125
3.0 0.8203125 0.50859375 0.0875 0.0265625
3.0 0.88125 0.5578125 0.0375 0.0375
7.0 0.6921875 0.22421875 0.18125 0.0921875
7.0 0.440625 0.1578125 0.096875 0.059375
7.0 0.29765625 0.24609375 0.0671875 0.0640625
