3.0 0.4234375 0.103125 0.025 0.071875
7.0 0.65078125 0.4984375 0.1171875 0.140625
3.0 0.63359375 0.6046875 0.0828125 0.034375
7.0 0.48046875 0.44609375 0.0828125 0.0953125
7.0 0.33203125 0.5453125 0.1578125 0.171875
7.0 0.2265625 0.37109375 0.171875 0.0546875
7.0 0.4484375 0.36640625 0.175 0.0703125
7.0 0.58828125 0.27109375 0.0859375 0.1328125
3.0 0.77734375 0.36640625 0.1203125 0.0671875
7.0 0.28671875 0.29453125 0.1421875 0.0359375
7.0 0.3734375 0.19765625 0.04375 0.0703125
7.0 0.79453125 0.47734375 0.0640625 0.0671875
7.0 0.17578125 0.02734375 0.0703125 0.0296875
