3.0 0.88046875 0.0359375 0.1359375 0.06875
3.0 0.93046875 0.20703125 0.1296875 0.0734375
7.0 0.83984375 0.1859375 0.0484375 0.0625
7.0 0.9109375 0.16953125 0.0375 0.0171875
7.0 0.77578125 0.134375 0.0953125 0.034375
3.0 0.71171875 0.24765625 0.0515625 0.0640625
3.0 0.84609375 0.41328125 0.1046875 0.0796875
3.0 0.934375 0.415625 0.071875 0.05625
3.0 0.51328125 0.47265625 0.0578125 0.0453125
3.0 0.57578125 0.53203125 0.0546875 0.0828125
3.0 0.58671875 0.45859375 0.0421875 0.0359375
3.0 0.51015625 0.3859375 0.1046875 0.025
3.0 0.503125 0.2953125 0.065625 0.040625
3.0 0.571875 0.25859375 0.03125 0.0453125
3.0 0.4140625 0.26640625 0.06875 0.0359375
3.0 0.434375 0.071875 0.046875 0.053125
3.0 0.159375 0.3609375 0.053125 0.034375
3.0 0.12578125 0.396875 0.0328125 0.01875
3.0 0.140625 0.4640625 0.05625 0.053125
3.0 0.2359375 0.5796875 0.09375 0.090625
3.0 0.3265625 0.61328125 0.08125 0.1515625
3.0 0.4515625 0.50390625 0.0375 0.0484375
3.0 0.51875 0.5375 0.121875 0.11875
3.0 0.653125 0.55859375 0.0875 0.0734375
3.0 0.09140625 0.9484375 0.1421875 0.059375
3.0 0.7546875 0.9484375 0.015625 0.065625
3.0 0.64765625 0.946875 0.1265625 0.04375
3.0 0.9546875 0.8 0.04375 0.034375
3.0 0.9421875 0.64140625 0.03125 0.0390625
3.0 0.9875 0.5421875 0.025 0.034375
3.0 0.98203125 0.5921875 0.0359375 0.04375
3.0 0.63515625 0.62109375 0.0953125 0.0296875
3.0 0.0390625 0.6328125 0.078125 0.0625
3.0 0.028125 0.5671875 0.03125 0.025
3.0 0.07421875 0.3875 0.0359375 0.028125
3.0 0.15703125 0.09375 0.0890625 0.05
3.0 0.09140625 0.1984375 0.0546875 0.05
3.0 0.4140625 0.35546875 0.053125 0.0859375
