3.0 0.95546875 0.496875 0.0828125 0.1375
7.0 0.2984375 0.30546875 0.10625 0.3921875
3.0 0.55390625 0.20078125 0.0671875 0.0546875
3.0 0.44765625 0.18515625 0.0578125 0.0671875
3.0 0.44140625 0.37421875 0.1421875 0.1296875
7.0 0.58125 0.540625 0.1625 0.2125
7.0 0.76796875 0.221875 0.1890625 0.20625
7.0 0.46484375 0.51640625 0.1078125 0.1984375
7.0 0.459375 0.7796875 0.090625 0.209375
7.0 0.36796875 0.83828125 0.1078125 0.3234375
3.0 0.325 0.075 0.059375 0.06875
3.0 0.95625 0.234375 0.046875 0.0625
7.0 0.825 0.4609375 0.16875 0.128125
