3.0 0.77109375 0.24921875 0.0515625 0.0359375
4.0 0.8359375 0.16328125 0.2 0.2140625
7.0 0.3234375 0.86015625 0.1125 0.1296875
7.0 0.365625 0.66796875 0.184375 0.1171875
7.0 0.5359375 0.83671875 0.121875 0.1234375
7.0 0.584375 0.6015625 0.0875 0.1375
3.0 0.16953125 0.49921875 0.0921875 0.0859375
3.0 0.0515625 0.6578125 0.103125 0.18125
3.0 0.2015625 0.75078125 0.090625 0.1046875
3.0 0.31875 0.2890625 0.103125 0.090625
3.0 0.38515625 0.19296875 0.0765625 0.1046875
3.0 0.23359375 0.659375 0.0421875 0.05625
7.0 0.55234375 0.690625 0.1046875 0.075
3.0 0.15390625 0.03203125 0.0921875 0.0578125
3.0 0.41640625 0.56953125 0.1109375 0.0734375
7.0 0.44140625 0.50390625 0.0921875 0.0671875
4.0 0.4859375 0.10390625 0.046875 0.0546875
7.0 0.14453125 0.78828125 0.0828125 0.1265625
3.0 0.140625 0.934375 0.028125 0.06875
3.0 0.290625 0.15078125 0.053125 0.0703125
3.0 0.196875 0.63203125 0.025 0.0515625
3.0 0.16796875 0.5921875 0.0359375 0.03125
3.0 0.2140625 0.4390625 0.071875 0.059375
4.0 0.36875 0.48984375 0.084375 0.0765625
3.0 0.8171875 0.96171875 0.0625 0.0765625
