4.0 0.1765625 0.80234375 0.265625 0.2328125
3.0 0.253125 0.87890625 0.053125 0.0515625
4.0 0.6390625 0.81328125 0.146875 0.1546875
4.0 0.496875 0.790625 0.146875 0.16875
4.0 0.3265625 0.984375 0.284375 0.03125
3.0 0.71953125 0.9078125 0.0296875 0.021875
4.0 0.68984375 0.21640625 0.3234375 0.4328125
7.0 0.1921875 0.0125 0.384375 0.025
7.0 0.24921875 0.1046875 0.1390625 0.153125
7.0 0.5359375 0.3046875 0.05 0.040625
7.0 0.68359375 0.32734375 0.0484375 0.0515625
3.0 0.1421875 0.2625 0.06875 0.053125
4.0 0.24609375 0.30234375 0.1953125 0.0953125
4.0 0.24765625 0.44921875 0.2171875 0.1546875
4.0 0.06328125 0.453125 0.0953125 0.159375
