3.0 0.1171875 0.2203125 0.134375 0.196875
3.0 0.0015625 0.459375 0.003125 0.078125
3.0 0.1796875 0.796875 0.25625 0.228125
3.0 0.41171875 0.646875 0.1640625 0.259375
3.0 0.30703125 0.71171875 0.0921875 0.1296875
3.0 0.4890625 0.190625 0.10625 0.15
3.0 0.68359375 0.3578125 0.1171875 0.1375
3.0 0.73046875 0.23671875 0.0890625 0.1328125
3.0 0.903125 0.79296875 0.096875 0.1296875
3.0 0.58046875 0.71796875 0.1671875 0.1609375
3.0 0.33671875 0.021875 0.0890625 0.04375
3.0 0.44765625 0.065625 0.0578125 0.09375
3.0 0.61796875 0.19765625 0.1484375 0.1421875
3.0 0.6875 0.36484375 0.103125 0.1390625
3.0 0.4453125 0.3265625 0.05 0.065625
3.0 0.59296875 0.56328125 0.0796875 0.1046875
3.0 0.33046875 0.86015625 0.0734375 0.0828125
