4.0 0.62734375 0.32265625 0.2203125 0.2359375
4.0 0.2578125 0.08984375 0.11875 0.1796875
4.0 0.49140625 0.171875 0.1796875 0.096875
4.0 0.22578125 0.58984375 0.1828125 0.1109375
4.0 0.1421875 0.78671875 0.13125 0.1546875
4.0 0.0546875 0.64765625 0.109375 0.1296875
4.0 0.86953125 0.809375 0.1390625 0.078125
4.0 0.97109375 0.6359375 0.0515625 0.184375
4.0 0.88046875 0.59921875 0.0890625 0.0796875
4.0 0.9234375 0.48359375 0.11875 0.1296875
4.0 0.871875 0.378125 0.24375 0.096875
4.0 0.86953125 0.24140625 0.1515625 0.1671875
4.0 0.9765625 0.2375 0.0375 0.078125
4.0 0.9203125 0.2453125 0.096875 0.053125
4.0 0.7015625 0.1640625 0.11875 0.196875
4.0 0.94921875 0.0390625 0.0953125 0.071875
4.0 0.9609375 0.0859375 0.065625 0.1125
3.0 0.8203125 0.02109375 0.03125 0.0265625
3.0 0.85625 0.13515625 0.0625 0.0234375
4.0 0.028125 0.26015625 0.05625 0.1484375
4.0 0.04765625 0.43125 0.0421875 0.046875
4.0 0.08203125 0.484375 0.0765625 0.053125
4.0 0.03671875 0.93984375 0.0734375 0.1078125
4.0 0.6984375 0.44453125 0.18125 0.1140625
3.0 0.11796875 0.8265625 0.0296875 0.03125
3.0 0.05703125 0.65390625 0.0484375 0.0328125
3.0 0.9796875 0.57109375 0.03125 0.0296875
4.0 0.0359375 0.13984375 0.04375 0.0484375
3.0 0.58125 0.3921875 0.08125 0.084375
3.0 0.87578125 0.8328125 0.0421875 0.0125
3.0 0.17578125 0.5875 0.0609375 0.021875
2.0 0.42265625 0.07421875 0.0421875 0.0578125
