3.0 0.2515625 0.2171875 0.09375 0.065625
3.0 0.34375 0.29453125 0.15 0.1390625
3.0 0.27109375 0.4015625 0.1390625 0.175
3.0 0.26015625 0.61875 0.1046875 0.071875
3.0 0.4734375 0.821875 0.115625 0.1125
3.0 0.66640625 0.86484375 0.1296875 0.2203125
3.0 0.80859375 0.47578125 0.0640625 0.0515625
3.0 0.434375 0.51484375 0.053125 0.0609375
3.0 0.79921875 0.39140625 0.0453125 0.0296875
3.0 0.8609375 0.5 0.04375 0.0375
3.0 0.9328125 0.5984375 0.05 0.040625
3.0 0.50703125 0.64765625 0.0671875 0.0484375
3.0 0.55546875 0.6078125 0.0609375 0.040625
3.0 0.29140625 0.98984375 0.0859375 0.0203125
3.0 0.325 0.74453125 0.06875 0.0390625
