4.0 0.49296875 0.60546875 0.3390625 0.1453125
4.0 0.953125 0.5 0.09375 0.2125
4.0 0.15625 0.3640625 0.296875 0.30625
3.0 0.52265625 0.42734375 0.1234375 0.0921875
3.0 0.4421875 0.340625 0.05 0.015625
7.0 0.48125 0.20703125 0.075 0.0828125
7.0 0.6484375 0.25078125 0.1 0.0921875
4.0 0.92265625 0.71015625 0.0671875 0.0890625
3.0 0.07734375 0.97578125 0.0640625 0.0484375
3.0 0.7890625 0.91875 0.165625 0.084375
3.0 0.6046875 0.7484375 0.1 0.090625
4.0 0.6578125 0.67109375 0.134375 0.2328125
4.0 0.26953125 0.590625 0.1921875 0.134375
