3.0 0.96484375 0.68359375 0.0703125 0.0640625
7.0 0.77578125 0.67109375 0.2515625 0.1953125
7.0 0.284375 0.6796875 0.259375 0.21875
3.0 0.0609375 0.81875 0.065625 0.028125
7.0 0.484375 0.69921875 0.20625 0.0890625
7.0 0.559375 0.934375 0.221875 0.13125
7.0 0.17109375 0.9875 0.1609375 0.025
7.0 0.02265625 0.4015625 0.0453125 0.15625
7.0 0.25625 0.23046875 0.109375 0.0671875
7.0 0.5734375 0.23359375 0.196875 0.1140625
7.0 0.1328125 0.1296875 0.265625 0.10625
7.0 0.48359375 0.10546875 0.1640625 0.0828125
7.0 0.30546875 0.46875 0.1953125 0.084375
7.0 0.74375 0.39140625 0.5125 0.1296875
7.0 0.77265625 0.45703125 0.1109375 0.1171875
