7.0 0.08359375 0.20078125 0.0609375 0.0484375
7.0 0.14140625 0.2734375 0.1078125 0.084375
7.0 0.4015625 0.42578125 0.23125 0.1609375
3.0 0.44296875 0.47734375 0.0484375 0.0328125
7.0 0.1703125 0.58125 0.146875 0.06875
7.0 0.640625 0.6203125 0.071875 0.125
4.0 0.15703125 0.684375 0.3109375 0.14375
4.0 0.5640625 0.79609375 0.3 0.0671875
4.0 0.921875 0.5921875 0.090625 0.196875
3.0 0.9046875 0.44140625 0.03125 0.0234375
3.0 0.92578125 0.41796875 0.0171875 0.0109375
7.0 0.9578125 0.28984375 0.08125 0.1421875
7.0 0.78828125 0.18671875 0.1015625 0.0796875
7.0 0.74453125 0.05546875 0.0828125 0.0421875
7.0 0.94140625 0.06953125 0.1171875 0.1140625
7.0 0.97890625 0.39375 0.0390625 0.065625
7.0 0.5921875 0.4859375 0.04375 0.0375
7.0 0.3921875 0.62734375 0.196875 0.1046875
