4.0 0.48828125 0.31328125 0.4265625 0.2515625
4.0 0.18359375 0.60859375 0.3671875 0.3109375
4.0 0.07109375 0.32734375 0.1421875 0.1078125
4.0 0.06484375 0.24453125 0.1296875 0.0859375
4.0 0.8703125 0.57578125 0.253125 0.1671875
4.0 0.59609375 0.5109375 0.2515625 0.165625
4.0 0.58828125 0.8890625 0.5390625 0.1
3.0 0.28828125 0.7015625 0.1171875 0.06875
3.0 0.30625 0.60859375 0.10625 0.0765625
4.0 0.5921875 0.73203125 0.075 0.1140625
4.0 0.784375 0.325 0.078125 0.159375
3.0 0.6828125 0.35625 0.078125 0.040625
3.0 0.5015625 0.36875 0.15 0.05
3.0 0.56640625 0.325 0.0609375 0.021875
3.0 0.37421875 0.2015625 0.1140625 0.05
3.0 0.11015625 0.2296875 0.0359375 0.028125
