6.0 0.79765625 0.4265625 0.2078125 0.321875
3.0 0.8796875 0.13984375 0.040625 0.1609375
3.0 0.809375 0.30234375 0.078125 0.0515625
6.0 0.7109375 0.365625 0.059375 0.11875
6.0 0.7484375 0.27421875 0.053125 0.0578125
6.0 0.70390625 0.625 0.1734375 0.1625
5.0 0.65 0.19921875 0.109375 0.0890625
6.0 0.69609375 0.228125 0.0796875 0.06875
7.0 0.0546875 0.57890625 0.06875 0.0578125
5.0 0.5265625 0.30703125 0.134375 0.1359375
6.0 0.7234375 0.1984375 0.125 0.084375
3.0 0.8078125 0.1984375 0.03125 0.065625
