3.0 0.49609375 0.67265625 0.1203125 0.0484375
3.0 0.5234375 0.81328125 0.090625 0.1546875
3.0 0.60390625 0.7265625 0.0859375 0.05
3.0 0.6921875 0.628125 0.15 0.09375
3.0 0.35390625 0.52734375 0.1015625 0.1671875
3.0 0.665625 0.5109375 0.05625 0.04375
3.0 0.8125 0.55390625 0.078125 0.0828125
3.0 0.5140625 0.5421875 0.159375 0.090625
3.0 0.1875 0.44453125 0.059375 0.0703125
3.0 0.07421875 0.2453125 0.1453125 0.090625
3.0 0.37890625 0.12265625 0.0359375 0.0703125
3.0 0.2328125 0.09609375 0.0375 0.0984375
3.0 0.98203125 0.3953125 0.0328125 0.05625
