7.0 0.33046875 0.25625 0.1296875 0.09375
7.0 0.19921875 0.2828125 0.0734375 0.128125
7.0 0.24921875 0.371875 0.1734375 0.090625
7.0 0.47421875 0.29296875 0.0828125 0.0453125
7.0 0.475 0.521875 0.18125 0.10625
7.0 0.49609375 0.45625 0.1078125 0.0625
7.0 0.68203125 0.51875 0.0890625 0.06875
7.0 0.7265625 0.5859375 0.184375 0.071875
7.0 0.30546875 0.66484375 0.1453125 0.1265625
7.0 0.559375 0.6875 0.24375 0.19375
2.0 0.86640625 0.68125 0.0859375 0.059375
3.0 0.57265625 0.85546875 0.2265625 0.0765625
3.0 0.7375 0.834375 0.06875 0.065625
3.0 0.49765625 0.9578125 0.0859375 0.084375
3.0 0.84765625 0.9515625 0.0546875 0.05625
3.0 0.96796875 0.965625 0.0640625 0.053125
3.0 0.903125 0.84609375 0.065625 0.0578125
3.0 0.68125 0.91640625 0.0625 0.0421875
3.0 0.59453125 0.75390625 0.0421875 0.0390625
3.0 0.69765625 0.7 0.0859375 0.040625
3.0 0.359375 0.975 0.040625 0.040625
7.0 0.07578125 0.61484375 0.1515625 0.0640625
7.0 0.06484375 0.42578125 0.1234375 0.0921875
7.0 0.37734375 0.42578125 0.0453125 0.0703125
3.0 0.14453125 0.25234375 0.0578125 0.0703125
3.0 0.06015625 0.3140625 0.1015625 0.04375
3.0 0.39921875 0.065625 0.0546875 0.046875
3.0 0.44375 0.15703125 0.06875 0.0515625
3.0 0.4625 0.24453125 0.1125 0.0453125
3.0 0.84765625 0.084375 0.0703125 0.04375
3.0 0.684375 0.31953125 0.04375 0.0640625
