3.0 0.7671875 0.28671875 0.046875 0.0671875
3.0 0.6671875 0.25859375 0.053125 0.0171875
3.0 0.70625 0.30078125 0.071875 0.0390625
3.0 0.51875 0.346875 0.109375 0.05625
3.0 0.43984375 0.3890625 0.0890625 0.034375
3.0 0.30625 0.38515625 0.13125 0.0484375
3.0 0.3875 0.48359375 0.10625 0.0921875
4.0 0.63984375 0.48828125 0.1765625 0.1484375
3.0 0.6421875 0.47734375 0.209375 0.1078125
4.0 0.8640625 0.50625 0.253125 0.18125
3.0 0.96015625 0.54296875 0.0328125 0.0234375
3.0 0.94375 0.56953125 0.034375 0.0140625
4.0 0.546875 0.5296875 0.165625 0.0875
4.0 0.07734375 0.42109375 0.1203125 0.1234375
3.0 0.87109375 0.6109375 0.0640625 0.034375
3.0 0.81171875 0.65859375 0.1015625 0.0390625
3.0 0.34453125 0.3203125 0.0921875 0.04375
3.0 0.1140625 0.28125 0.028125 0.05
4.0 0.04765625 0.13203125 0.0890625 0.1171875
4.0 0.19765625 0.103125 0.1296875 0.06875
4.0 0.76640625 0.3875 0.0546875 0.05
