3.0 0.4046875 0.07890625 0.1625 0.0734375
2.0 0.38046875 0.2375 0.1671875 0.14375
3.0 0.421875 0.18359375 0.115625 0.1015625
3.0 0.175 0.36640625 0.21875 0.1890625
3.0 0.090625 0.1921875 0.18125 0.253125
3.0 0.86953125 0.275 0.1515625 0.059375
3.0 0.85234375 0.36328125 0.2828125 0.2328125
3.0 0.96015625 0.7015625 0.0796875 0.115625
7.0 0.99296875 0.8234375 0.0140625 0.090625
7.0 0.8 0.94609375 0.253125 0.1078125
3.0 0.034375 0.72578125 0.05 0.0359375
3.0 0.55859375 0.990625 0.1296875 0.01875
3.0 0.6609375 0.83046875 0.08125 0.0796875
3.0 0.57734375 0.16953125 0.0921875 0.0953125
3.0 0.8015625 0.16015625 0.109375 0.0734375
