3.0 0.0296875 0.63671875 0.059375 0.1171875
3.0 0.09921875 0.6015625 0.1984375 0.175
3.0 0.29453125 0.47734375 0.3765625 0.2484375
3.0 0.46484375 0.19765625 0.3609375 0.2796875
3.0 0.53046875 0.34921875 0.2234375 0.1921875
3.0 0.684375 0.43984375 0.159375 0.1203125
3.0 0.89609375 0.409375 0.2078125 0.146875
3.0 0.925 0.32421875 0.15 0.1390625
3.0 0.828125 0.66796875 0.34375 0.3796875
3.0 0.75546875 0.53828125 0.3171875 0.2796875
3.0 0.48828125 0.88203125 0.1796875 0.1296875
3.0 0.7578125 0.9328125 0.284375 0.134375
3.0 0.4640625 0.36015625 0.196875 0.1390625
