4.0 0.73203125 0.56015625 0.3578125 0.1296875
4.0 0.86640625 0.44609375 0.2578125 0.1078125
4.0 0.44375 0.4375 0.240625 0.203125
4.0 0.7625 0.759375 0.434375 0.165625
4.0 0.2828125 0.64296875 0.265625 0.1578125
4.0 0.07890625 0.690625 0.1578125 0.175
4.0 0.25859375 0.9 0.1984375 0.2
4.0 0.05546875 0.30234375 0.1109375 0.2671875
3.0 0.63203125 0.56015625 0.1296875 0.0765625
3.0 0.88984375 0.44609375 0.1203125 0.0640625
3.0 0.47890625 0.4609375 0.1046875 0.14375
3.0 0.30859375 0.6625 0.1421875 0.06875
3.0 0.06796875 0.70078125 0.1015625 0.1078125
