4.0 0.51015625 0.31328125 0.4265625 0.2515625
4.0 0.815625 0.60859375 0.36875 0.3109375
4.0 0.928125 0.32734375 0.14375 0.1078125
4.0 0.93359375 0.24453125 0.1296875 0.0859375
4.0 0.128125 0.57578125 0.253125 0.1671875
4.0 0.40234375 0.5109375 0.2515625 0.165625
4.0 0.41015625 0.8890625 0.5390625 0.1
3.0 0.71015625 0.7015625 0.1171875 0.06875
3.0 0.6921875 0.60859375 0.10625 0.0765625
4.0 0.40625 0.73203125 0.075 0.1140625
4.0 0.2140625 0.325 0.078125 0.159375
3.0 0.315625 0.35625 0.078125 0.040625
3.0 0.496875 0.36875 0.15 0.05
3.0 0.43203125 0.325 0.0609375 0.021875
3.0 0.6234375 0.2015625 0.115625 0.05
3.0 0.88828125 0.2296875 0.0359375 0.028125
