7.0 0.32421875 0.1875 0.1734375 0.125
7.0 0.19140625 0.2546875 0.2078125 0.146875
7.0 0.20546875 0.35390625 0.1734375 0.1265625
7.0 0.20703125 0.53359375 0.1640625 0.1140625
3.0 0.24296875 0.440625 0.0703125 0.05
7.0 0.38515625 0.3828125 0.1921875 0.14375
7.0 0.071875 0.20390625 0.14375 0.1203125
3.0 0.36796875 0.14296875 0.1390625 0.0953125
3.0 0.4109375 0.11328125 0.0625 0.0453125
7.0 0.03125 0.37890625 0.0625 0.0515625
7.0 0.56640625 0.2890625 0.1421875 0.103125
3.0 0.9828125 0.67890625 0.034375 0.0421875
7.0 0.925 0.84140625 0.125 0.0921875
7.0 0.91171875 0.5796875 0.1640625 0.121875
7.0 0.18984375 0.17578125 0.0578125 0.0421875
