7.0 0.425 0.2828125 0.140625 0.1
7.0 0.4953125 0.21328125 0.146875 0.0640625
7.0 0.16640625 0.24921875 0.0828125 0.0734375
3.0 0.296875 0.30546875 0.034375 0.0296875
7.0 0.35703125 0.4046875 0.0765625 0.053125
3.0 0.44453125 0.396875 0.0765625 0.053125
3.0 0.50546875 0.35625 0.0453125 0.03125
7.0 0.66875 0.36796875 0.03125 0.0578125
3.0 0.91953125 0.32734375 0.0171875 0.0296875
3.0 0.25 0.53515625 0.0375 0.0296875
3.0 0.17890625 0.55078125 0.0390625 0.0203125
3.0 0.321875 0.5515625 0.05 0.04375
3.0 0.2109375 0.4703125 0.0625 0.0375
3.0 0.29296875 0.459375 0.0734375 0.034375
3.0 0.471875 0.484375 0.0375 0.01875
3.0 0.44609375 0.465625 0.0453125 0.01875
3.0 0.6640625 0.628125 0.028125 0.03125
3.0 0.60234375 0.61796875 0.0171875 0.0171875
3.0 0.76484375 0.6046875 0.0484375 0.03125
3.0 0.75625 0.5765625 0.078125 0.021875
3.0 0.85546875 0.4140625 0.0296875 0.01875
