7.0 0.2546875 0.92890625 0.121875 0.1296875
7.0 0.24765625 0.7234375 0.1140625 0.071875
7.0 0.3015625 0.7703125 0.05625 0.028125
7.0 0.45 0.8421875 0.06875 0.046875
7.0 0.4984375 0.925 0.05625 0.075
7.0 0.6203125 0.81171875 0.096875 0.0671875
7.0 0.78359375 0.67578125 0.0453125 0.0828125
7.0 0.3703125 0.528125 0.190625 0.190625
7.0 0.37265625 0.3671875 0.1265625 0.071875
7.0 0.4734375 0.40859375 0.075 0.0859375
7.0 0.6 0.42890625 0.26875 0.2609375
7.0 0.8078125 0.41640625 0.146875 0.1203125
7.0 0.83125 0.3109375 0.1375 0.1125
7.0 0.9078125 0.41015625 0.05625 0.1046875
7.0 0.390625 0.22421875 0.084375 0.0765625
7.0 0.7046875 0.24140625 0.109375 0.0296875
7.0 0.82265625 0.1859375 0.1046875 0.1
