3.0 0.77265625 0.86484375 0.1359375 0.0546875
3.0 0.67734375 0.83046875 0.0578125 0.0359375
3.0 0.803125 0.8078125 0.078125 0.0375
3.0 0.83984375 0.78828125 0.0515625 0.0546875
3.0 0.68828125 0.75234375 0.0640625 0.0828125
3.0 0.6078125 0.76015625 0.084375 0.1203125
3.0 0.53359375 0.7890625 0.0484375 0.065625
3.0 0.4671875 0.80703125 0.053125 0.0390625
3.0 0.3234375 0.76640625 0.140625 0.0953125
3.0 0.165625 0.7578125 0.05 0.040625
3.0 0.17421875 0.715625 0.0953125 0.034375
3.0 0.45625 0.65078125 0.109375 0.0859375
3.0 0.35390625 0.61640625 0.0828125 0.0421875
3.0 0.759375 0.63828125 0.046875 0.0265625
3.0 0.7578125 0.5921875 0.0875 0.065625
3.0 0.60703125 0.55703125 0.0765625 0.0921875
3.0 0.52421875 0.534375 0.0484375 0.0625
3.0 0.88828125 0.5078125 0.0828125 0.059375
3.0 0.8140625 0.48046875 0.05 0.0671875
3.0 0.92265625 0.4375 0.0859375 0.053125
3.0 0.86796875 0.428125 0.0265625 0.0375
3.0 0.0703125 0.39140625 0.103125 0.0984375
3.0 0.52890625 0.353125 0.0953125 0.075
3.0 0.64375 0.45390625 0.065625 0.0359375
3.0 0.79140625 0.34140625 0.1015625 0.0796875
3.0 0.890625 0.3859375 0.06875 0.0375
3.0 0.43046875 0.35234375 0.0546875 0.0484375
3.0 0.37734375 0.40859375 0.0359375 0.0453125
3.0 0.39375 0.490625 0.0625 0.040625
3.0 0.46875 0.475 0.065625 0.028125
3.0 0.30859375 0.4125 0.0640625 0.03125
3.0 0.02578125 0.0296875 0.0515625 0.046875
3.0 0.04765625 0.08203125 0.0453125 0.0359375
3.0 0.80703125 0.23828125 0.0921875 0.0765625
3.0 0.8875 0.2734375 0.05625 0.0375
3.0 0.65078125 0.203125 0.0609375 0.08125
3.0 0.59296875 0.2203125 0.0328125 0.065625
3.0 0.87421875 0.18984375 0.0828125 0.0453125
