3.0 0.484375 0.17734375 0.08125 0.1046875
3.0 0.54765625 0.46953125 0.1015625 0.1359375
3.0 0.29140625 0.296875 0.0671875 0.0875
3.0 0.39140625 0.69609375 0.0484375 0.0640625
3.0 0.41640625 0.97421875 0.0734375 0.0515625
7.0 0.28828125 0.125 0.1953125 0.25
7.0 0.23671875 0.05234375 0.0796875 0.1046875
7.0 0.29921875 0.275 0.1359375 0.178125
7.0 0.44140625 0.4640625 0.3046875 0.403125
7.0 0.4375 0.57421875 0.1875 0.2546875
7.0 0.6578125 0.78203125 0.3625 0.4359375
7.0 0.48828125 0.83203125 0.0796875 0.1078125
7.0 0.34921875 0.83046875 0.1953125 0.2453125
