4.0 0.3359375 0.6015625 0.2125 0.140625
3.0 0.73515625 0.29140625 0.0828125 0.0609375
3.0 0.63984375 0.27421875 0.0734375 0.0296875
3.0 0.72265625 0.240625 0.0484375 0.021875
3.0 0.34921875 0.940625 0.0796875 0.03125
3.0 0.26171875 0.97734375 0.0859375 0.0421875
3.0 0.67421875 0.775 0.0328125 0.0375
3.0 0.51953125 0.675 0.0390625 0.053125
3.0 0.31796875 0.68125 0.0359375 0.028125
3.0 0.3828125 0.715625 0.05 0.01875
3.0 0.27578125 0.5453125 0.0453125 0.028125
3.0 0.20546875 0.5671875 0.0265625 0.03125
3.0 0.25703125 0.575 0.0390625 0.0125
