7.0 0.4046875 0.37734375 0.09375 0.1578125
3.0 0.5875 0.6703125 0.08125 0.053125
3.0 0.5796875 0.71796875 0.021875 0.0328125
3.0 0.84609375 0.76484375 0.0578125 0.0640625
3.0 0.6359375 0.9296875 0.059375 0.059375
3.0 0.17265625 0.34921875 0.0265625 0.0421875
3.0 0.284375 0.62890625 0.040625 0.0484375
3.0 0.334375 0.57890625 0.034375 0.0546875
3.0 0.2421875 0.8625 0.034375 0.065625
4.0 0.275 0.965625 0.38125 0.06875
3.0 0.98046875 0.99453125 0.0390625 0.0109375
3.0 0.36953125 0.75859375 0.0296875 0.0796875
3.0 0.08515625 0.6375 0.0328125 0.05
