7.0 0.34375 0.24765625 0.2 0.1359375
7.0 0.21015625 0.19609375 0.1765625 0.1453125
7.0 0.3765625 0.10703125 0.20625 0.1671875
3.0 0.34296875 0.09453125 0.0484375 0.0359375
7.0 0.4765625 0.21953125 0.215625 0.1390625
7.0 0.67421875 0.34375 0.2484375 0.165625
7.0 0.678125 0.253125 0.09375 0.08125
7.0 0.5484375 0.5015625 0.26875 0.190625
3.0 0.60078125 0.57421875 0.0703125 0.0515625
3.0 0.56171875 0.69921875 0.1328125 0.0828125
3.0 0.59609375 0.7890625 0.1640625 0.13125
7.0 0.8359375 0.79765625 0.159375 0.1140625
7.0 0.78984375 0.84765625 0.1046875 0.0828125
3.0 0.2625 0.684375 0.16875 0.1125
3.0 0.5859375 0.9828125 0.075 0.034375
3.0 0.73515625 0.60078125 0.0671875 0.0421875
3.0 0.87578125 0.40390625 0.0578125 0.0390625
3.0 0.7734375 0.66796875 0.08125 0.0671875
3.0 0.62421875 0.91953125 0.0640625 0.0515625
5.0 0.1671875 0.1546875 0.334375 0.309375
5.0 0.95703125 0.734375 0.0859375 0.125
5.0 0.79140625 0.7203125 0.2296875 0.19375
5.0 0.84140625 0.925 0.1828125 0.140625
