7.0 0.09375 0.15078125 0.1875 0.1328125
7.0 0.3671875 0.3140625 0.26875 0.078125
7.0 0.928125 0.25703125 0.14375 0.0796875
7.0 0.80546875 0.43828125 0.0609375 0.0734375
7.0 0.88984375 0.42890625 0.0859375 0.0734375
7.0 0.940625 0.403125 0.11875 0.096875
7.0 0.665625 0.39609375 0.078125 0.0515625
7.0 0.734375 0.49140625 0.215625 0.1453125
7.0 0.55859375 0.5921875 0.2171875 0.25625
7.0 0.375 0.60546875 0.11875 0.1765625
7.0 0.7796875 0.64375 0.203125 0.1625
3.0 0.884375 0.81640625 0.103125 0.1015625
