3.0 0.45234375 0.87578125 0.0703125 0.0765625
3.0 0.765625 0.2140625 0.3 0.15625
3.0 0.53671875 0.93203125 0.1015625 0.0359375
3.0 0.690625 0.86640625 0.115625 0.0765625
3.0 0.85 0.8671875 0.121875 0.075
3.0 0.04296875 0.14609375 0.0828125 0.0890625
3.0 0.48359375 0.3625 0.1109375 0.06875
3.0 0.334375 0.26640625 0.121875 0.0671875
3.0 0.28125 0.16171875 0.1 0.0890625
3.0 0.06875 0.58046875 0.121875 0.0734375
3.0 0.3984375 0.63125 0.140625 0.13125
3.0 0.634375 0.52265625 0.246875 0.0796875
3.0 0.121875 0.790625 0.18125 0.05625
