3.0 0.85390625 0.16875 0.0734375 0.3
3.0 0.95390625 0.2859375 0.0640625 0.06875
3.0 0.6859375 0.15390625 0.134375 0.1453125
3.0 0.5671875 0.06796875 0.10625 0.1234375
3.0 0.56328125 0.253125 0.0953125 0.190625
3.0 0.484375 0.21171875 0.04375 0.1046875
3.0 0.5328125 0.43359375 0.03125 0.0390625
3.0 0.43046875 0.49375 0.0484375 0.05625
3.0 0.4125 0.5921875 0.040625 0.125
3.0 0.35859375 0.53984375 0.0390625 0.0765625
3.0 0.63671875 0.72109375 0.0765625 0.2015625
3.0 0.35 0.66015625 0.065625 0.0828125
3.0 0.2703125 0.740625 0.10625 0.103125
3.0 0.71484375 0.88125 0.1140625 0.078125
3.0 0.6390625 0.9375 0.0375 0.125
3.0 0.5734375 0.884375 0.025 0.046875
3.0 0.540625 0.94375 0.06875 0.1125
3.0 0.3625 0.8 0.065625 0.146875
3.0 0.37109375 0.96953125 0.0828125 0.0515625
7.0 0.24140625 0.834375 0.0484375 0.090625
