3.0 0.8078125 0.28984375 0.084375 0.1296875
3.0 0.84296875 0.36484375 0.0390625 0.0578125
3.0 0.76328125 0.4546875 0.0328125 0.05
3.0 0.684375 0.36875 0.05 0.04375
3.0 0.46796875 0.3234375 0.1796875 0.175
3.0 0.3171875 0.27109375 0.0875 0.1984375
3.0 0.28046875 0.39140625 0.1453125 0.1265625
3.0 0.6703125 0.5328125 0.06875 0.090625
3.0 0.61015625 0.5890625 0.0921875 0.096875
3.0 0.65234375 0.634375 0.0671875 0.075
3.0 0.57890625 0.68359375 0.0921875 0.1328125
3.0 0.540625 0.81953125 0.10625 0.1671875
3.0 0.46953125 0.70703125 0.1234375 0.1328125
3.0 0.2671875 0.51484375 0.140625 0.1296875
3.0 0.38671875 0.55546875 0.0421875 0.0640625
3.0 0.35390625 0.6421875 0.0796875 0.115625
3.0 0.36484375 0.7578125 0.0734375 0.121875
7.0 0.4546875 0.87578125 0.08125 0.0953125
3.0 0.3484375 0.4640625 0.053125 0.0625
