2.0 0.859375 0.5671875 0.23125 0.046875
2.0 0.59140625 0.3984375 0.1890625 0.078125
2.0 0.72109375 0.475 0.1421875 0.05625
2.0 0.7625 0.615625 0.096875 0.034375
2.0 0.5265625 0.62265625 0.2125 0.0859375
2.0 0.49140625 0.49921875 0.2890625 0.0765625
2.0 0.67578125 0.796875 0.1609375 0.065625
2.0 0.5859375 0.84453125 0.134375 0.0484375
2.0 0.42578125 0.75078125 0.2046875 0.0890625
3.0 0.478125 0.58671875 0.11875 0.0640625
3.0 0.89375 0.70546875 0.203125 0.0546875
3.0 0.90390625 0.62265625 0.1296875 0.0703125
