4.0 0.3171875 0.73984375 0.1 0.1921875
4.0 0.46796875 0.84609375 0.1171875 0.1515625
3.0 0.2390625 0.89921875 0.028125 0.0515625
3.0 0.275 0.96640625 0.046875 0.0671875
3.0 0.5515625 0.8765625 0.04375 0.084375
3.0 0.60703125 0.94375 0.0234375 0.1125
3.0 0.60546875 0.59921875 0.0515625 0.1171875
3.0 0.40390625 0.42265625 0.0734375 0.0546875
4.0 0.2625 0.08828125 0.10625 0.1578125
4.0 0.35390625 0.16328125 0.1359375 0.1921875
4.0 0.27734375 0.3890625 0.0890625 0.121875
4.0 0.390625 0.3546875 0.1125 0.190625
4.0 0.53046875 0.44609375 0.0734375 0.1265625
4.0 0.5296875 0.65859375 0.0625 0.1578125
4.0 0.690625 0.57578125 0.084375 0.2859375
4.0 0.6140625 0.43984375 0.090625 0.1390625
