3.0 0.15078125 0.00546875 0.0390625 0.0109375
3.0 0.06640625 0.1125 0.1328125 0.146875
3.0 0.34375 0.00703125 0.0625 0.0140625
3.0 0.65859375 0.33125 0.1046875 0.14375
3.0 0.28515625 0.41640625 0.1015625 0.1546875
3.0 0.3296875 0.54296875 0.153125 0.2296875
3.0 0.3953125 0.64609375 0.1 0.0984375
3.0 0.203125 0.60390625 0.178125 0.2328125
3.0 0.75078125 0.64609375 0.2484375 0.3234375
3.0 0.58671875 0.51015625 0.0546875 0.0734375
3.0 0.46875 0.6203125 0.2 0.259375
3.0 0.48515625 0.8140625 0.0578125 0.0625
3.0 0.271875 0.0421875 0.046875 0.059375
