3.0 0.4375 0.071875 0.0375 0.05
3.0 0.62421875 0.16796875 0.0828125 0.0984375
3.0 0.61484375 0.05390625 0.0359375 0.0390625
3.0 0.6375 0.30078125 0.075 0.1765625
3.0 0.71484375 0.24453125 0.0640625 0.1328125
3.0 0.2890625 0.459375 0.1125 0.328125
3.0 0.1515625 0.7140625 0.215625 0.115625
3.0 0.27734375 0.85234375 0.0828125 0.2921875
3.0 0.37890625 0.74765625 0.0453125 0.0734375
3.0 0.41484375 0.89921875 0.1109375 0.2015625
3.0 0.71015625 0.64453125 0.0890625 0.2109375
3.0 0.74609375 0.41875 0.1328125 0.15
3.0 0.86875 0.55390625 0.178125 0.1609375
3.0 0.73515625 0.853125 0.1859375 0.11875
3.0 0.5390625 0.90390625 0.115625 0.0578125
