3.0 0.934375 0.1390625 0.11875 0.221875
3.0 0.80078125 0.184375 0.1203125 0.121875
3.0 0.86015625 0.3625 0.2171875 0.275
3.0 0.9671875 0.8296875 0.0625 0.2375
3.0 0.846875 0.696875 0.16875 0.190625
3.0 0.86328125 0.87265625 0.1015625 0.1453125
3.0 0.565625 0.47890625 0.078125 0.0890625
3.0 0.70546875 0.521875 0.2015625 0.2
3.0 0.59609375 0.14765625 0.1828125 0.1171875
3.0 0.55234375 0.3375 0.2984375 0.2375
3.0 0.3875 0.415625 0.065625 0.090625
3.0 0.475 0.5359375 0.075 0.140625
3.0 0.34921875 0.52421875 0.0640625 0.1109375
3.0 0.26171875 0.6234375 0.1171875 0.14375
3.0 0.415625 0.03671875 0.1125 0.0671875
3.0 0.45 0.1640625 0.125 0.2625
3.0 0.34296875 0.3375 0.1421875 0.121875
3.0 0.27265625 0.93046875 0.1953125 0.1390625
