4.0 0.1890625 0.5796875 0.10625 0.2875
4.0 0.296875 0.51953125 0.10625 0.3078125
4.0 0.26953125 0.79921875 0.0984375 0.1640625
4.0 0.33359375 0.78203125 0.0390625 0.0984375
2.0 0.378125 0.91328125 0.05 0.1578125
2.0 0.40546875 0.55390625 0.0484375 0.2640625
2.0 0.59765625 0.38359375 0.0640625 0.1484375
2.0 0.6546875 0.22890625 0.140625 0.1453125
2.0 0.67578125 0.9046875 0.0359375 0.13125
2.0 0.7453125 0.86015625 0.08125 0.2671875
3.0 0.46796875 0.78515625 0.0453125 0.0765625
3.0 0.50078125 0.3484375 0.0953125 0.234375
3.0 0.59921875 0.4703125 0.0484375 0.10625
3.0 0.5453125 0.096875 0.1125 0.171875
3.0 0.646875 0.07734375 0.040625 0.1546875
4.0 0.90546875 0.30859375 0.1703125 0.2703125
4.0 0.90546875 0.31015625 0.1703125 0.2703125
