3.0 0.084375 0.3921875 0.04375 0.0875
3.0 0.12265625 0.684375 0.0609375 0.1
3.0 0.18828125 0.6078125 0.0609375 0.059375
3.0 0.34609375 0.3203125 0.0453125 0.053125
3.0 0.27578125 0.41875 0.0421875 0.046875
3.0 0.33046875 0.4796875 0.0484375 0.0375
3.0 0.35234375 0.70234375 0.0765625 0.2328125
3.0 0.559375 0.2234375 0.059375 0.071875
3.0 0.42890625 0.621875 0.0421875 0.025
3.0 0.725 0.21015625 0.11875 0.1859375
3.0 0.6546875 0.4375 0.096875 0.15625
3.0 0.57265625 0.6984375 0.0921875 0.18125
3.0 0.67578125 0.83984375 0.0515625 0.0546875
3.0 0.69921875 0.94921875 0.0578125 0.0953125
3.0 0.734375 0.86953125 0.028125 0.0515625
3.0 0.74140625 0.46640625 0.0296875 0.0390625
3.0 0.57890625 0.54296875 0.1140625 0.0984375
