3.0 0.5875 0.56171875 0.25 0.0953125
3.0 0.65859375 0.7109375 0.3296875 0.171875
3.0 0.28984375 0.74140625 0.3140625 0.2515625
3.0 0.3046875 0.60625 0.228125 0.1
3.0 0.3078125 0.4921875 0.1125 0.078125
3.0 0.51171875 0.87890625 0.1953125 0.2421875
3.0 0.28828125 0.94375 0.1484375 0.10625
3.0 0.06796875 0.62734375 0.1359375 0.1796875
3.0 0.37265625 0.196875 0.1203125 0.053125
3.0 0.1703125 0.12890625 0.0875 0.0421875
3.0 0.015625 0.13359375 0.03125 0.0640625
3.0 0.20859375 0.4359375 0.0578125 0.075
3.0 0.48671875 0.25859375 0.0734375 0.0484375
3.0 0.55859375 0.125 0.0515625 0.034375
3.0 0.90625 0.72578125 0.109375 0.0984375
3.0 0.78203125 0.43046875 0.0671875 0.0390625
3.0 0.428125 0.32421875 0.1125 0.0328125
3.0 0.20625 0.596875 0.125 0.134375
