3.0 0.1484375 0.80390625 0.0875 0.1140625
3.0 0.115625 0.92578125 0.06875 0.1109375
3.0 0.34375 0.878125 0.159375 0.24375
3.0 0.246875 0.421875 0.065625 0.084375
3.0 0.190625 0.565625 0.065625 0.08125
3.0 0.27265625 0.62109375 0.0640625 0.0828125
3.0 0.4609375 0.19296875 0.10625 0.1390625
3.0 0.49921875 0.61796875 0.0734375 0.0984375
3.0 0.640625 0.41953125 0.15625 0.2453125
3.0 0.74375 0.38671875 0.0875 0.1390625
3.0 0.5890625 0.5703125 0.146875 0.159375
3.0 0.625 0.7390625 0.165625 0.25
3.0 0.6703125 0.12265625 0.203125 0.2453125
3.0 0.7625 0.83671875 0.0625 0.0796875
