3.0 0.24140625 0.94765625 0.1640625 0.0890625
3.0 0.09296875 0.3390625 0.1140625 0.190625
3.0 0.084375 0.11484375 0.15 0.1328125
3.0 0.246875 0.3234375 0.128125 0.390625
3.0 0.24921875 0.14375 0.1453125 0.221875
3.0 0.3546875 0.23203125 0.078125 0.4640625
3.0 0.5171875 0.07890625 0.103125 0.1578125
3.0 0.2921875 0.7609375 0.115625 0.371875
3.0 0.48359375 0.78671875 0.2953125 0.4109375
3.0 0.74609375 0.5328125 0.3421875 0.45625
3.0 0.8765625 0.95703125 0.065625 0.0828125
3.0 0.5296875 0.415625 0.08125 0.103125
