3.0 0.9453125 0.8359375 0.109375 0.328125
3.0 0.3203125 0.7421875 0.19375 0.146875
3.0 0.60390625 0.73515625 0.3015625 0.2546875
3.0 0.7765625 0.6859375 0.234375 0.2125
3.0 0.0109375 0.578125 0.021875 0.175
3.0 0.9734375 0.46875 0.053125 0.221875
3.0 0.43671875 0.55625 0.1609375 0.06875
3.0 0.30390625 0.48125 0.1203125 0.06875
3.0 0.565625 0.596875 0.1125 0.103125
3.0 0.121875 0.25078125 0.24375 0.0734375
3.0 0.10546875 0.096875 0.2109375 0.159375
3.0 0.32265625 0.028125 0.2421875 0.05625
3.0 0.85625 0.30234375 0.25 0.1546875
3.0 0.96171875 0.13046875 0.0765625 0.2015625
3.0 0.2890625 0.14921875 0.196875 0.2015625
