3.0 0.42421875 0.43671875 0.0828125 0.2390625
3.0 0.53515625 0.87890625 0.0390625 0.1046875
3.0 0.465625 0.97421875 0.071875 0.0515625
3.0 0.3390625 0.89453125 0.05625 0.1953125
3.0 0.92578125 0.94453125 0.0484375 0.1109375
4.0 0.96640625 0.4796875 0.0640625 0.253125
4.0 0.76484375 0.7015625 0.2359375 0.309375
4.0 0.54921875 0.53515625 0.1171875 0.2890625
4.0 0.51328125 0.2265625 0.1234375 0.15625
4.0 0.39296875 0.20078125 0.1515625 0.2265625
4.0 0.3984375 0.5109375 0.1375 0.48125
4.0 0.4265625 0.7 0.1125 0.20625
4.0 0.2484375 0.4828125 0.134375 0.55
3.0 0.26796875 0.32109375 0.0671875 0.0640625
