3.0 0.0609375 0.33828125 0.121875 0.1140625
3.0 0.9015625 0.18515625 0.18125 0.2140625
3.0 0.7015625 0.19765625 0.303125 0.3203125
3.0 0.5359375 0.05546875 0.240625 0.1109375
3.0 0.82734375 0.46640625 0.1796875 0.2078125
3.0 0.621875 0.42734375 0.1125 0.0984375
3.0 0.53671875 0.4046875 0.1140625 0.115625
3.0 0.4296875 0.32578125 0.090625 0.1140625
3.0 0.434375 0.4484375 0.09375 0.075
3.0 0.35546875 0.4828125 0.0703125 0.109375
3.0 0.71796875 0.50078125 0.0859375 0.0453125
3.0 0.7484375 0.5359375 0.059375 0.046875
3.0 0.834375 0.57265625 0.075 0.0265625
3.0 0.51484375 0.56640625 0.0859375 0.0984375
3.0 0.434375 0.6140625 0.06875 0.059375
3.0 0.4390625 0.8046875 0.071875 0.059375
3.0 0.24609375 0.540625 0.0796875 0.040625
3.0 0.27734375 0.771875 0.1953125 0.103125
3.0 0.08359375 0.76484375 0.1640625 0.0765625
3.0 0.15234375 0.67265625 0.0828125 0.0546875
3.0 0.06875 0.69765625 0.090625 0.0453125
