3.0 0.03828125 0.04921875 0.0765625 0.0984375
3.0 0.1828125 0.0453125 0.171875 0.090625
3.0 0.1265625 0.259375 0.253125 0.39375
3.0 0.11875 0.73671875 0.2375 0.2734375
3.0 0.09375 0.9421875 0.14375 0.115625
3.0 0.51875 0.425 0.1125 0.125
3.0 0.31875 0.4859375 0.2875 0.2875
3.0 0.475 0.01796875 0.2625 0.0359375
3.0 0.53828125 0.22265625 0.4265625 0.3390625
3.0 0.7734375 0.33515625 0.09375 0.1296875
3.0 0.64921875 0.50546875 0.1078125 0.2015625
3.0 0.828125 0.4890625 0.090625 0.159375
3.0 0.934375 0.63203125 0.13125 0.2046875
3.0 0.68359375 0.08125 0.1765625 0.1625
3.0 0.83671875 0.22265625 0.2046875 0.1734375
3.0 0.8984375 0.9859375 0.203125 0.028125
