3.0 0.88125 0.87734375 0.13125 0.2296875
3.0 0.7984375 0.525 0.059375 0.090625
3.0 0.96953125 0.60234375 0.0609375 0.0765625
3.0 0.475 0.875 0.134375 0.2375
3.0 0.4453125 0.66640625 0.203125 0.1421875
3.0 0.7375 0.2578125 0.0625 0.08125
3.0 0.846875 0.378125 0.05 0.0625
3.0 0.321875 0.53203125 0.134375 0.2546875
3.0 0.1734375 0.6125 0.046875 0.065625
3.0 0.1921875 0.24765625 0.1625 0.1984375
3.0 0.33203125 0.3421875 0.0421875 0.034375
3.0 0.4171875 0.1734375 0.090625 0.115625
3.0 0.6 0.69921875 0.01875 0.0328125
