4.0 0.8625 0.390625 0.096875 0.221875
4.0 0.7828125 0.459375 0.090625 0.246875
4.0 0.7484375 0.3484375 0.021875 0.0625
4.0 0.80234375 0.22109375 0.0859375 0.1453125
4.0 0.75546875 0.259375 0.0359375 0.103125
2.0 0.7109375 0.14296875 0.025 0.1671875
2.0 0.70078125 0.43515625 0.0296875 0.1796875
2.0 0.66328125 0.3703125 0.0171875 0.09375
3.0 0.6078125 0.2390625 0.059375 0.06875
3.0 0.52890625 0.52421875 0.0671875 0.1265625
3.0 0.60546875 0.6046875 0.0921875 0.190625
3.0 0.6015625 0.80390625 0.078125 0.1515625
3.0 0.49609375 0.82734375 0.0390625 0.1171875
3.0 0.47734375 0.69609375 0.0359375 0.1515625
2.0 0.53515625 0.7140625 0.0796875 0.11875
2.0 0.48515625 0.190625 0.0359375 0.0875
2.0 0.44765625 0.13203125 0.0265625 0.1046875
5.0 0.14296875 0.29375 0.1328125 0.13125
5.0 0.1171875 0.415625 0.059375 0.103125
5.0 0.33125 0.68046875 0.10625 0.1984375
5.0 0.271875 0.7484375 0.08125 0.1625
5.0 0.24765625 0.5984375 0.0640625 0.15
5.0 0.21953125 0.7890625 0.0890625 0.215625
5.0 0.16953125 0.53984375 0.0703125 0.1890625
2.0 0.15234375 0.79765625 0.0578125 0.1484375
3.0 0.22734375 0.94375 0.0421875 0.071875
5.0 0.06171875 0.4453125 0.0671875 0.196875
