4.0 0.32734375 0.1203125 0.1328125 0.240625
4.0 0.3421875 0.296875 0.15 0.278125
2.0 0.3796875 0.4703125 0.128125 0.19375
2.0 0.49609375 0.3125 0.0859375 0.128125
4.0 0.4359375 0.15390625 0.078125 0.1765625
2.0 0.5953125 0.93515625 0.115625 0.1296875
2.0 0.65703125 0.58125 0.0703125 0.140625
3.0 0.4890625 0.48828125 0.0375 0.1015625
3.0 0.40546875 0.8296875 0.0734375 0.1375
3.0 0.33359375 0.70234375 0.1171875 0.2703125
2.0 0.68203125 0.7109375 0.0703125 0.15625
2.0 0.7265625 0.746875 0.078125 0.271875
