3.0 0.253125 0.66015625 0.096875 0.1234375
3.0 0.34453125 0.76796875 0.0984375 0.1234375
3.0 0.17890625 0.75859375 0.1453125 0.1765625
3.0 0.2890625 0.8625 0.128125 0.153125
3.0 0.11875 0.1453125 0.103125 0.15
3.0 0.0359375 0.453125 0.071875 0.11875
3.0 0.46171875 0.7 0.1484375 0.225
3.0 0.3640625 0.44765625 0.103125 0.1203125
3.0 0.4234375 0.365625 0.1 0.153125
3.0 0.54765625 0.47734375 0.3296875 0.4140625
3.0 0.6515625 0.63515625 0.05625 0.0796875
3.0 0.57421875 0.77109375 0.2078125 0.2859375
3.0 0.8953125 0.2875 0.1625 0.15
3.0 0.73671875 0.59609375 0.1671875 0.2484375
3.0 0.70546875 0.7671875 0.0640625 0.071875
3.0 0.67109375 0.8921875 0.2046875 0.215625
3.0 0.9296875 0.73828125 0.115625 0.1890625
3.0 0.52890625 0.97265625 0.1328125 0.0546875
3.0 0.6859375 0.98828125 0.153125 0.0234375
