3.0 0.74296875 0.75078125 0.0890625 0.0796875
3.0 0.715625 0.64375 0.084375 0.05
3.0 0.5375 0.725 0.075 0.028125
3.0 0.43125 0.6890625 0.090625 0.0375
3.0 0.6234375 0.584375 0.1 0.04375
3.0 0.578125 0.390625 0.040625 0.05
4.0 0.7859375 0.5421875 0.08125 0.1
4.0 0.79375 0.478125 0.059375 0.0375
4.0 0.96953125 0.4671875 0.0453125 0.0375
4.0 0.953125 0.41796875 0.09375 0.0609375
4.0 0.1140625 0.51171875 0.196875 0.1390625
4.0 0.353125 0.4859375 0.10625 0.0375
4.0 0.3203125 0.42890625 0.146875 0.0484375
4.0 0.35859375 0.590625 0.0828125 0.053125
4.0 0.55625 0.75 0.19375 0.103125
4.0 0.73828125 0.75078125 0.1109375 0.1046875
4.0 0.41875 0.6578125 0.253125 0.078125
4.0 0.2359375 0.646875 0.1625 0.121875
3.0 0.228125 0.61328125 0.090625 0.0265625
4.0 0.0875 0.68359375 0.15625 0.1015625
4.0 0.12265625 0.62421875 0.0734375 0.0484375
4.0 0.034375 0.58671875 0.05625 0.0484375
4.0 0.471875 0.49140625 0.04375 0.0234375
4.0 0.54296875 0.515625 0.0453125 0.03125
4.0 0.49375 0.4671875 0.071875 0.05
