3.0 0.0953125 0.06015625 0.190625 0.1171875
3.0 0.25390625 0.06796875 0.1328125 0.1359375
3.0 0.3875 0.12890625 0.15 0.1078125
3.0 0.28828125 0.2359375 0.1171875 0.090625
3.0 0.09140625 0.22734375 0.1671875 0.0328125
3.0 0.19140625 0.175 0.0953125 0.08125
3.0 0.353125 0.34140625 0.20625 0.0984375
3.0 0.37265625 0.54765625 0.0921875 0.0765625
3.0 0.6859375 0.2375 0.278125 0.084375
3.0 0.4359375 0.66171875 0.10625 0.0515625
3.0 0.5265625 0.78515625 0.309375 0.1859375
3.0 0.7359375 0.85859375 0.140625 0.2109375
3.0 0.1828125 0.56484375 0.34375 0.2859375
3.0 0.1625 0.76328125 0.315625 0.1515625
3.0 0.9203125 0.45234375 0.10625 0.0859375
3.0 0.634375 0.46328125 0.528125 0.4328125
