4.0 0.23984375 0.95390625 0.1578125 0.0921875
4.0 0.4578125 0.9421875 0.190625 0.115625
4.0 0.30234375 0.45078125 0.1390625 0.2859375
4.0 0.50234375 0.63359375 0.1609375 0.2015625
4.0 0.353125 0.6671875 0.04375 0.0875
3.0 0.16796875 0.8078125 0.0453125 0.103125
3.0 0.21875 0.87890625 0.028125 0.0484375
3.0 0.69609375 0.40390625 0.0578125 0.1828125
3.0 0.540625 0.79296875 0.04375 0.0953125
3.0 0.5984375 0.89921875 0.078125 0.0953125
3.0 0.7015625 0.784375 0.046875 0.159375
3.0 0.6875 0.95546875 0.040625 0.0890625
4.0 0.2515625 0.0703125 0.1 0.140625
4.0 0.40078125 0.04140625 0.1640625 0.0828125
4.0 0.60390625 0.21171875 0.0953125 0.1515625
4.0 0.58515625 0.48046875 0.0984375 0.2609375
4.0 0.7125 0.17734375 0.134375 0.1921875
