3.0 0.9546875 0.32265625 0.075 0.1640625
3.0 0.83125 0.23984375 0.13125 0.2296875
3.0 0.7859375 0.45625 0.121875 0.1875
3.0 0.77578125 0.64921875 0.1421875 0.1296875
3.0 0.971875 0.73359375 0.04375 0.0796875
3.0 0.5890625 0.96171875 0.046875 0.0765625
3.0 0.4546875 0.86796875 0.109375 0.2265625
3.0 0.63671875 0.48515625 0.0515625 0.1390625
3.0 0.57421875 0.54609375 0.0671875 0.1171875
3.0 0.54765625 0.621875 0.0765625 0.06875
3.0 0.48359375 0.49453125 0.0609375 0.1140625
3.0 0.328125 0.72421875 0.08125 0.0984375
3.0 0.6609375 0.2265625 0.196875 0.225
3.0 0.90625 0.071875 0.178125 0.14375
