3.0 0.078125 0.83984375 0.15625 0.2453125
3.0 0.14765625 0.703125 0.1390625 0.2
3.0 0.2375 0.83203125 0.284375 0.3359375
3.0 0.46484375 0.928125 0.2078125 0.14375
3.0 0.45390625 0.5671875 0.0953125 0.134375
3.0 0.415625 0.7515625 0.228125 0.33125
3.0 0.22109375 0.44609375 0.1640625 0.2703125
3.0 0.36796875 0.484375 0.2984375 0.4625
3.0 0.496875 0.328125 0.090625 0.11875
3.0 0.534375 0.4875 0.128125 0.15625
3.0 0.58671875 0.334375 0.1046875 0.128125
3.0 0.69375 0.2796875 0.15 0.20625
3.0 0.2328125 0.18046875 0.096875 0.1640625
3.0 0.3015625 0.28203125 0.23125 0.2703125
3.0 0.46640625 0.2390625 0.1484375 0.225
3.0 0.890625 0.43828125 0.184375 0.2953125
