3.0 0.028125 0.309375 0.05625 0.140625
3.0 0.39375 0.93203125 0.134375 0.1359375
3.0 0.4625 0.85859375 0.059375 0.0984375
3.0 0.47890625 0.94375 0.0609375 0.1125
3.0 0.3203125 0.1234375 0.109375 0.246875
3.0 0.42109375 0.353125 0.0890625 0.24375
3.0 0.5046875 0.6359375 0.175 0.3
3.0 0.63671875 0.5859375 0.1734375 0.253125
3.0 0.67890625 0.8515625 0.4015625 0.296875
3.0 0.59453125 0.23984375 0.0578125 0.1390625
3.0 0.60859375 0.4109375 0.0890625 0.103125
3.0 0.74140625 0.41875 0.1296875 0.1125
3.0 0.765625 0.26796875 0.140625 0.1640625
3.0 0.03203125 0.578125 0.0640625 0.271875
