3.0 0.1984375 0.3578125 0.078125 0.140625
3.0 0.2984375 0.375 0.05 0.1375
3.0 0.37109375 0.39453125 0.0328125 0.0765625
4.0 0.38203125 0.4859375 0.0828125 0.125
4.0 0.41640625 0.3484375 0.0671875 0.165625
4.0 0.45859375 0.43359375 0.0515625 0.1328125
3.0 0.55078125 0.37890625 0.0578125 0.0578125
3.0 0.63828125 0.36640625 0.0421875 0.1109375
4.0 0.31484375 0.62734375 0.0484375 0.1703125
4.0 0.4171875 0.946875 0.03125 0.08125
4.0 0.4875 0.953125 0.05 0.075
3.0 0.30234375 0.6625 0.0203125 0.05
4.0 0.49140625 0.4859375 0.0390625 0.128125
3.0 0.42109375 0.60859375 0.0359375 0.0640625
3.0 0.4609375 0.54140625 0.028125 0.0546875
3.0 0.4265625 0.6875 0.0375 0.065625
