3.0 0.55078125 0.45859375 0.0546875 0.0671875
5.0 0.615625 0.38828125 0.0625 0.0765625
5.0 0.63203125 0.51171875 0.0609375 0.1328125
5.0 0.61484375 0.615625 0.0578125 0.11875
5.0 0.615625 0.76640625 0.078125 0.1265625
5.0 0.56171875 0.659375 0.0265625 0.134375
5.0 0.53046875 0.60390625 0.0265625 0.1046875
3.0 0.54140625 0.465625 0.0578125 0.1125
3.0 0.41328125 0.646875 0.0578125 0.121875
3.0 0.28984375 0.76875 0.0546875 0.14375
3.0 0.31640625 0.52578125 0.0171875 0.0734375
3.0 0.25859375 0.634375 0.0328125 0.1
2.0 0.37265625 0.14765625 0.0484375 0.1421875
2.0 0.32578125 0.0359375 0.0703125 0.059375
3.0 0.84375 0.03046875 0.065625 0.0578125
2.0 0.57890625 0.11953125 0.0421875 0.1234375
