3.0 0.33203125 0.75859375 0.1546875 0.0640625
3.0 0.40234375 0.5078125 0.1296875 0.0625
3.0 0.90703125 0.5109375 0.1390625 0.053125
3.0 0.43671875 0.409375 0.1609375 0.028125
3.0 0.63359375 0.26875 0.2234375 0.115625
3.0 0.871875 0.39609375 0.159375 0.0859375
4.0 0.4265625 0.91484375 0.35625 0.1671875
4.0 0.8984375 0.8640625 0.203125 0.078125
4.0 0.56875 0.69609375 0.20625 0.1109375
4.0 0.45 0.54609375 0.446875 0.1546875
4.0 0.11953125 0.94453125 0.2359375 0.1078125
4.0 0.82265625 0.78671875 0.1453125 0.0484375
4.0 0.94375 0.7 0.078125 0.065625
4.0 0.14765625 0.81328125 0.1390625 0.0671875
4.0 0.25625 0.72578125 0.34375 0.2328125
