3.0 0.09609375 0.19140625 0.0546875 0.1328125
3.0 0.13828125 0.60234375 0.1046875 0.1453125
3.0 0.23125 0.49609375 0.0875 0.1078125
3.0 0.35234375 0.2453125 0.0828125 0.071875
3.0 0.45625 0.0984375 0.065625 0.0875
3.0 0.43125 0.31875 0.046875 0.0875
3.0 0.4484375 0.62265625 0.11875 0.2984375
3.0 0.7421875 0.00625 0.084375 0.0125
3.0 0.9046875 0.26875 0.190625 0.23125
3.0 0.77421875 0.628125 0.1171875 0.24375
3.0 0.775 0.4125 0.140625 0.121875
3.0 0.6828125 0.415625 0.040625 0.05
3.0 0.57734375 0.52109375 0.0640625 0.0421875
3.0 0.91484375 0.83125 0.0734375 0.071875
3.0 0.98203125 0.86796875 0.0359375 0.0765625
3.0 0.93515625 0.95 0.0609375 0.1
3.0 0.94296875 0.03203125 0.1140625 0.0640625
