3.0 0.63046875 0.21875 0.2390625 0.14375
3.0 0.4921875 0.1671875 0.190625 0.15625
3.0 0.37890625 0.240625 0.2203125 0.1625
3.0 0.35234375 0.33515625 0.1578125 0.1171875
3.0 0.48828125 0.33828125 0.0703125 0.0453125
3.0 0.67734375 0.3515625 0.2296875 0.140625
3.0 0.57890625 0.4265625 0.0765625 0.05
3.0 0.58984375 0.46796875 0.0578125 0.0328125
3.0 0.27109375 0.375 0.1296875 0.134375
3.0 0.3296875 0.46875 0.0625 0.046875
3.0 0.3171875 0.5140625 0.05625 0.05
3.0 0.4375 0.740625 0.175 0.15
3.0 0.2125 0.6265625 0.078125 0.059375
3.0 0.16796875 0.634375 0.0390625 0.034375
3.0 0.415625 0.5625 0.05 0.040625
3.0 0.54765625 0.58125 0.0734375 0.046875
3.0 0.53828125 0.65859375 0.0703125 0.0546875
3.0 0.91171875 0.6078125 0.1765625 0.175
3.0 0.9421875 0.696875 0.115625 0.115625
3.0 0.8453125 0.73125 0.090625 0.071875
3.0 0.26328125 0.78125 0.1609375 0.078125
3.0 0.3265625 0.84140625 0.053125 0.0359375
