3.0 0.6 0.9078125 0.159375 0.171875
3.0 0.34375 0.76796875 0.2375 0.0984375
3.0 0.140625 0.72578125 0.225 0.0953125
3.0 0.28671875 0.65546875 0.0828125 0.0578125
3.0 0.39296875 0.6859375 0.0953125 0.046875
3.0 0.61953125 0.6234375 0.0703125 0.046875
3.0 0.771875 0.55546875 0.159375 0.1140625
3.0 0.0671875 0.45078125 0.09375 0.1390625
3.0 0.0328125 0.37265625 0.065625 0.0734375
3.0 0.02265625 0.21484375 0.0359375 0.0703125
3.0 0.04765625 0.0390625 0.0859375 0.078125
3.0 0.290625 0.54609375 0.096875 0.0734375
3.0 0.64453125 0.51875 0.0859375 0.125
3.0 0.57109375 0.49765625 0.0765625 0.0671875
3.0 0.77421875 0.41171875 0.3234375 0.0953125
3.0 0.73515625 0.2375 0.2296875 0.284375
3.0 0.41953125 0.3140625 0.2640625 0.184375
