3.0 0.06953125 0.9046875 0.1015625 0.1625
3.0 0.10859375 0.7453125 0.1671875 0.190625
3.0 0.05703125 0.65546875 0.0640625 0.0703125
3.0 0.21484375 0.346875 0.2265625 0.11875
3.0 0.078125 0.22109375 0.146875 0.2265625
3.0 0.3859375 0.96171875 0.078125 0.0515625
3.0 0.55 0.9625 0.08125 0.06875
3.0 0.75859375 0.7890625 0.3203125 0.415625
3.0 0.8296875 0.47890625 0.071875 0.1140625
3.0 0.65546875 0.55 0.1515625 0.1375
3.0 0.9671875 0.22265625 0.065625 0.2171875
3.0 0.9203125 0.06171875 0.065625 0.0765625
3.0 0.9859375 0.05234375 0.028125 0.1046875
3.0 0.7625 0.24140625 0.0625 0.0421875
3.0 0.7828125 0.15390625 0.028125 0.0671875
3.0 0.703125 0.165625 0.1375 0.15
3.0 0.62109375 0.32890625 0.0765625 0.1671875
3.0 0.6890625 0.3375 0.05625 0.084375
3.0 0.47265625 0.32734375 0.1015625 0.0921875
3.0 0.421875 0.45703125 0.34375 0.2390625
3.0 0.58046875 0.45859375 0.1140625 0.1078125
3.0 0.38515625 0.7453125 0.2578125 0.184375
3.0 0.5390625 0.54375 0.09375 0.08125
3.0 0.55703125 0.771875 0.1203125 0.265625
3.0 0.6109375 0.64609375 0.059375 0.0890625
3.0 0.07421875 0.4890625 0.1484375 0.275
3.0 0.20625 0.93203125 0.046875 0.1109375
