3.0 0.1921875 0.79375 0.13125 0.24375
3.0 0.490625 0.978125 0.103125 0.0375
3.0 0.60859375 0.94140625 0.1015625 0.1140625
3.0 0.7390625 0.9265625 0.165625 0.1375
3.0 0.784375 0.68671875 0.11875 0.1078125
3.0 0.775 0.5921875 0.165625 0.109375
3.0 0.575 0.58515625 0.303125 0.2328125
3.0 0.54765625 0.446875 0.0765625 0.096875
3.0 0.7296875 0.5 0.075 0.109375
3.0 0.66328125 0.37734375 0.1359375 0.1421875
3.0 0.7859375 0.37109375 0.0875 0.1671875
3.0 0.82734375 0.32890625 0.0890625 0.1734375
3.0 0.8859375 0.2515625 0.125 0.14375
3.0 0.95234375 0.09765625 0.0890625 0.1328125
3.0 0.33203125 0.73671875 0.1359375 0.1171875
3.0 0.52421875 0.784375 0.1921875 0.1375
3.0 0.64765625 0.77890625 0.0984375 0.2453125
3.0 0.4109375 0.38828125 0.203125 0.2015625
3.0 0.0546875 0.3109375 0.065625 0.115625
3.0 0.02578125 0.18359375 0.0421875 0.1203125
3.0 0.1296875 0.35390625 0.1125 0.1984375
3.0 0.09921875 0.11328125 0.1171875 0.2078125
3.0 0.2484375 0.20546875 0.196875 0.1984375
3.0 0.23125 0.0515625 0.115625 0.103125
