3.0 0.6609375 0.93828125 0.115625 0.1234375
3.0 0.81328125 0.09765625 0.2140625 0.1796875
3.0 0.80078125 0.296875 0.3203125 0.303125
3.0 0.94296875 0.4625 0.1109375 0.240625
3.0 0.53203125 0.17109375 0.2078125 0.1796875
3.0 0.5703125 0.3765625 0.096875 0.1125
3.0 0.59375 0.46171875 0.115625 0.1140625
3.0 0.67265625 0.56875 0.1140625 0.090625
3.0 0.55 0.56328125 0.075 0.0921875
3.0 0.515625 0.64296875 0.109375 0.0703125
3.0 0.4984375 0.2796875 0.04375 0.084375
3.0 0.4625 0.25 0.046875 0.059375
3.0 0.42578125 0.1640625 0.0265625 0.075
3.0 0.43203125 0.48359375 0.0984375 0.0859375
3.0 0.384375 0.5640625 0.059375 0.06875
3.0 0.19375 0.559375 0.059375 0.071875
3.0 0.4578125 0.75234375 0.040625 0.0796875
3.0 0.2265625 0.72109375 0.103125 0.1953125
3.0 0.23359375 0.91484375 0.0765625 0.1640625
3.0 0.32578125 0.84609375 0.0546875 0.0828125
3.0 0.30078125 0.9296875 0.0453125 0.090625
