3.0 0.0203125 0.81328125 0.040625 0.2890625
3.0 0.07734375 0.875 0.0765625 0.125
3.0 0.15859375 0.87890625 0.0859375 0.0953125
3.0 0.2375 0.959375 0.09375 0.05625
3.0 0.3265625 0.9078125 0.084375 0.15
3.0 0.57890625 0.9171875 0.1109375 0.165625
3.0 0.10390625 0.06328125 0.1484375 0.1265625
3.0 0.25390625 0.05234375 0.1078125 0.1046875
3.0 0.35546875 0.19765625 0.0734375 0.0890625
3.0 0.33515625 0.37578125 0.1046875 0.1515625
3.0 0.428125 0.44921875 0.084375 0.1359375
3.0 0.465625 0.59765625 0.05625 0.1296875
3.0 0.5625 0.5984375 0.11875 0.284375
3.0 0.57421875 0.27421875 0.1453125 0.2765625
3.0 0.64765625 0.4515625 0.1453125 0.1625
3.0 0.3890625 0.0375 0.09375 0.075
