3.0 0.02265625 0.5703125 0.0453125 0.15
3.0 0.0515625 0.7390625 0.103125 0.346875
3.0 0.5546875 0.01484375 0.1125 0.0296875
3.0 0.6625 0.0625 0.078125 0.125
3.0 0.56171875 0.10859375 0.1171875 0.2171875
3.0 0.67109375 0.22265625 0.1546875 0.2078125
3.0 0.81796875 0.409375 0.2140625 0.2125
3.0 0.2640625 0.56875 0.059375 0.125
3.0 0.22421875 0.659375 0.0140625 0.05625
3.0 0.30234375 0.63359375 0.0390625 0.0765625
3.0 0.27109375 0.88359375 0.1046875 0.2328125
3.0 0.396875 0.79921875 0.121875 0.0703125
3.0 0.634375 0.50625 0.109375 0.265625
3.0 0.60703125 0.7671875 0.1578125 0.109375
7.0 0.85859375 0.65234375 0.0828125 0.1515625
3.0 0.37421875 0.696875 0.1140625 0.125
