3.0 0.271875 0.73203125 0.0375 0.0796875
3.0 0.43515625 0.50546875 0.0640625 0.1328125
3.0 0.60234375 0.2390625 0.0765625 0.16875
3.0 0.19375 0.49765625 0.059375 0.1296875
4.0 0.1765625 0.5765625 0.15625 0.33125
4.0 0.2375 0.690625 0.134375 0.290625
4.0 0.33203125 0.72109375 0.1109375 0.2328125
4.0 0.29921875 0.44375 0.1609375 0.346875
4.0 0.39375 0.47734375 0.15625 0.3359375
4.0 0.49296875 0.28828125 0.1046875 0.2265625
4.0 0.54375 0.13828125 0.1125 0.2359375
4.0 0.525 0.85546875 0.13125 0.2734375
4.0 0.64296875 0.64609375 0.1234375 0.2546875
