3.0 0.725 0.73984375 0.1625 0.1296875
3.0 0.778125 0.55703125 0.103125 0.0640625
3.0 0.70859375 0.26953125 0.0890625 0.0578125
3.0 0.6 0.1796875 0.0875 0.084375
3.0 0.48359375 0.63828125 0.2234375 0.0921875
3.0 0.40703125 0.7390625 0.0578125 0.025
3.0 0.3734375 0.54140625 0.13125 0.1578125
3.0 0.184375 0.52421875 0.215625 0.1171875
3.0 0.4265625 0.24453125 0.103125 0.0765625
3.0 0.1578125 0.2875 0.184375 0.10625
3.0 0.03359375 0.59609375 0.0578125 0.0609375
3.0 0.38984375 0.03515625 0.0859375 0.0703125
