3.0 0.959375 0.89765625 0.078125 0.1984375
3.0 0.91796875 0.70390625 0.1171875 0.1203125
3.0 0.74375 0.646875 0.1 0.19375
3.0 0.64140625 0.5875 0.0765625 0.0875
3.0 0.5421875 0.6390625 0.08125 0.115625
3.0 0.503125 0.57421875 0.059375 0.0796875
3.0 0.66875 0.4859375 0.125 0.09375
3.0 0.4359375 0.2671875 0.071875 0.0875
3.0 0.40859375 0.159375 0.0453125 0.10625
3.0 0.33984375 0.1859375 0.0796875 0.196875
3.0 0.29609375 0.328125 0.0859375 0.109375
3.0 0.3546875 0.41171875 0.071875 0.2171875
3.0 0.28671875 0.61171875 0.0796875 0.0890625
3.0 0.3390625 0.70859375 0.059375 0.0515625
3.0 0.47421875 0.71875 0.0703125 0.140625
3.0 0.66953125 0.90390625 0.2515625 0.1828125
3.0 0.54375 0.809375 0.059375 0.08125
