3.0 0.91484375 0.071875 0.1703125 0.125
3.0 0.56171875 0.11484375 0.0828125 0.1171875
3.0 0.8984375 0.9453125 0.203125 0.109375
3.0 0.01171875 0.87265625 0.0234375 0.0734375
3.0 0.08125 0.94140625 0.1625 0.1171875
3.0 0.06484375 0.709375 0.1296875 0.275
3.0 0.0625 0.7046875 0.125 0.275
3.0 0.29140625 0.78828125 0.3640625 0.4234375
3.0 0.06953125 0.3328125 0.1390625 0.253125
3.0 0.109375 0.1828125 0.21875 0.234375
3.0 0.215625 0.22890625 0.165625 0.3015625
3.0 0.4640625 0.22109375 0.165625 0.1890625
3.0 0.4578125 0.4796875 0.11875 0.096875
3.0 0.6984375 0.625 0.528125 0.31875
