4.0 0.11484375 0.25390625 0.1390625 0.3171875
4.0 0.22890625 0.35234375 0.1296875 0.3546875
4.0 0.278125 0.19453125 0.03125 0.0890625
4.0 0.2015625 0.0578125 0.121875 0.115625
4.0 0.26875 0.06953125 0.05 0.1390625
2.0 0.34765625 0.31796875 0.0421875 0.2578125
2.0 0.39921875 0.225 0.0265625 0.134375
3.0 0.47890625 0.04296875 0.0828125 0.0859375
3.0 0.59140625 0.44453125 0.0953125 0.1828125
3.0 0.48203125 0.56015625 0.1328125 0.2703125
3.0 0.4890625 0.84296875 0.1125 0.2171875
3.0 0.6375 0.878125 0.05625 0.16875
3.0 0.66484375 0.68984375 0.0515625 0.2171875
2.0 0.58203125 0.71640625 0.1140625 0.1671875
2.0 0.65390625 0.015625 0.0515625 0.03125
5.0 0.875 0.6671875 0.153125 0.284375
5.0 0.95 0.765625 0.1 0.23125
5.0 0.97421875 0.55078125 0.0515625 0.2140625
5.0 0.98515625 0.82265625 0.0296875 0.3078125
