3.0 0.11796875 0.92890625 0.2140625 0.0953125
3.0 0.12734375 0.8234375 0.0984375 0.14375
3.0 0.2265625 0.69296875 0.1375 0.1359375
3.0 0.15234375 0.353125 0.2046875 0.109375
3.0 0.26640625 0.225 0.1453125 0.140625
3.0 0.3671875 0.23984375 0.171875 0.1578125
3.0 0.32265625 0.4015625 0.0796875 0.078125
3.0 0.39609375 0.3265625 0.0765625 0.059375
3.0 0.17734375 0.5140625 0.1171875 0.059375
3.0 0.29609375 0.49296875 0.0671875 0.0578125
3.0 0.7125 0.49921875 0.159375 0.0796875
3.0 0.7875 0.42890625 0.128125 0.1265625
3.0 0.909375 0.3234375 0.18125 0.14375
3.0 0.62578125 0.7453125 0.2171875 0.234375
3.0 0.8859375 0.58515625 0.228125 0.1078125
3.0 0.90859375 0.771875 0.1828125 0.1875
3.0 0.43046875 0.071875 0.2765625 0.14375
3.0 0.63359375 0.0953125 0.0921875 0.08125
