4.0 0.50234375 0.8265625 0.1140625 0.184375
3.0 0.36640625 0.9625 0.0921875 0.06875
3.0 0.41640625 0.72265625 0.0296875 0.0671875
3.0 0.38203125 0.5671875 0.0234375 0.065625
3.0 0.33125 0.31875 0.059375 0.090625
3.0 0.3546875 0.47421875 0.021875 0.0703125
3.0 0.415625 0.3453125 0.03125 0.053125
3.0 0.45546875 0.39140625 0.0328125 0.0703125
3.0 0.62578125 0.425 0.0203125 0.046875
3.0 0.68359375 0.42578125 0.0296875 0.1171875
4.0 0.39609375 0.71796875 0.0921875 0.1171875
4.0 0.478125 0.27421875 0.0625 0.0796875
4.0 0.5203125 0.2546875 0.08125 0.140625
4.0 0.44375 0.63828125 0.040625 0.0828125
4.0 0.5453125 0.62265625 0.05 0.0828125
4.0 0.58671875 0.6453125 0.0359375 0.109375
4.0 0.56015625 0.4890625 0.0390625 0.06875
4.0 0.5296875 0.378125 0.03125 0.059375
4.0 0.55625 0.49140625 0.0375 0.0859375
