3.0 0.0703125 0.496875 0.140625 0.353125
3.0 0.18671875 0.2109375 0.0703125 0.084375
3.0 0.303125 0.12734375 0.09375 0.1203125
3.0 0.60234375 0.0796875 0.1109375 0.159375
3.0 0.29765625 0.5046875 0.1328125 0.178125
3.0 0.2515625 0.6203125 0.090625 0.11875
3.0 0.72734375 0.29765625 0.0953125 0.1234375
3.0 0.5625 0.5671875 0.159375 0.221875
3.0 0.6578125 0.503125 0.15 0.203125
3.0 0.83515625 0.2046875 0.0953125 0.128125
3.0 0.88671875 0.125 0.0953125 0.15
3.0 0.91875 0.23984375 0.0625 0.0953125
3.0 0.9890625 0.446875 0.021875 0.140625
3.0 0.4 0.1 0.065625 0.0875
