3.0 0.3875 0.53359375 0.278125 0.1546875
3.0 0.2515625 0.65625 0.3875 0.246875
3.0 0.58359375 0.78046875 0.4109375 0.3171875
3.0 0.63203125 0.65 0.2609375 0.153125
3.0 0.68203125 0.54296875 0.1421875 0.1015625
3.0 0.31171875 0.8515625 0.2953125 0.278125
3.0 0.49140625 0.95078125 0.1890625 0.0984375
3.0 0.84453125 0.73203125 0.2109375 0.2046875
3.0 0.7578125 0.24921875 0.1375 0.0796875
3.0 0.9640625 0.2375 0.071875 0.0625
3.0 0.80078125 0.515625 0.0890625 0.084375
3.0 0.62265625 0.2765625 0.0921875 0.065625
3.0 0.61640625 0.13359375 0.0640625 0.0453125
3.0 0.04296875 0.60546875 0.0859375 0.1203125
3.0 0.265625 0.36171875 0.08125 0.0546875
3.0 0.646875 0.35390625 0.121875 0.0609375
3.0 0.72890625 0.6671875 0.1796875 0.159375
