3.0 0.24609375 0.04140625 0.3421875 0.0828125
3.0 0.609375 0.075 0.3 0.15
3.0 0.74921875 0.03125 0.0546875 0.0625
3.0 0.64140625 0.171875 0.0578125 0.1125
3.0 0.70390625 0.1234375 0.0796875 0.071875
3.0 0.74765625 0.45546875 0.1296875 0.1171875
3.0 0.81796875 0.565625 0.0671875 0.0875
3.0 0.54296875 0.3125 0.1109375 0.203125
3.0 0.51640625 0.415625 0.1515625 0.165625
3.0 0.39765625 0.56484375 0.1328125 0.1328125
3.0 0.5859375 0.56796875 0.0875 0.1078125
3.0 0.62421875 0.67109375 0.1578125 0.0984375
3.0 0.70078125 0.8390625 0.0671875 0.10625
3.0 0.978125 0.803125 0.04375 0.278125
3.0 0.8921875 0.94921875 0.06875 0.1015625
3.0 0.21328125 0.221875 0.4109375 0.4
3.0 0.0484375 0.38203125 0.096875 0.4328125
