4.0 0.79296875 0.4984375 0.1046875 0.2625
4.0 0.690625 0.5421875 0.096875 0.309375
4.0 0.7265625 0.2765625 0.09375 0.165625
4.0 0.66796875 0.29296875 0.0296875 0.1140625
4.0 0.65234375 0.4 0.0484375 0.1
4.0 0.10546875 0.71953125 0.1765625 0.2296875
2.0 0.62265625 0.15390625 0.0515625 0.1703125
2.0 0.58984375 0.52265625 0.0390625 0.2703125
3.0 0.53046875 0.26484375 0.0328125 0.0703125
3.0 0.49375 0.7125 0.10625 0.228125
3.0 0.4484375 0.928125 0.13125 0.14375
3.0 0.3453125 0.946875 0.04375 0.10625
2.0 0.25859375 0.1796875 0.0671875 0.3
2.0 0.553125 0.41953125 0.025 0.1015625
2.0 0.40234375 0.70390625 0.0609375 0.1359375
2.0 0.34921875 0.83984375 0.1203125 0.1203125
2.0 0.40625 0.0484375 0.046875 0.06875
2.0 0.33515625 0.16875 0.0328125 0.103125
3.0 0.39453125 0.57421875 0.0546875 0.1171875
3.0 0.0296875 0.48828125 0.059375 0.1203125
