4.0 0.22578125 0.06015625 0.1390625 0.1203125
4.0 0.27421875 0.140625 0.1390625 0.28125
4.0 0.33125 0.071875 0.034375 0.078125
4.0 0.3484375 0.0265625 0.05625 0.053125
2.0 0.41484375 0.015625 0.0640625 0.03125
2.0 0.34921875 0.203125 0.0703125 0.184375
2.0 0.39609375 0.19296875 0.0390625 0.0984375
3.0 0.4765625 0.1515625 0.065625 0.128125
3.0 0.46796875 0.4828125 0.0890625 0.1875
3.0 0.38359375 0.4578125 0.1265625 0.26875
3.0 0.33671875 0.62890625 0.1046875 0.2203125
3.0 0.4171875 0.77421875 0.0625 0.1453125
3.0 0.465625 0.68828125 0.06875 0.1703125
2.0 0.4140625 0.634375 0.096875 0.19375
2.0 0.58984375 0.26015625 0.0515625 0.1140625
2.0 0.63671875 0.25703125 0.0484375 0.1203125
5.0 0.8484375 0.76015625 0.14375 0.2703125
5.0 0.8375 0.8921875 0.075 0.15625
5.0 0.5921875 0.853125 0.140625 0.29375
5.0 0.6234375 0.93203125 0.109375 0.1359375
5.0 0.6828125 0.88671875 0.090625 0.2015625
5.0 0.65703125 0.9671875 0.1296875 0.065625
5.0 0.76171875 0.9046875 0.1078125 0.190625
5.0 0.87578125 0.93046875 0.1078125 0.1390625
