3.0 0.753125 0.89140625 0.240625 0.2015625
3.0 0.4984375 0.83671875 0.209375 0.1859375
3.0 0.4015625 0.8484375 0.0375 0.0875
3.0 0.4765625 0.728125 0.040625 0.078125
3.0 0.4328125 0.7625 0.05625 0.05
3.0 0.40234375 0.5296875 0.0890625 0.08125
3.0 0.353125 0.45234375 0.046875 0.0609375
3.0 0.5453125 0.62890625 0.078125 0.1421875
3.0 0.5640625 0.5578125 0.10625 0.115625
3.0 0.64765625 0.453125 0.0921875 0.09375
3.0 0.515625 0.45078125 0.0625 0.0765625
3.0 0.48828125 0.378125 0.1109375 0.06875
3.0 0.4359375 0.2609375 0.046875 0.075
3.0 0.203125 0.28671875 0.10625 0.1953125
3.0 0.30078125 0.18046875 0.0484375 0.0765625
3.0 0.21328125 0.10703125 0.0734375 0.1640625
3.0 0.62109375 0.06875 0.1265625 0.1375
3.0 0.17265625 0.45625 0.0640625 0.059375
3.0 0.28203125 0.08984375 0.0390625 0.0859375
3.0 0.7765625 0.69296875 0.2875 0.2796875
3.0 0.92734375 0.58125 0.1390625 0.303125
