3.0 0.2734375 0.73984375 0.1625 0.1296875
3.0 0.22109375 0.55703125 0.1046875 0.0640625
3.0 0.28984375 0.26953125 0.0890625 0.0578125
3.0 0.3984375 0.1796875 0.0875 0.084375
3.0 0.51484375 0.63828125 0.2234375 0.0921875
3.0 0.59140625 0.7390625 0.0578125 0.025
3.0 0.625 0.54140625 0.13125 0.1578125
3.0 0.8140625 0.52421875 0.215625 0.1171875
3.0 0.571875 0.24453125 0.103125 0.0765625
3.0 0.840625 0.2875 0.184375 0.10625
3.0 0.96484375 0.59609375 0.0578125 0.0609375
3.0 0.60859375 0.03515625 0.0859375 0.0703125
