3.0 0.4703125 0.31640625 0.24375 0.2421875
3.0 0.62578125 0.4078125 0.2359375 0.18125
3.0 0.33359375 0.45078125 0.3578125 0.1765625
3.0 0.1703125 0.52109375 0.146875 0.0984375
3.0 0.121875 0.7296875 0.16875 0.103125
3.0 0.0796875 0.76328125 0.159375 0.1859375
3.0 0.20390625 0.85546875 0.1015625 0.0984375
3.0 0.3765625 0.5796875 0.196875 0.109375
3.0 0.57109375 0.5703125 0.2203125 0.146875
3.0 0.67734375 0.6203125 0.1296875 0.0875
3.0 0.5578125 0.6671875 0.11875 0.084375
3.0 0.76484375 0.73203125 0.0890625 0.1234375
3.0 0.271875 0.35546875 0.1375 0.1015625
