3.0 0.36171875 0.2953125 0.1203125 0.065625
3.0 0.38515625 0.3890625 0.1421875 0.05625
3.0 0.390625 0.45625 0.065625 0.04375
3.0 0.02578125 0.38046875 0.0515625 0.0453125
3.0 0.32109375 0.7234375 0.0890625 0.040625
3.0 0.3984375 0.6171875 0.0625 0.03125
4.0 0.66328125 0.41953125 0.1453125 0.0515625
4.0 0.4734375 0.47578125 0.115625 0.0828125
4.0 0.33671875 0.5078125 0.1296875 0.059375
4.0 0.43515625 0.5453125 0.1140625 0.05
4.0 0.590625 0.51640625 0.071875 0.0203125
4.0 0.6953125 0.4203125 0.103125 0.034375
4.0 0.95390625 0.58125 0.0890625 0.05625
4.0 0.5546875 0.55078125 0.103125 0.0390625
4.0 0.47578125 0.5796875 0.0984375 0.046875
