3.0 0.38671875 0.1015625 0.1109375 0.14375
3.0 0.46171875 0.14765625 0.1171875 0.1609375
3.0 0.35625 0.25625 0.071875 0.103125
3.0 0.28203125 0.27578125 0.2328125 0.3078125
3.0 0.678125 0.21953125 0.1125 0.1515625
3.0 0.74375 0.19609375 0.05 0.0671875
3.0 0.7375 0.303125 0.075 0.090625
3.0 0.58203125 0.3921875 0.0828125 0.109375
3.0 0.64765625 0.434375 0.0953125 0.134375
3.0 0.41875 0.47421875 0.13125 0.1703125
3.0 0.4171875 0.58984375 0.146875 0.1859375
3.0 0.925 0.70859375 0.15 0.2078125
3.0 0.5578125 0.4640625 0.14375 0.19375
3.0 0.5546875 0.56953125 0.109375 0.1484375
3.0 0.5328125 0.68125 0.134375 0.18125
