3.0 0.58671875 0.15390625 0.2390625 0.1703125
3.0 0.8546875 0.3953125 0.13125 0.090625
3.0 0.7328125 0.39296875 0.19375 0.1046875
3.0 0.92578125 0.4734375 0.1328125 0.096875
3.0 0.78984375 0.52109375 0.0828125 0.0796875
3.0 0.690625 0.44921875 0.1 0.0703125
3.0 0.7390625 0.63359375 0.109375 0.0953125
3.0 0.93984375 0.8109375 0.1015625 0.125
3.0 0.9625 0.9328125 0.05625 0.1
3.0 0.33984375 0.5796875 0.1609375 0.1375
3.0 0.21015625 0.48515625 0.1640625 0.1078125
3.0 0.446875 0.865625 0.2375 0.26875
3.0 0.1359375 0.653125 0.26875 0.153125
3.0 0.11796875 0.86328125 0.2359375 0.2265625
