3.0 0.47734375 0.746875 0.0765625 0.0875
3.0 0.45078125 0.95 0.1109375 0.1
3.0 0.35859375 0.771875 0.0546875 0.115625
3.0 0.3609375 0.4890625 0.046875 0.078125
3.0 0.34765625 0.39296875 0.0265625 0.0859375
3.0 0.35234375 0.30078125 0.0265625 0.0546875
3.0 0.47578125 0.21796875 0.0453125 0.0703125
4.0 0.4625 0.36640625 0.06875 0.1859375
3.0 0.80078125 0.29375 0.0328125 0.121875
3.0 0.93984375 0.36015625 0.0671875 0.0734375
2.0 0.8328125 0.74609375 0.1 0.1640625
2.0 0.80390625 0.5390625 0.0890625 0.184375
2.0 0.8375 0.8296875 0.11875 0.175
2.0 0.8703125 0.60390625 0.040625 0.1203125
2.0 0.83359375 0.39375 0.0578125 0.1
4.0 0.734375 0.6953125 0.065625 0.171875
4.0 0.625 0.8078125 0.1125 0.215625
2.0 0.67890625 0.5796875 0.0234375 0.06875
2.0 0.59453125 0.66875 0.0390625 0.059375
2.0 0.5921875 0.62578125 0.05625 0.0640625
3.0 0.47578125 0.62265625 0.0234375 0.0609375
3.0 0.4375 0.64765625 0.025 0.0921875
4.0 0.64453125 0.521875 0.0515625 0.0875
3.0 0.29609375 0.48203125 0.0296875 0.0546875
3.0 0.29296875 0.57890625 0.0265625 0.0546875
