3.0 0.21640625 0.740625 0.0828125 0.065625
3.0 0.2046875 0.6359375 0.059375 0.13125
3.0 0.01328125 0.62421875 0.0265625 0.0703125
3.0 0.13828125 0.8625 0.0828125 0.053125
3.0 0.07265625 0.8828125 0.0515625 0.0875
3.0 0.36875 0.89140625 0.125 0.2046875
3.0 0.48359375 0.86796875 0.0890625 0.1703125
3.0 0.36640625 0.71875 0.1828125 0.0875
3.0 0.35625 0.63203125 0.1 0.0671875
3.0 0.5515625 0.70078125 0.078125 0.0765625
3.0 0.54375 0.45546875 0.103125 0.0796875
3.0 0.42890625 0.403125 0.1109375 0.134375
3.0 0.39453125 0.2671875 0.1796875 0.128125
3.0 0.4828125 0.12578125 0.05625 0.2171875
3.0 0.59765625 0.175 0.1546875 0.35
3.0 0.76171875 0.3125 0.2171875 0.259375
3.0 0.875 0.48359375 0.071875 0.1328125
3.0 0.72734375 0.65 0.0546875 0.103125
