3.0 0.246875 0.4109375 0.046875 0.090625
3.0 0.2203125 0.571875 0.08125 0.146875
3.0 0.30390625 0.6265625 0.0578125 0.109375
3.0 0.3765625 0.58515625 0.071875 0.1296875
3.0 0.35625 0.19609375 0.053125 0.1140625
3.0 0.3046875 0.3203125 0.046875 0.115625
3.0 0.64140625 0.74921875 0.0546875 0.1015625
3.0 0.57421875 0.69765625 0.0421875 0.0859375
4.0 0.22734375 0.4078125 0.1359375 0.271875
4.0 0.328125 0.18828125 0.134375 0.2453125
4.0 0.3765625 0.33984375 0.065625 0.1265625
4.0 0.3234375 0.346875 0.121875 0.278125
4.0 0.4203125 0.05078125 0.109375 0.1015625
4.0 0.3125 0.06171875 0.109375 0.1234375
4.0 0.5640625 0.40703125 0.075 0.1984375
4.0 0.61796875 0.51796875 0.0796875 0.2203125
4.0 0.484375 0.50625 0.0375 0.071875
4.0 0.503125 0.39609375 0.05625 0.1265625
4.0 0.3734375 0.3328125 0.0625 0.1125
4.0 0.4171875 0.83984375 0.05 0.1109375
3.0 0.52578125 0.965625 0.0421875 0.06875
4.0 0.39609375 0.6890625 0.0359375 0.06875
4.0 0.50234375 0.57734375 0.0609375 0.1078125
4.0 0.621875 0.525 0.078125 0.203125
