3.0 0.0765625 0.596875 0.084375 0.071875
3.0 0.01875 0.6984375 0.034375 0.1
3.0 0.25625 0.8078125 0.109375 0.240625
3.0 0.1828125 0.396875 0.059375 0.05
3.0 0.2765625 0.275 0.046875 0.0875
3.0 0.47578125 0.58359375 0.0515625 0.0578125
3.0 0.56640625 0.5984375 0.1359375 0.1125
3.0 0.55 0.77265625 0.1125 0.2171875
3.0 0.66328125 0.46875 0.1203125 0.196875
3.0 0.7796875 0.49765625 0.028125 0.1046875
3.0 0.55546875 0.16796875 0.0984375 0.1140625
3.0 0.7765625 0.178125 0.15625 0.225
3.0 0.253125 0.490625 0.05625 0.053125
