3.0 0.20625 0.79296875 0.14375 0.1796875
3.0 0.3546875 0.0484375 0.253125 0.096875
3.0 0.29921875 0.184375 0.3890625 0.36875
3.0 0.115625 0.1984375 0.178125 0.28125
3.0 0.58125 0.18671875 0.246875 0.2859375
3.0 0.4765625 0.34609375 0.125 0.1578125
3.0 0.42734375 0.409375 0.1421875 0.171875
3.0 0.32109375 0.45703125 0.1328125 0.1515625
3.0 0.43203125 0.52578125 0.0984375 0.1296875
3.0 0.4359375 0.61796875 0.121875 0.1296875
3.0 0.575 0.30390625 0.06875 0.1015625
3.0 0.61640625 0.2984375 0.0609375 0.08125
3.0 0.678125 0.24375 0.05 0.084375
3.0 0.5640625 0.52578125 0.115625 0.1359375
3.0 0.5796875 0.62578125 0.075 0.0984375
3.0 0.7515625 0.73671875 0.078125 0.0984375
3.0 0.45 0.74921875 0.0625 0.0953125
3.0 0.6671875 0.86171875 0.159375 0.2359375
3.0 0.59609375 0.9671875 0.1234375 0.065625
3.0 0.5359375 0.9125 0.078125 0.10625
3.0 0.53046875 0.97421875 0.0703125 0.0515625
