3.0 0.58515625 0.209375 0.0734375 0.0875
3.0 0.53203125 0.0546875 0.0328125 0.0625
3.0 0.57109375 0.15390625 0.0328125 0.0484375
3.0 0.43984375 0.1625 0.0140625 0.05
3.0 0.68828125 0.4046875 0.0890625 0.115625
3.0 0.32890625 0.4546875 0.0984375 0.278125
3.0 0.4265625 0.8421875 0.084375 0.196875
3.0 0.33125 0.7828125 0.0875 0.24375
3.0 0.2203125 0.67421875 0.178125 0.0890625
3.0 0.69765625 0.75390625 0.1390625 0.0703125
3.0 0.77578125 0.51171875 0.1296875 0.1140625
3.0 0.65859375 0.58359375 0.0671875 0.1765625
3.0 0.51953125 0.72734375 0.0796875 0.1328125
3.0 0.4109375 0.7 0.040625 0.06875
3.0 0.62734375 0.31640625 0.0890625 0.1453125
