3.0 0.41640625 0.709375 0.0578125 0.071875
3.0 0.4703125 0.90625 0.071875 0.178125
3.0 0.60859375 0.01015625 0.0234375 0.0171875
5.0 0.034375 0.59765625 0.065625 0.1734375
5.0 0.2765625 0.378125 0.0875 0.215625
5.0 0.40546875 0.409375 0.0453125 0.059375
5.0 0.40234375 0.50546875 0.0578125 0.1484375
5.0 0.42890625 0.65625 0.0859375 0.175
5.0 0.10546875 0.959375 0.1046875 0.08125
5.0 0.01796875 0.7859375 0.0359375 0.15625
5.0 0.20859375 0.41484375 0.0671875 0.1640625
5.0 0.31015625 0.171875 0.0265625 0.0625
5.0 0.32890625 0.2890625 0.0515625 0.11875
5.0 0.371875 0.27734375 0.040625 0.1109375
