4.0 0.75859375 0.48671875 0.1296875 0.2015625
4.0 0.5765625 0.7484375 0.125 0.228125
4.0 0.75625 0.6796875 0.08125 0.20625
4.0 0.68984375 0.81796875 0.0703125 0.0921875
4.0 0.640625 0.04765625 0.08125 0.0796875
4.0 0.5265625 0.04453125 0.1 0.0828125
4.0 0.43125 0.70703125 0.071875 0.1921875
4.0 0.3484375 0.6765625 0.096875 0.16875
3.0 0.62578125 0.9453125 0.0421875 0.08125
3.0 0.34140625 0.86640625 0.0515625 0.1140625
3.0 0.109375 0.06015625 0.0625 0.1078125
4.0 0.6375 0.5953125 0.125 0.26875
3.0 0.26640625 0.71484375 0.0234375 0.0578125
