3.0 0.8015625 0.6828125 0.03125 0.075
3.0 0.75703125 0.80390625 0.0609375 0.1640625
3.0 0.4703125 0.6453125 0.034375 0.096875
3.0 0.41953125 0.746875 0.0578125 0.08125
3.0 0.321875 0.6375 0.03125 0.15
3.0 0.3375 0.82578125 0.040625 0.1296875
3.0 0.346875 0.3328125 0.065625 0.184375
4.0 0.43515625 0.146875 0.0953125 0.134375
4.0 0.3359375 0.11484375 0.125 0.1640625
4.0 0.2328125 0.3234375 0.1125 0.40625
4.0 0.559375 0.58203125 0.165625 0.2015625
4.0 0.7546875 0.4 0.13125 0.28125
4.0 0.678125 0.41484375 0.0625 0.1890625
4.0 0.809375 0.91171875 0.13125 0.1765625
4.0 0.60546875 0.9125 0.1984375 0.146875
4.0 0.45703125 0.39765625 0.0953125 0.2203125
4.0 0.3296875 0.37734375 0.09375 0.3234375
