3.0 0.66328125 0.503125 0.0484375 0.13125
3.0 0.2328125 0.8859375 0.05 0.1125
3.0 0.59765625 0.23359375 0.0390625 0.0703125
4.0 0.403125 0.08046875 0.128125 0.1609375
4.0 0.55546875 0.0859375 0.0921875 0.13125
3.0 0.2234375 0.56875 0.04375 0.040625
3.0 0.44140625 0.52109375 0.0578125 0.0734375
4.0 0.184375 0.853125 0.115625 0.221875
4.0 0.21015625 0.653125 0.1109375 0.23125
4.0 0.34296875 0.771875 0.1265625 0.26875
4.0 0.41484375 0.596875 0.1296875 0.246875
4.0 0.5546875 0.6234375 0.08125 0.178125
4.0 0.640625 0.67734375 0.1125 0.1734375
4.0 0.48828125 0.26171875 0.0453125 0.1703125
4.0 0.5875 0.39296875 0.06875 0.1828125
