3.0 0.15859375 0.0234375 0.2859375 0.046875
3.0 0.1 0.08984375 0.121875 0.0734375
3.0 0.10078125 0.17109375 0.0890625 0.0828125
3.0 0.025 0.25078125 0.05 0.0921875
3.0 0.08125 0.3390625 0.14375 0.08125
3.0 0.0828125 0.5921875 0.165625 0.10625
3.0 0.9234375 0.090625 0.1375 0.14375
3.0 0.9375 0.240625 0.109375 0.10625
3.0 0.7921875 0.346875 0.084375 0.071875
3.0 0.6140625 0.33203125 0.146875 0.1015625
3.0 0.5453125 0.42734375 0.13125 0.0796875
3.0 0.3984375 0.46875 0.128125 0.053125
3.0 0.40390625 0.565625 0.2765625 0.109375
3.0 0.728125 0.5671875 0.26875 0.1375
3.0 0.55546875 0.646875 0.1546875 0.140625
3.0 0.95859375 0.37421875 0.0765625 0.0921875
