3.0 0.75078125 0.18671875 0.1359375 0.1609375
3.0 0.6421875 0.2546875 0.228125 0.25
3.0 0.7546875 0.390625 0.071875 0.1
3.0 0.809375 0.33359375 0.103125 0.1421875
3.0 0.4203125 0.21015625 0.346875 0.4203125
3.0 0.25234375 0.465625 0.4015625 0.41875
3.0 0.4234375 0.653125 0.0875 0.10625
3.0 0.971875 0.45390625 0.05625 0.1078125
3.0 0.640625 0.54921875 0.421875 0.5328125
3.0 0.2921875 0.73515625 0.2125 0.2703125
3.0 0.6125 0.79375 0.2875 0.371875
3.0 0.65625 0.90390625 0.1 0.1359375
3.0 0.60703125 0.95859375 0.1328125 0.0828125
3.0 0.78515625 0.93359375 0.1828125 0.1328125
