3.0 0.63828125 0.0609375 0.1390625 0.11875
3.0 0.5109375 0.11796875 0.059375 0.0953125
3.0 0.61796875 0.2078125 0.1234375 0.2125
3.0 0.92578125 0.8234375 0.0390625 0.109375
3.0 0.82890625 0.846875 0.1015625 0.109375
3.0 0.61015625 0.91171875 0.0734375 0.1078125
3.0 0.6703125 0.9453125 0.0375 0.096875
3.0 0.51640625 0.959375 0.2109375 0.075
3.0 0.81171875 0.05 0.0328125 0.06875
3.0 0.4796875 0.6234375 0.140625 0.290625
3.0 0.50625 0.29453125 0.14375 0.2140625
3.0 0.2953125 0.45078125 0.259375 0.2171875
7.0 0.24296875 0.7953125 0.0859375 0.153125
