5.0 0.26953125 0.53515625 0.1015625 0.2109375
5.0 0.20859375 0.6078125 0.1046875 0.159375
5.0 0.1484375 0.6796875 0.128125 0.25
4.0 0.86796875 0.19921875 0.0921875 0.2640625
4.0 0.77890625 0.26875 0.0953125 0.265625
2.0 0.68671875 0.26328125 0.0359375 0.2296875
5.0 0.10078125 0.0984375 0.1703125 0.134375
5.0 0.0765625 0.17578125 0.153125 0.1265625
5.0 0.0890625 0.39609375 0.08125 0.1828125
5.0 0.14921875 0.68515625 0.1421875 0.2109375
3.0 0.18671875 0.875 0.0390625 0.053125
3.0 0.60234375 0.08359375 0.0390625 0.0671875
3.0 0.6 0.4796875 0.090625 0.196875
3.0 0.51015625 0.38828125 0.0453125 0.0984375
3.0 0.44609375 0.5828125 0.0484375 0.140625
3.0 0.58125 0.67265625 0.1 0.1515625
3.0 0.47421875 0.74765625 0.0484375 0.1578125
2.0 0.50703125 0.54140625 0.1015625 0.1296875
2.0 0.3765625 0.08828125 0.053125 0.1671875
