4.0 0.4953125 0.259375 0.109375 0.259375
4.0 0.48515625 0.58046875 0.0921875 0.2765625
3.0 0.32890625 0.1359375 0.0328125 0.065625
3.0 0.4359375 0.61640625 0.05 0.0984375
3.0 0.60234375 0.7671875 0.0671875 0.128125
3.0 0.421875 0.746875 0.046875 0.13125
3.0 0.48046875 0.846875 0.0609375 0.1
4.0 0.3109375 0.31171875 0.10625 0.2921875
4.0 0.3765625 0.609375 0.078125 0.275
4.0 0.290625 0.54140625 0.078125 0.2609375
4.0 0.63359375 0.0171875 0.0703125 0.034375
4.0 0.58828125 0.07734375 0.0796875 0.1546875
4.0 0.65625 0.2421875 0.090625 0.25
3.0 0.4140625 0.375 0.071875 0.1125
3.0 0.409375 0.89921875 0.059375 0.0890625
