3.0 0.04296875 0.5078125 0.0859375 0.284375
3.0 0.1703125 0.5 0.16875 0.2
3.0 0.19609375 0.6375 0.1703125 0.221875
3.0 0.01171875 0.86796875 0.0234375 0.0703125
3.0 0.0515625 0.94453125 0.046875 0.0890625
3.0 0.2078125 0.671875 0.153125 0.1875
3.0 0.52890625 0.95703125 0.1328125 0.0859375
3.0 0.153125 0.34921875 0.178125 0.1140625
3.0 0.31875 0.2640625 0.140625 0.140625
3.0 0.51015625 0.2265625 0.0796875 0.234375
3.0 0.75703125 0.89296875 0.3109375 0.2140625
3.0 0.61796875 0.46953125 0.0859375 0.2140625
3.0 0.7109375 0.68046875 0.109375 0.2265625
3.0 0.71171875 0.77734375 0.2640625 0.0796875
3.0 0.70625 0.475 0.071875 0.084375
3.0 0.81484375 0.49453125 0.1171875 0.0984375
3.0 0.696875 0.059375 0.04375 0.11875
3.0 0.759375 0.07109375 0.040625 0.0515625
3.0 0.78515625 0.178125 0.0828125 0.23125
3.0 0.86328125 0.321875 0.1046875 0.178125
3.0 0.85 0.0359375 0.075 0.071875
3.0 0.48203125 0.03984375 0.1640625 0.0796875
