3.0 0.2125 0.04375 0.1375 0.0875
3.0 0.346875 0.01796875 0.125 0.0359375
3.0 0.56328125 0.0515625 0.1578125 0.103125
3.0 0.45546875 0.0546875 0.0953125 0.09375
3.0 0.4546875 0.2953125 0.096875 0.1375
3.0 0.59296875 0.30859375 0.1640625 0.1421875
3.0 0.45703125 0.434375 0.0671875 0.071875
3.0 0.5703125 0.4515625 0.096875 0.078125
3.0 0.00859375 0.33984375 0.0171875 0.1296875
3.0 0.05390625 0.2515625 0.1078125 0.11875
3.0 0.0109375 0.6640625 0.021875 0.134375
3.0 0.26484375 0.94296875 0.1109375 0.1140625
3.0 0.309375 0.84296875 0.0375 0.0609375
3.0 0.45859375 0.6140625 0.0921875 0.2
3.0 0.553125 0.7125 0.125 0.103125
3.0 0.2953125 0.44609375 0.1 0.2328125
3.0 0.2109375 0.228125 0.103125 0.21875
3.0 0.4765625 0.8625 0.278125 0.275
3.0 0.3546875 0.66640625 0.15625 0.2140625
