3.0 0.1515625 0.33828125 0.178125 0.1671875
3.0 0.25703125 0.67578125 0.0890625 0.1234375
3.0 0.28984375 0.5875 0.0765625 0.228125
3.0 0.3890625 0.67578125 0.059375 0.0859375
3.0 0.3578125 0.56875 0.046875 0.10625
3.0 0.49296875 0.675 0.0796875 0.10625
3.0 0.42109375 0.3359375 0.0546875 0.084375
3.0 0.48671875 0.1796875 0.1109375 0.165625
3.0 0.53359375 0.29765625 0.1078125 0.0921875
3.0 0.55546875 0.3734375 0.0859375 0.1
3.0 0.54609375 0.8640625 0.0453125 0.115625
3.0 0.62421875 0.88359375 0.1046875 0.1046875
3.0 0.6671875 0.93671875 0.1 0.1078125
3.0 0.83125 0.95546875 0.084375 0.0703125
3.0 0.64765625 0.175 0.0890625 0.328125
3.0 0.8453125 0.2078125 0.278125 0.278125
3.0 0.74296875 0.53671875 0.1796875 0.2703125
3.0 0.31640625 0.8140625 0.0890625 0.221875
