3.0 0.1796875 0.078125 0.178125 0.15
3.0 0.32109375 0.06640625 0.0890625 0.0703125
3.0 0.1890625 0.2109375 0.065625 0.10625
3.0 0.2703125 0.346875 0.146875 0.1625
3.0 0.32734375 0.56640625 0.1234375 0.1140625
3.0 0.70703125 0.5125 0.0890625 0.125
3.0 0.3953125 0.60703125 0.034375 0.0578125
3.0 0.50390625 0.6671875 0.0546875 0.046875
3.0 0.6140625 0.64921875 0.1125 0.1640625
3.0 0.27421875 0.7515625 0.1578125 0.159375
3.0 0.44921875 0.8296875 0.1421875 0.1875
3.0 0.33984375 0.91171875 0.1578125 0.1765625
3.0 0.4578125 0.16875 0.0875 0.0875
3.0 0.98046875 0.3984375 0.0390625 0.3125
