3.0 0.940625 0.1328125 0.0875 0.0875
3.0 0.97421875 0.2578125 0.0453125 0.0875
3.0 0.87109375 0.759375 0.1171875 0.065625
3.0 0.78515625 0.69765625 0.1296875 0.1703125
3.0 0.78125 0.86171875 0.09375 0.1515625
3.0 0.66328125 0.85859375 0.1671875 0.2046875
3.0 0.68515625 0.93984375 0.0984375 0.1203125
3.0 0.75 0.1046875 0.2125 0.20625
3.0 0.68984375 0.31015625 0.1453125 0.1203125
3.0 0.58125 0.0953125 0.1125 0.184375
3.0 0.484375 0.2296875 0.11875 0.125
3.0 0.55234375 0.3921875 0.0765625 0.203125
3.0 0.56015625 0.72578125 0.1171875 0.0703125
3.0 0.24921875 0.29609375 0.1109375 0.1671875
3.0 0.3640625 0.86484375 0.121875 0.2703125
