3.0 0.9609375 0.4734375 0.078125 0.15625
3.0 0.80859375 0.32109375 0.1859375 0.1984375
3.0 0.70546875 0.184375 0.1796875 0.1875
3.0 0.64921875 0.30703125 0.0953125 0.0734375
3.0 0.7140625 0.3765625 0.084375 0.08125
3.0 0.6890625 0.55625 0.078125 0.0625
3.0 0.6375 0.684375 0.1875 0.14375
3.0 0.33125 0.19609375 0.2 0.1015625
3.0 0.22265625 0.190625 0.1109375 0.065625
3.0 0.0328125 0.221875 0.065625 0.04375
3.0 0.50859375 0.33515625 0.1203125 0.0890625
3.0 0.56015625 0.6 0.1828125 0.09375
3.0 0.51328125 0.5515625 0.1046875 0.071875
3.0 0.45234375 0.7203125 0.2015625 0.259375
3.0 0.2171875 0.73359375 0.425 0.2359375
3.0 0.240625 0.4859375 0.303125 0.2375
