3.0 0.66015625 0.846875 0.1671875 0.178125
3.0 0.321875 0.74140625 0.125 0.0890625
3.0 0.4109375 0.70859375 0.228125 0.0765625
3.0 0.32265625 0.609375 0.0859375 0.059375
3.0 0.43046875 0.640625 0.1078125 0.046875
3.0 0.3234375 0.50546875 0.10625 0.0796875
3.0 0.6625 0.57734375 0.084375 0.0546875
3.0 0.81875 0.51171875 0.165625 0.1109375
3.0 0.7 0.46484375 0.090625 0.1078125
3.0 0.625 0.44296875 0.1 0.0859375
3.0 0.134375 0.45234375 0.115625 0.0453125
3.0 0.11484375 0.37421875 0.1046875 0.1046875
3.0 0.06171875 0.33125 0.1078125 0.1
3.0 0.04296875 0.1671875 0.0703125 0.084375
3.0 0.8234375 0.35078125 0.328125 0.0890625
3.0 0.790625 0.153125 0.278125 0.278125
3.0 0.46171875 0.25546875 0.2703125 0.1796875
3.0 0.184375 0.68203125 0.221875 0.0890625
