3.0 0.21015625 0.41328125 0.0890625 0.0734375
3.0 0.0546875 0.4671875 0.0625 0.034375
3.0 0.15390625 0.42734375 0.0484375 0.0328125
3.0 0.16328125 0.55859375 0.0484375 0.0140625
3.0 0.4046875 0.31015625 0.115625 0.0890625
3.0 0.4546875 0.66953125 0.278125 0.0984375
3.0 0.8421875 0.571875 0.196875 0.084375
3.0 0.7828125 0.6671875 0.24375 0.0875
3.0 0.67421875 0.778125 0.0890625 0.178125
3.0 0.75390625 0.30078125 0.0703125 0.1390625
3.0 0.51171875 0.2234375 0.1140625 0.13125
3.0 0.58359375 0.33984375 0.1765625 0.0671875
3.0 0.72734375 0.47890625 0.1328125 0.0796875
3.0 0.7 0.5875 0.06875 0.040625
3.0 0.31640625 0.37109375 0.1453125 0.0890625
