4.0 0.5953125 0.22265625 0.15625 0.3046875
4.0 0.29609375 0.89921875 0.1390625 0.2015625
4.0 0.2046875 0.74375 0.075 0.171875
3.0 0.6875 0.734375 0.08125 0.128125
3.0 0.70625 0.609375 0.05 0.090625
3.0 0.71328125 0.5109375 0.0421875 0.0625
3.0 0.74453125 0.43359375 0.0296875 0.0890625
3.0 0.73046875 0.0734375 0.0734375 0.146875
3.0 0.578125 0.39375 0.059375 0.171875
3.0 0.5359375 0.83203125 0.0375 0.0859375
3.0 0.5984375 0.9125 0.04375 0.084375
3.0 0.4875 0.93828125 0.0375 0.0921875
3.0 0.54375 0.96875 0.046875 0.05625
2.0 0.45 0.33671875 0.08125 0.1671875
3.0 0.86484375 0.6734375 0.0328125 0.08125
3.0 0.840625 0.8375 0.040625 0.084375
2.0 0.30546875 0.640625 0.0578125 0.11875
2.0 0.3015625 0.75390625 0.04375 0.1234375
2.0 0.36953125 0.78203125 0.0703125 0.1578125
2.0 0.053125 0.47421875 0.103125 0.1828125
2.0 0.05703125 0.72734375 0.1078125 0.3828125
2.0 0.14921875 0.45234375 0.1015625 0.2203125
2.0 0.15 0.31875 0.096875 0.15625
2.0 0.36640625 0.08671875 0.0859375 0.1328125
2.0 0.446875 0.06953125 0.04375 0.1015625
2.0 0.4796875 0.22109375 0.0625 0.1046875
