3.0 0.03984375 0.12265625 0.0796875 0.2453125
3.0 0.0828125 0.3796875 0.165625 0.171875
3.0 0.33203125 0.46171875 0.1421875 0.2765625
3.0 0.47734375 0.546875 0.1078125 0.125
3.0 0.62109375 0.471875 0.1171875 0.165625
3.0 0.67578125 0.565625 0.0859375 0.1125
3.0 0.43984375 0.69140625 0.1765625 0.1359375
3.0 0.771875 0.97109375 0.103125 0.0578125
3.0 0.95546875 0.91640625 0.0890625 0.1546875
3.0 0.8890625 0.79765625 0.103125 0.3109375
3.0 0.9640625 0.51171875 0.071875 0.1265625
3.0 0.9109375 0.3734375 0.084375 0.071875
3.0 0.7171875 0.359375 0.1 0.2
3.0 0.43828125 0.11171875 0.3578125 0.2234375
3.0 0.61875 0.2296875 0.084375 0.115625
