3.0 0.61015625 0.909375 0.0859375 0.06875
3.0 0.70703125 0.97421875 0.0953125 0.0453125
3.0 0.8 0.75546875 0.26875 0.0921875
3.0 0.30234375 0.71328125 0.0640625 0.0515625
3.0 0.409375 0.8046875 0.059375 0.053125
3.0 0.5015625 0.74375 0.0625 0.05
3.0 0.19609375 0.45 0.1078125 0.08125
3.0 0.609375 0.53203125 0.075 0.0578125
3.0 0.49453125 0.34609375 0.2078125 0.1078125
3.0 0.51484375 0.240625 0.1171875 0.059375
3.0 0.609375 0.43515625 0.10625 0.1265625
3.0 0.784375 0.4484375 0.209375 0.115625
3.0 0.21328125 0.2296875 0.2296875 0.15
3.0 0.94140625 0.3484375 0.0609375 0.05
