3.0 0.0546875 0.2625 0.109375 0.2
3.0 0.4015625 0.32109375 0.146875 0.2328125
3.0 0.39921875 0.7171875 0.0921875 0.11875
3.0 0.35390625 0.8140625 0.0890625 0.10625
3.0 0.4109375 0.8796875 0.171875 0.20625
3.0 0.54453125 0.72734375 0.1796875 0.1984375
3.0 0.521875 0.83125 0.10625 0.146875
3.0 0.70625 0.684375 0.084375 0.125
3.0 0.73984375 0.58359375 0.0640625 0.0859375
3.0 0.48828125 0.2953125 0.1140625 0.15625
3.0 0.5765625 0.3671875 0.121875 0.165625
3.0 0.5625 0.46875 0.08125 0.10625
3.0 0.675 0.41640625 0.11875 0.1484375
3.0 0.68515625 0.26796875 0.1296875 0.1796875
3.0 0.540625 0.025 0.18125 0.05
3.0 0.45625 0.13125 0.171875 0.2125
3.0 0.67421875 0.1328125 0.2328125 0.265625
3.0 0.69140625 0.2828125 0.0953125 0.121875
