2.0 0.3890625 0.49296875 0.08125 0.1671875
2.0 0.4671875 0.36484375 0.05625 0.1234375
2.0 0.48671875 0.5890625 0.0734375 0.303125
2.0 0.603125 0.328125 0.03125 0.109375
2.0 0.56484375 0.24140625 0.0609375 0.2765625
2.0 0.61171875 0.5703125 0.0953125 0.2375
2.0 0.78828125 0.4171875 0.0484375 0.175
2.0 0.74921875 0.65546875 0.1015625 0.2046875
3.0 0.1953125 0.053125 0.034375 0.05
3.0 0.6 0.0390625 0.125 0.05625
3.0 0.61640625 0.15859375 0.0890625 0.1609375
3.0 0.7046875 0.09765625 0.046875 0.1546875
3.0 0.70078125 0.2421875 0.0609375 0.159375
3.0 0.84375 0.14921875 0.225 0.2609375
