3.0 0.8 0.63984375 0.078125 0.1390625
3.0 0.69921875 0.6234375 0.0515625 0.1375
3.0 0.62734375 0.60390625 0.0328125 0.0765625
4.0 0.61640625 0.5125 0.0828125 0.125
4.0 0.58203125 0.64921875 0.0671875 0.1640625
4.0 0.5390625 0.56484375 0.05 0.1328125
3.0 0.44765625 0.61875 0.0578125 0.05625
3.0 0.36015625 0.63203125 0.0421875 0.1109375
4.0 0.68359375 0.37109375 0.0484375 0.1703125
4.0 0.58125 0.0515625 0.03125 0.08125
4.0 0.5109375 0.0453125 0.05 0.075
3.0 0.696875 0.3359375 0.01875 0.05
4.0 0.50703125 0.5125 0.0390625 0.128125
3.0 0.57734375 0.38984375 0.0359375 0.0640625
3.0 0.5375 0.45625 0.028125 0.053125
3.0 0.571875 0.3109375 0.0375 0.065625
