4.0 0.50234375 0.171875 0.1140625 0.184375
3.0 0.36640625 0.0359375 0.0921875 0.06875
3.0 0.41640625 0.27578125 0.0296875 0.0671875
3.0 0.38203125 0.43125 0.0234375 0.065625
3.0 0.33125 0.6796875 0.059375 0.090625
3.0 0.3546875 0.52421875 0.021875 0.0703125
3.0 0.415625 0.65234375 0.03125 0.0546875
3.0 0.45546875 0.60703125 0.0328125 0.0703125
3.0 0.62578125 0.57265625 0.0203125 0.0484375
3.0 0.68359375 0.57265625 0.0296875 0.1171875
4.0 0.39609375 0.28046875 0.0921875 0.1171875
4.0 0.478125 0.7234375 0.0625 0.08125
4.0 0.5203125 0.74375 0.08125 0.140625
4.0 0.44375 0.36015625 0.040625 0.0828125
4.0 0.5453125 0.37578125 0.05 0.0828125
4.0 0.58671875 0.353125 0.0359375 0.109375
4.0 0.56015625 0.509375 0.0390625 0.06875
4.0 0.5296875 0.6203125 0.03125 0.059375
4.0 0.55625 0.50625 0.0375 0.084375
