4.0 0.4328125 0.4296875 0.453125 0.18125
4.0 0.31328125 0.26015625 0.3984375 0.2234375
3.0 0.43515625 0.21171875 0.1671875 0.0796875
3.0 0.371875 0.4609375 0.140625 0.06875
3.0 0.8390625 0.5140625 0.1625 0.065625
3.0 0.74375 0.621875 0.2 0.09375
3.0 0.3578125 0.565625 0.203125 0.05625
3.0 0.48125 0.71953125 0.2875 0.1265625
4.0 0.596875 0.08359375 0.384375 0.1671875
4.0 0.62265625 0.30234375 0.2328125 0.1328125
4.0 0.91640625 0.240625 0.1484375 0.06875
4.0 0.96171875 0.18046875 0.0765625 0.1015625
4.0 0.4078125 0.07578125 0.134375 0.0734375
4.0 0.2859375 0.13671875 0.175 0.0734375
