3.0 0.08984375 0.66171875 0.0796875 0.0828125
3.0 0.0234375 0.7765625 0.040625 0.090625
3.0 0.32578125 0.89453125 0.0890625 0.2109375
3.0 0.2984375 0.5828125 0.08125 0.065625
3.0 0.2171875 0.44453125 0.059375 0.0765625
3.0 0.33203125 0.321875 0.0765625 0.096875
3.0 0.66640625 0.2265625 0.0765625 0.1125
3.0 0.91640625 0.25859375 0.1640625 0.2578125
3.0 0.55703125 0.6828125 0.0328125 0.034375
3.0 0.66171875 0.69921875 0.1703125 0.1203125
3.0 0.6421875 0.89609375 0.146875 0.2078125
3.0 0.78828125 0.578125 0.1140625 0.23125
3.0 0.9171875 0.63125 0.040625 0.0875
