3.0 0.7125 0.94296875 0.128125 0.0734375
3.0 0.815625 0.97890625 0.153125 0.0359375
3.0 0.646875 0.8796875 0.19375 0.103125
3.0 0.87734375 0.90546875 0.1890625 0.1171875
3.0 0.80703125 0.7578125 0.2046875 0.20625
3.0 0.9421875 0.78359375 0.115625 0.1046875
3.0 0.2234375 0.81640625 0.2375 0.1609375
3.0 0.2734375 0.67265625 0.125 0.1078125
3.0 0.43984375 0.75703125 0.2609375 0.2078125
3.0 0.62421875 0.5921875 0.2015625 0.2
3.0 0.0234375 0.50625 0.046875 0.103125
3.0 0.2328125 0.46953125 0.13125 0.1984375
3.0 0.434375 0.41875 0.253125 0.309375
3.0 0.571875 0.4484375 0.103125 0.078125
3.0 0.2390625 0.3296875 0.265625 0.13125
3.0 0.4234375 0.21328125 0.128125 0.1515625
3.0 0.6390625 0.35234375 0.125 0.1015625
3.0 0.653125 0.2140625 0.1625 0.0875
3.0 0.71328125 0.1671875 0.1421875 0.1
3.0 0.74921875 0.1078125 0.1109375 0.125
3.0 0.9234375 0.04296875 0.1375 0.0859375
3.0 0.06484375 0.38671875 0.1203125 0.1046875
3.0 0.08203125 0.24453125 0.1484375 0.1515625
