3.0 0.0265625 0.07109375 0.05 0.0953125
3.0 0.70390625 0.39296875 0.0609375 0.0421875
3.0 0.4640625 0.51328125 0.053125 0.0546875
3.0 0.86796875 0.5359375 0.1296875 0.053125
3.0 0.8359375 0.4671875 0.10625 0.034375
3.0 0.56328125 0.31484375 0.0671875 0.0296875
3.0 0.965625 0.50703125 0.06875 0.0859375
4.0 0.7328125 0.68046875 0.296875 0.0484375
4.0 0.79921875 0.63125 0.2421875 0.08125
4.0 0.61875 0.61484375 0.084375 0.0609375
4.0 0.55 0.540625 0.078125 0.03125
4.0 0.6765625 0.55390625 0.1625 0.0578125
4.0 0.60546875 0.5015625 0.0703125 0.028125
4.0 0.64765625 0.3859375 0.2296875 0.08125
