3.0 0.8296875 0.06953125 0.2125 0.0953125
3.0 0.97734375 0.121875 0.0359375 0.046875
3.0 0.72734375 0.24609375 0.1296875 0.1078125
3.0 0.6015625 0.14453125 0.196875 0.0921875
3.0 0.4875 0.0609375 0.13125 0.11875
3.0 0.33671875 0.128125 0.0984375 0.08125
3.0 0.2828125 0.22109375 0.115625 0.0859375
3.0 0.16171875 0.32109375 0.1640625 0.0984375
3.0 0.3234375 0.58203125 0.1625 0.1015625
3.0 0.196875 0.6515625 0.13125 0.040625
3.0 0.58046875 0.63671875 0.2140625 0.1078125
3.0 0.39375 0.7625 0.3 0.2375
3.0 0.58125 0.71484375 0.121875 0.0703125
3.0 0.90234375 0.46015625 0.1640625 0.1046875
3.0 0.76796875 0.55546875 0.1390625 0.0609375
3.0 0.81171875 0.67421875 0.0890625 0.0890625
3.0 0.71796875 0.6734375 0.0703125 0.05
3.0 0.721875 0.759375 0.0625 0.1
3.0 0.83203125 0.76796875 0.1203125 0.1078125
3.0 0.540625 0.26328125 0.18125 0.1609375
