2.0 0.609375 0.49453125 0.08125 0.1671875
2.0 0.53125 0.365625 0.05625 0.121875
2.0 0.51171875 0.5890625 0.0734375 0.303125
2.0 0.3953125 0.328125 0.03125 0.109375
2.0 0.43359375 0.24140625 0.0609375 0.2765625
2.0 0.38671875 0.5703125 0.0953125 0.2375
2.0 0.21015625 0.4171875 0.0484375 0.175
2.0 0.24921875 0.65546875 0.1015625 0.2046875
3.0 0.803125 0.0546875 0.034375 0.05
3.0 0.3984375 0.0390625 0.125 0.05625
3.0 0.38203125 0.15859375 0.0890625 0.1609375
3.0 0.29375 0.09765625 0.046875 0.1546875
3.0 0.29765625 0.2421875 0.0609375 0.159375
3.0 0.1546875 0.1484375 0.225 0.2625
