3.0 0.353125 0.04296875 0.053125 0.0859375
3.0 0.36015625 0.14375 0.0484375 0.059375
3.0 0.3078125 0.12421875 0.03125 0.0796875
3.0 0.80859375 0.3265625 0.1078125 0.30625
3.0 0.46171875 0.3203125 0.1234375 0.228125
3.0 0.43203125 0.5140625 0.1484375 0.121875
3.0 0.9328125 0.52421875 0.071875 0.0796875
3.0 0.98671875 0.45703125 0.0203125 0.1234375
3.0 0.990625 0.56640625 0.01875 0.0671875
3.0 0.74765625 0.64296875 0.0421875 0.0828125
3.0 0.8203125 0.73984375 0.06875 0.0703125
3.0 0.32734375 0.671875 0.1203125 0.234375
3.0 0.196875 0.59765625 0.053125 0.0703125
3.0 0.22265625 0.91484375 0.1390625 0.1703125
3.0 0.421875 0.95703125 0.065625 0.0859375
3.0 0.709375 0.8546875 0.05 0.08125
