3.0 0.9796875 0.04140625 0.0375 0.0453125
3.0 0.925 0.12421875 0.146875 0.0984375
3.0 0.8015625 0.21484375 0.1 0.1015625
3.0 0.62265625 0.18359375 0.0796875 0.1109375
3.0 0.62890625 0.3125 0.1265625 0.125
3.0 0.51484375 0.3078125 0.0703125 0.075
3.0 0.471875 0.15078125 0.109375 0.1984375
3.0 0.334375 0.26640625 0.1375 0.1578125
3.0 0.3609375 0.35546875 0.14375 0.1828125
3.0 0.234375 0.3859375 0.16875 0.30625
3.0 0.240625 0.58828125 0.115625 0.1359375
3.0 0.41015625 0.73203125 0.0921875 0.0953125
3.0 0.890625 0.61953125 0.20625 0.2359375
3.0 0.559375 0.796875 0.13125 0.15
3.0 0.44921875 0.91328125 0.1359375 0.1734375
3.0 0.76875 0.89453125 0.103125 0.2109375
3.0 0.909375 0.9046875 0.165625 0.184375
3.0 0.5578125 0.40546875 0.090625 0.1203125
