3.0 0.93359375 0.97109375 0.0921875 0.0578125
3.0 0.10859375 0.83828125 0.1921875 0.2515625
3.0 0.60390625 0.76171875 0.1359375 0.1046875
3.0 0.40546875 0.7578125 0.2109375 0.178125
3.0 0.284375 0.72265625 0.1625 0.1484375
3.0 0.0484375 0.6921875 0.096875 0.084375
3.0 0.92109375 0.7828125 0.1546875 0.084375
3.0 0.88984375 0.646875 0.1546875 0.121875
3.0 0.0828125 0.5703125 0.165625 0.15625
3.0 0.92109375 0.5015625 0.1515625 0.165625
3.0 0.52265625 0.63203125 0.1140625 0.0484375
3.0 0.615625 0.57890625 0.084375 0.0484375
3.0 0.4328125 0.66015625 0.078125 0.0703125
3.0 0.02265625 0.43125 0.0453125 0.1875
3.0 0.7734375 0.41796875 0.23125 0.0515625
3.0 0.9140625 0.27890625 0.153125 0.0734375
3.0 0.7609375 0.31015625 0.1625 0.1109375
3.0 0.6015625 0.23046875 0.16875 0.1015625
3.0 0.22890625 0.45390625 0.1765625 0.1078125
3.0 0.090625 0.334375 0.18125 0.140625
3.0 0.62578125 0.346875 0.1390625 0.140625
