3.0 0.33046875 0.18671875 0.1640625 0.1796875
3.0 0.51953125 0.203125 0.1296875 0.21875
3.0 0.17265625 0.271875 0.2296875 0.13125
3.0 0.265625 0.39921875 0.190625 0.1640625
3.0 0.42265625 0.43828125 0.1984375 0.1609375
3.0 0.32578125 0.528125 0.1703125 0.065625
3.0 0.5015625 0.5078125 0.05625 0.078125
3.0 0.55859375 0.4125 0.0359375 0.05
3.0 0.61875 0.27109375 0.075 0.1296875
3.0 0.640625 0.521875 0.14375 0.046875
3.0 0.91328125 0.51953125 0.0453125 0.0546875
3.0 0.8671875 0.39609375 0.065625 0.0359375
3.0 0.6875 0.325 0.05 0.034375
3.0 0.71171875 0.26171875 0.0453125 0.0546875
3.0 0.68359375 0.1890625 0.0421875 0.0625
3.0 0.73515625 0.05546875 0.0578125 0.0578125
3.0 0.86640625 0.65859375 0.0359375 0.0234375
3.0 0.7484375 0.721875 0.05625 0.021875
3.0 0.896875 0.709375 0.025 0.025
3.0 0.925 0.67890625 0.05 0.0265625
3.0 0.91796875 0.62109375 0.0390625 0.0453125
