4.0 0.32578125 0.0953125 0.1328125 0.190625
4.0 0.1953125 0.2234375 0.234375 0.265625
4.0 0.31875 0.39375 0.146875 0.225
4.0 0.421875 0.1296875 0.09375 0.259375
4.0 0.3890625 0.55859375 0.1375 0.3734375
4.0 0.5078125 0.1546875 0.065625 0.309375
4.0 0.55078125 0.53203125 0.0796875 0.1984375
4.0 0.68671875 0.43828125 0.0828125 0.3453125
4.0 0.715625 0.7671875 0.078125 0.3125
4.0 0.825 0.60546875 0.203125 0.2453125
4.0 0.64765625 0.73984375 0.0765625 0.2109375
4.0 0.575 0.725 0.046875 0.1875
3.0 0.53046875 0.94453125 0.0984375 0.1109375
4.0 0.36484375 0.9109375 0.1234375 0.178125
