3.0 0.27265625 0.0421875 0.2015625 0.084375
3.0 0.4125 0.034375 0.1 0.06875
3.0 0.25625 0.11328125 0.084375 0.1265625
3.0 0.30859375 0.27265625 0.1734375 0.2078125
3.0 0.3203125 0.5046875 0.140625 0.153125
3.0 0.69609375 0.58359375 0.1109375 0.1515625
3.0 0.37734375 0.5671875 0.0421875 0.06875
3.0 0.47109375 0.66328125 0.0609375 0.0640625
3.0 0.58046875 0.684375 0.1390625 0.196875
3.0 0.2328125 0.6640625 0.184375 0.209375
3.0 0.38671875 0.8015625 0.1734375 0.23125
3.0 0.26484375 0.84140625 0.1859375 0.2234375
3.0 0.5234375 0.165625 0.1 0.115625
3.0 0.9671875 0.56875 0.065625 0.315625
