3.0 0.084375 0.60625 0.04375 0.0875
3.0 0.12265625 0.31484375 0.0609375 0.0984375
3.0 0.18828125 0.390625 0.0609375 0.059375
3.0 0.34609375 0.678125 0.0453125 0.053125
3.0 0.27578125 0.5796875 0.0421875 0.046875
3.0 0.33046875 0.51875 0.0484375 0.0375
3.0 0.35234375 0.29609375 0.0765625 0.2328125
3.0 0.559375 0.775 0.059375 0.075
3.0 0.42890625 0.37734375 0.0421875 0.0265625
3.0 0.725 0.78828125 0.11875 0.1859375
3.0 0.6546875 0.5609375 0.096875 0.15625
3.0 0.57265625 0.30078125 0.0921875 0.1796875
3.0 0.67578125 0.15859375 0.0515625 0.0546875
3.0 0.69921875 0.04921875 0.0578125 0.0953125
3.0 0.734375 0.12890625 0.028125 0.0515625
3.0 0.74140625 0.53203125 0.0296875 0.0390625
3.0 0.57890625 0.4546875 0.1140625 0.096875
