3.0 0.94296875 0.79609375 0.0859375 0.0921875
3.0 0.85078125 0.68125 0.0796875 0.14375
3.0 0.85625 0.46796875 0.096875 0.1828125
3.0 0.91171875 0.55859375 0.0953125 0.1015625
3.0 0.75234375 0.3890625 0.0515625 0.084375
3.0 0.45546875 0.4703125 0.1421875 0.328125
3.0 0.36484375 0.22734375 0.2078125 0.1546875
3.0 0.55390625 0.3234375 0.1484375 0.2375
3.0 0.45078125 0.125 0.0578125 0.090625
3.0 0.57109375 0.178125 0.0453125 0.05
3.0 0.66796875 0.32734375 0.0328125 0.0453125
3.0 0.66796875 0.103125 0.0546875 0.096875
3.0 0.8328125 0.13046875 0.053125 0.0515625
3.0 0.8953125 0.2921875 0.11875 0.096875
3.0 0.74921875 0.65390625 0.1515625 0.1359375
3.0 0.68203125 0.51953125 0.2140625 0.1609375
