3.0 0.9078125 0.82890625 0.184375 0.1171875
3.0 0.49765625 0.271875 0.1671875 0.096875
3.0 0.94921875 0.17265625 0.0953125 0.0765625
3.0 0.6625 0.35859375 0.1 0.0671875
3.0 0.7640625 0.315625 0.103125 0.053125
3.0 0.7265625 0.2328125 0.19375 0.0875
3.0 0.578125 0.22421875 0.11875 0.0828125
3.0 0.48984375 0.62265625 0.1296875 0.1390625
3.0 0.37578125 0.59765625 0.1265625 0.0921875
3.0 0.3171875 0.49375 0.15625 0.11875
3.0 0.2703125 0.24609375 0.0875 0.0828125
3.0 0.121875 0.55390625 0.13125 0.0828125
3.0 0.1828125 0.44375 0.153125 0.071875
3.0 0.0578125 0.6328125 0.115625 0.165625
3.0 0.03125 0.75859375 0.0625 0.1171875
3.0 0.11875 0.85 0.15625 0.178125
3.0 0.15625 0.73828125 0.071875 0.0546875
3.0 0.328125 0.7421875 0.2 0.1125
3.0 0.3 0.92734375 0.134375 0.1046875
3.0 0.06953125 0.95859375 0.1171875 0.0796875
3.0 0.62265625 0.515625 0.0890625 0.046875
