2.0 0.32265625 0.14609375 0.0609375 0.1578125
2.0 0.69140625 0.05078125 0.0953125 0.1015625
3.0 0.62109375 0.0953125 0.0859375 0.190625
3.0 0.68359375 0.31640625 0.0984375 0.2828125
3.0 0.4609375 0.51484375 0.0375 0.2140625
2.0 0.4171875 0.72109375 0.10625 0.1109375
2.0 0.55859375 0.51484375 0.0546875 0.0703125
2.0 0.61484375 0.6078125 0.1359375 0.128125
4.0 0.50390625 0.9359375 0.0953125 0.128125
4.0 0.653125 0.84140625 0.14375 0.2953125
4.0 0.515625 0.8390625 0.071875 0.096875
4.0 0.58046875 0.76640625 0.0390625 0.0828125
4.0 0.6359375 0.98203125 0.059375 0.0359375
