3.0 0.88671875 0.70859375 0.0828125 0.2234375
3.0 0.98671875 0.6796875 0.0265625 0.159375
3.0 0.97890625 0.44296875 0.0296875 0.0765625
3.0 0.6828125 0.23828125 0.084375 0.0765625
3.0 0.5984375 0.23046875 0.084375 0.0921875
3.0 0.65703125 0.07578125 0.1078125 0.0671875
3.0 0.42421875 0.31015625 0.2390625 0.1734375
3.0 0.48515625 0.134375 0.1578125 0.16875
3.0 0.41015625 0.4328125 0.1328125 0.140625
3.0 0.24296875 0.68671875 0.4765625 0.3421875
3.0 0.56796875 0.4703125 0.1515625 0.165625
3.0 0.60546875 0.94453125 0.1390625 0.0984375
