3.0 0.0953125 0.32265625 0.153125 0.1359375
3.0 0.4484375 0.36875 0.103125 0.0625
3.0 0.2515625 0.90625 0.184375 0.096875
3.0 0.04140625 0.75 0.0828125 0.040625
3.0 0.43671875 0.66328125 0.1671875 0.0859375
3.0 0.4359375 0.75 0.115625 0.1
3.0 0.2484375 0.74375 0.153125 0.059375
3.0 0.275 0.6765625 0.075 0.04375
3.0 0.2421875 0.334375 0.190625 0.090625
3.0 0.28203125 0.44140625 0.1140625 0.0703125
3.0 0.1875 0.403125 0.09375 0.053125
3.0 0.17578125 0.12421875 0.1703125 0.0921875
3.0 0.1375 0.50546875 0.0875 0.0921875
