5.0 0.50078125 0.8015625 0.0734375 0.10625
5.0 0.51953125 0.9234375 0.1109375 0.153125
3.0 0.71640625 0.93828125 0.0953125 0.0828125
3.0 0.9390625 0.92890625 0.059375 0.1421875
3.0 0.29296875 0.4078125 0.1265625 0.50625
4.0 0.33203125 0.37421875 0.2078125 0.5859375
4.0 0.42265625 0.51484375 0.1921875 0.3640625
2.0 0.75703125 0.36953125 0.0453125 0.1328125
2.0 0.528125 0.17890625 0.071875 0.2265625
2.0 0.64140625 0.18828125 0.1203125 0.1109375
2.0 0.725 0.0953125 0.103125 0.14375
2.0 0.7859375 0.2171875 0.0625 0.10625
