3.0 0.015625 0.246875 0.028125 0.040625
3.0 0.071875 0.08828125 0.065625 0.1765625
3.0 0.07109375 0.49375 0.0578125 0.059375
3.0 0.4375 0.75703125 0.084375 0.1078125
3.0 0.36484375 0.2625 0.0953125 0.096875
3.0 0.46953125 0.27265625 0.1421875 0.1453125
3.0 0.56484375 0.3171875 0.0453125 0.11875
3.0 0.4671875 0.09375 0.134375 0.1875
3.0 0.6921875 0.76015625 0.1875 0.2578125
3.0 0.53828125 0.6046875 0.0421875 0.05625
3.0 0.5734375 0.41796875 0.146875 0.2109375
3.0 0.715625 0.36953125 0.03125 0.0671875
3.0 0.0984375 0.378125 0.034375 0.05
