3.0 0.73671875 0.3234375 0.2078125 0.09375
3.0 0.65703125 0.01484375 0.1234375 0.0296875
3.0 0.7859375 0.42890625 0.2125 0.1171875
3.0 0.91640625 0.45234375 0.0765625 0.0671875
3.0 0.5140625 0.26640625 0.1125 0.1609375
3.0 0.47578125 0.0828125 0.1015625 0.103125
3.0 0.35703125 0.2171875 0.1796875 0.184375
3.0 0.2359375 0.36015625 0.05 0.0515625
3.0 0.1765625 0.3640625 0.075 0.06875
3.0 0.18203125 0.4265625 0.0484375 0.046875
3.0 0.3796875 0.75390625 0.059375 0.0703125
3.0 0.75234375 0.73515625 0.0859375 0.0671875
3.0 0.84921875 0.69609375 0.1015625 0.0765625
3.0 0.5765625 0.8015625 0.075 0.096875
3.0 0.48984375 0.84765625 0.1296875 0.0546875
3.0 0.56328125 0.93828125 0.0953125 0.0890625
