3.0 0.72578125 0.14296875 0.3015625 0.2328125
3.0 0.43828125 0.2375 0.1578125 0.11875
3.0 0.96484375 0.38984375 0.0703125 0.0796875
3.0 0.77734375 0.40625 0.3171875 0.271875
3.0 0.7234375 0.56796875 0.30625 0.2046875
3.0 0.80390625 0.70390625 0.2640625 0.2015625
3.0 0.11640625 0.509375 0.1234375 0.096875
3.0 0.0859375 0.6546875 0.171875 0.140625
3.0 0.2484375 0.728125 0.134375 0.1
3.0 0.490625 0.696875 0.2 0.1375
3.0 0.49140625 0.9078125 0.2203125 0.15
3.0 0.0765625 0.86640625 0.10625 0.0796875
