3.0 0.196875 0.315625 0.03125 0.075
3.0 0.24140625 0.19453125 0.0609375 0.1640625
3.0 0.528125 0.353125 0.034375 0.096875
3.0 0.57890625 0.25078125 0.0578125 0.0796875
3.0 0.6765625 0.3609375 0.03125 0.15
3.0 0.6609375 0.17265625 0.040625 0.1296875
3.0 0.6515625 0.665625 0.065625 0.184375
4.0 0.56328125 0.8515625 0.0953125 0.134375
4.0 0.6625 0.88359375 0.125 0.1640625
4.0 0.765625 0.675 0.1125 0.40625
4.0 0.4390625 0.415625 0.165625 0.203125
4.0 0.24375 0.5984375 0.13125 0.28125
4.0 0.3203125 0.58359375 0.0625 0.1890625
4.0 0.1890625 0.0875 0.13125 0.175
4.0 0.39296875 0.084375 0.1984375 0.146875
4.0 0.54140625 0.60078125 0.0953125 0.2203125
4.0 0.66875 0.62109375 0.09375 0.3234375
