3.0 0.215625 0.94921875 0.109375 0.0828125
3.0 0.32265625 0.63828125 0.0515625 0.0796875
3.0 0.303125 0.47734375 0.034375 0.0984375
3.0 0.27265625 0.3453125 0.0328125 0.0625
4.0 0.371875 0.5296875 0.05 0.075
3.0 0.271875 0.16875 0.071875 0.075
3.0 0.36328125 0.2 0.0484375 0.084375
3.0 0.4171875 0.30625 0.0625 0.08125
3.0 0.621875 0.39296875 0.028125 0.0609375
3.0 0.69765625 0.41640625 0.0453125 0.0640625
4.0 0.5015625 0.59921875 0.046875 0.0984375
4.0 0.5515625 0.64921875 0.053125 0.1796875
4.0 0.628125 0.5984375 0.0625 0.178125
4.0 0.50234375 0.4890625 0.0328125 0.034375
4.0 0.5265625 0.4328125 0.05625 0.05625
4.0 0.459375 0.24296875 0.03125 0.0515625
4.0 0.5078125 0.11328125 0.034375 0.0828125
4.0 0.49453125 0.04375 0.0546875 0.059375
4.0 0.5328125 0.19140625 0.01875 0.0578125
4.0 0.5078125 0.340625 0.01875 0.053125
3.0 0.69375 0.053125 0.05 0.1
4.0 0.62421875 0.04765625 0.0609375 0.0953125
3.0 0.63671875 0.08203125 0.0328125 0.0671875
4.0 0.29296875 0.62578125 0.1171875 0.1546875
4.0 0.42109375 0.80234375 0.1484375 0.2703125
4.0 0.25078125 0.3328125 0.1171875 0.175
4.0 0.33359375 0.90078125 0.0796875 0.1890625
4.0 0.415625 0.33671875 0.1 0.1328125
4.0 0.60859375 0.4140625 0.0765625 0.1125
