3.0 0.15234375 0.84375 0.2359375 0.1875
3.0 0.20390625 0.97734375 0.0703125 0.0453125
3.0 0.19453125 0.6265625 0.1453125 0.215625
3.0 0.1703125 0.44921875 0.121875 0.1734375
3.0 0.303125 0.503125 0.165625 0.18125
3.0 0.29921875 0.38984375 0.0890625 0.0859375
3.0 0.4421875 0.52109375 0.0375 0.0515625
3.0 0.5171875 0.41015625 0.05625 0.0796875
3.0 0.59296875 0.41875 0.1015625 0.090625
3.0 0.57265625 0.334375 0.0671875 0.075
3.0 0.61328125 0.74296875 0.1671875 0.1609375
3.0 0.6609375 0.36171875 0.078125 0.1109375
3.0 0.74375 0.2859375 0.10625 0.165625
3.0 0.70234375 0.8921875 0.0921875 0.16875
3.0 0.76640625 0.815625 0.1015625 0.0875
3.0 0.75 0.71484375 0.040625 0.0453125
3.0 0.80234375 0.6921875 0.1015625 0.121875
3.0 0.75625 0.4203125 0.125 0.128125
3.0 0.875 0.48515625 0.0625 0.1203125
7.0 0.81875 0.27890625 0.08125 0.0890625
