3.0 0.7203125 0.4265625 0.2625 0.403125
3.0 0.4984375 0.51015625 0.071875 0.1265625
3.0 0.4703125 0.63125 0.071875 0.1625
3.0 0.40703125 0.46484375 0.1796875 0.2171875
3.0 0.25234375 0.46875 0.1234375 0.146875
3.0 0.20390625 0.590625 0.2171875 0.10625
3.0 0.87734375 0.80625 0.2109375 0.096875
3.0 0.5640625 0.92421875 0.184375 0.0765625
3.0 0.35625 0.9609375 0.125 0.053125
3.0 0.48125 0.98671875 0.08125 0.0265625
3.0 0.334375 0.95390625 0.090625 0.0546875
3.0 0.2609375 0.66328125 0.075 0.0671875
