3.0 0.5453125 0.7296875 0.08125 0.121875
3.0 0.5921875 0.915625 0.11875 0.15
3.0 0.66328125 0.6984375 0.0640625 0.1375
3.0 0.6328125 0.42265625 0.053125 0.0984375
3.0 0.63671875 0.321875 0.0359375 0.096875
3.0 0.621875 0.23515625 0.03125 0.0640625
3.0 0.49453125 0.2125 0.0515625 0.090625
4.0 0.52109375 0.3515625 0.0859375 0.2125
3.0 0.184375 0.44296875 0.04375 0.1359375
3.0 0.05546875 0.5734375 0.0734375 0.103125
2.0 0.1984375 0.89765625 0.115625 0.2046875
2.0 0.20625 0.68359375 0.10625 0.2234375
2.0 0.203125 0.934375 0.134375 0.13125
2.0 0.14765625 0.778125 0.0515625 0.134375
2.0 0.1625 0.55625 0.065625 0.125
4.0 0.290625 0.80234375 0.08125 0.1984375
4.0 0.4078125 0.86015625 0.13125 0.2640625
2.0 0.33203125 0.6640625 0.0296875 0.078125
2.0 0.4234375 0.709375 0.04375 0.075
2.0 0.42109375 0.6671875 0.0609375 0.090625
3.0 0.534375 0.60703125 0.028125 0.0703125
3.0 0.5734375 0.6140625 0.034375 0.103125
4.0 0.359375 0.590625 0.059375 0.109375
3.0 0.6953125 0.38515625 0.034375 0.0671875
3.0 0.70859375 0.478125 0.0296875 0.065625
