3.0 0.275 0.7703125 0.096875 0.084375
3.0 0.25078125 0.6890625 0.1234375 0.078125
3.0 0.42265625 0.7234375 0.0890625 0.040625
3.0 0.4984375 0.7734375 0.215625 0.16875
3.0 0.13203125 0.484375 0.1109375 0.078125
3.0 0.06015625 0.44375 0.0515625 0.03125
3.0 0.15 0.4 0.04375 0.06875
3.0 0.34765625 0.48203125 0.0796875 0.0546875
3.0 0.3265625 0.41171875 0.109375 0.0578125
3.0 0.54453125 0.575 0.1140625 0.1
3.0 0.63828125 0.52265625 0.1078125 0.1234375
3.0 0.315625 0.06171875 0.13125 0.1234375
3.0 0.4234375 0.46875 0.14375 0.096875
3.0 0.51015625 0.4234375 0.1140625 0.071875
3.0 0.61640625 0.3890625 0.1359375 0.090625
