2.0 0.5671875 0.1390625 0.046875 0.23125
2.0 0.3984375 0.40703125 0.078125 0.1890625
2.0 0.475 0.27734375 0.05625 0.1421875
2.0 0.615625 0.2359375 0.034375 0.096875
2.0 0.62265625 0.471875 0.0859375 0.2125
2.0 0.49921875 0.50703125 0.0765625 0.2890625
2.0 0.796875 0.32265625 0.065625 0.1609375
2.0 0.84453125 0.4125 0.0484375 0.134375
2.0 0.75078125 0.57265625 0.0890625 0.2046875
3.0 0.58671875 0.5203125 0.0640625 0.11875
3.0 0.70546875 0.1046875 0.0546875 0.203125
3.0 0.62265625 0.09453125 0.0703125 0.1296875
