3.0 0.00390625 0.52890625 0.0078125 0.1078125
3.0 0.14140625 0.82890625 0.1734375 0.2515625
3.0 0.27890625 0.95546875 0.0546875 0.0890625
3.0 0.396875 0.7265625 0.08125 0.146875
3.0 0.45390625 0.978125 0.1109375 0.04375
3.0 0.7328125 0.92734375 0.084375 0.1453125
3.0 0.81796875 0.715625 0.0828125 0.3125
3.0 0.9171875 0.73203125 0.10625 0.3109375
3.0 0.9484375 0.59296875 0.084375 0.2015625
3.0 0.2890625 0.09765625 0.10625 0.1953125
4.0 0.18671875 0.50703125 0.1546875 0.4609375
2.0 0.4984375 0.2578125 0.15625 0.30625
2.0 0.66015625 0.2125 0.1640625 0.425
2.0 0.7546875 0.0390625 0.10625 0.078125
2.0 0.82265625 0.07109375 0.1109375 0.1421875
2.0 0.82421875 0.30703125 0.1484375 0.3546875
4.0 0.53671875 0.87890625 0.0921875 0.2421875
4.0 0.51171875 0.54140625 0.1015625 0.3484375
