3.0 0.5515625 0.2765625 0.065625 0.15625
3.0 0.6765625 0.41328125 0.025 0.0796875
3.0 0.67421875 0.53125 0.0390625 0.1
3.0 0.66640625 0.30625 0.0171875 0.109375
4.0 0.62265625 0.31328125 0.0734375 0.2453125
3.0 0.74609375 0.76796875 0.0484375 0.0515625
3.0 0.565625 0.725 0.01875 0.075
3.0 0.6015625 0.77265625 0.015625 0.1015625
2.0 0.28359375 0.55390625 0.0984375 0.2515625
2.0 0.32578125 0.375 0.0546875 0.10625
4.0 0.446875 0.90234375 0.10625 0.1765625
4.0 0.3234375 0.84453125 0.065625 0.1703125
2.0 0.25546875 0.846875 0.0703125 0.2625
2.0 0.1859375 0.68984375 0.053125 0.0921875
2.0 0.1921875 0.803125 0.034375 0.109375
2.0 0.20234375 0.94921875 0.0703125 0.0921875
3.0 0.16796875 0.3734375 0.0203125 0.09375
3.0 0.4125 0.56640625 0.028125 0.0390625
3.0 0.3265625 0.75625 0.04375 0.053125
2.0 0.365625 0.7125 0.025 0.078125
2.0 0.3515625 0.6375 0.03125 0.0625
3.0 0.33671875 0.53671875 0.0171875 0.0328125
3.0 0.35234375 0.48828125 0.0203125 0.0296875
4.0 0.24609375 0.2734375 0.0515625 0.209375
3.0 0.17578125 0.24375 0.0328125 0.09375
3.0 0.5609375 0.90078125 0.0625 0.1234375
4.0 0.72265625 0.1046875 0.0796875 0.203125
4.0 0.7734375 0.48203125 0.03125 0.0734375
4.0 0.78828125 0.51640625 0.0265625 0.0953125
3.0 0.70390625 0.57890625 0.0109375 0.0390625
4.0 0.53984375 0.05 0.0484375 0.075
4.0 0.45546875 0.07421875 0.0390625 0.0671875
