3.0 0.03125 0.61484375 0.0625 0.0703125
3.0 0.4125 0.6640625 0.1875 0.215625
3.0 0.23515625 0.60078125 0.0890625 0.0671875
3.0 0.33984375 0.50390625 0.3359375 0.0953125
3.0 0.58125 0.61953125 0.153125 0.1359375
3.0 0.42890625 0.40078125 0.1796875 0.0796875
3.0 0.22109375 0.40859375 0.1578125 0.0765625
3.0 0.23125 0.19609375 0.14375 0.0828125
3.0 0.20703125 0.121875 0.1609375 0.08125
3.0 0.36484375 0.0890625 0.0515625 0.0875
3.0 0.5234375 0.23828125 0.096875 0.0640625
3.0 0.646875 0.340625 0.10625 0.05625
3.0 0.60859375 0.45 0.1703125 0.103125
3.0 0.7453125 0.41875 0.140625 0.065625
3.0 0.76953125 0.325 0.0640625 0.075
3.0 0.85703125 0.315625 0.0359375 0.075
3.0 0.95234375 0.346875 0.0546875 0.1125
3.0 0.95390625 0.809375 0.0921875 0.084375
