3.0 0.925 0.52265625 0.084375 0.0640625
3.0 0.97734375 0.62265625 0.0421875 0.1296875
3.0 0.7890625 0.15078125 0.01875 0.0484375
3.0 0.80859375 0.30546875 0.0234375 0.0765625
3.0 0.85546875 0.25234375 0.0296875 0.0296875
3.0 0.77890625 0.53359375 0.0796875 0.3078125
3.0 0.634375 0.465625 0.103125 0.0625
3.0 0.4015625 0.18828125 0.18125 0.1796875
3.0 0.48828125 0.55078125 0.1109375 0.2015625
3.0 0.4359375 0.3953125 0.053125 0.103125
3.0 0.5078125 0.35234375 0.125 0.1203125
3.0 0.36484375 0.7109375 0.0609375 0.059375
3.0 0.2984375 0.74296875 0.040625 0.0671875
3.0 0.3375 0.82578125 0.05625 0.1296875
3.0 0.26796875 0.91953125 0.0734375 0.0609375
3.0 0.19296875 0.9609375 0.1140625 0.071875
3.0 0.56796875 0.953125 0.0640625 0.09375
