3.0 0.0859375 0.42578125 0.05625 0.1484375
3.0 0.14140625 0.67265625 0.0484375 0.1046875
3.0 0.29296875 0.5 0.1515625 0.171875
3.0 0.27890625 0.69765625 0.0453125 0.0921875
3.0 0.31875 0.58359375 0.034375 0.0515625
3.0 0.34453125 0.71015625 0.0703125 0.1171875
3.0 0.45 0.46171875 0.084375 0.0984375
3.0 0.53671875 0.63671875 0.0546875 0.0734375
3.0 0.55390625 0.5828125 0.0765625 0.1
3.0 0.49921875 0.38515625 0.1078125 0.0859375
3.0 0.9125 0.63828125 0.175 0.1984375
3.0 0.615625 0.41484375 0.06875 0.1359375
3.0 0.52578125 0.83515625 0.0671875 0.0859375
3.0 0.6078125 0.803125 0.0375 0.0625
3.0 0.59296875 0.66953125 0.0546875 0.1140625
