3.0 0.4109375 0.84453125 0.240625 0.1703125
3.0 0.14375 0.603125 0.13125 0.090625
3.0 0.26484375 0.60546875 0.1921875 0.1046875
3.0 0.071875 0.525 0.13125 0.096875
3.0 0.20859375 0.47734375 0.0828125 0.0796875
3.0 0.3078125 0.55 0.1 0.06875
3.0 0.259375 0.36484375 0.109375 0.0953125
3.0 0.05859375 0.1875 0.1015625 0.125
3.0 0.0359375 0.065625 0.05625 0.1
3.0 0.65859375 0.41875 0.1609375 0.1375
3.0 0.78828125 0.51328125 0.1640625 0.1078125
3.0 0.55078125 0.13359375 0.2390625 0.2671875
3.0 0.86171875 0.3453125 0.2671875 0.153125
3.0 0.88125 0.13515625 0.2375 0.2265625
