3.0 0.91171875 0.2125 0.0796875 0.109375
3.0 0.98046875 0.1953125 0.0328125 0.084375
3.0 0.9421875 0.37578125 0.10625 0.1890625
3.0 0.9765625 0.73125 0.04375 0.0875
3.0 0.83359375 0.8765625 0.0734375 0.146875
3.0 0.69921875 0.88984375 0.1984375 0.1078125
3.0 0.0125 0.2453125 0.025 0.175
3.0 0.01640625 0.8984375 0.0328125 0.203125
3.0 0.24921875 0.6484375 0.2140625 0.15
3.0 0.5015625 0.69453125 0.24375 0.1640625
3.0 0.55234375 0.49296875 0.3640625 0.2421875
3.0 0.42890625 0.2421875 0.2015625 0.303125
3.0 0.2578125 0.071875 0.175 0.14375
