3.0 0.184375 0.92421875 0.184375 0.0890625
3.0 0.0359375 0.85859375 0.05 0.0515625
3.0 0.3203125 0.75 0.09375 0.13125
3.0 0.23125 0.6546875 0.0625 0.078125
3.0 0.290625 0.5828125 0.0625 0.06875
3.0 0.171875 0.525 0.171875 0.0875
3.0 0.3484375 0.4390625 0.15 0.065625
3.0 0.09140625 0.3859375 0.1765625 0.04375
3.0 0.04140625 0.31640625 0.0703125 0.0703125
3.0 0.034375 0.2484375 0.046875 0.05625
3.0 0.24609375 0.32890625 0.0828125 0.0734375
3.0 0.34765625 0.33125 0.0640625 0.065625
3.0 0.2296875 0.228125 0.109375 0.09375
3.0 0.34453125 0.23671875 0.0546875 0.0890625
3.0 0.4484375 0.865625 0.196875 0.096875
3.0 0.54453125 0.9375 0.1234375 0.115625
3.0 0.70703125 0.8921875 0.0703125 0.06875
3.0 0.76171875 0.8171875 0.0515625 0.04375
3.0 0.86796875 0.71953125 0.1515625 0.0859375
3.0 0.75859375 0.44921875 0.1703125 0.1046875
3.0 0.51875 0.3765625 0.1875 0.134375
3.0 0.4984375 0.26796875 0.165625 0.1515625
3.0 0.890625 0.39375 0.1 0.08125
3.0 0.67421875 0.27734375 0.3203125 0.2453125
3.0 0.43125 0.75859375 0.153125 0.1015625
3.0 0.53984375 0.71796875 0.1390625 0.0984375
