3.0 0.09609375 0.23359375 0.1015625 0.0828125
3.0 0.03203125 0.3484375 0.0640625 0.184375
3.0 0.30234375 0.1140625 0.1484375 0.228125
3.0 0.4703125 0.05859375 0.140625 0.1171875
3.0 0.66796875 0.10859375 0.1921875 0.2171875
3.0 0.840625 0.55 0.065625 0.15625
3.0 0.90234375 0.50546875 0.0640625 0.0859375
3.0 0.92890625 0.63125 0.0921875 0.1375
3.0 0.9859375 0.728125 0.028125 0.13125
3.0 0.5859375 0.7296875 0.109375 0.246875
3.0 0.49609375 0.9515625 0.1859375 0.09375
3.0 0.6015625 0.96328125 0.0625 0.0734375
3.0 0.66171875 0.9578125 0.0359375 0.0625
3.0 0.93359375 0.98359375 0.0984375 0.0328125
3.0 0.9203125 0.825 0.071875 0.18125
3.0 0.75859375 0.9125 0.0484375 0.0625
3.0 0.75703125 0.26796875 0.0515625 0.0359375
3.0 0.6578125 0.3875 0.046875 0.053125
