3.0 0.2578125 0.6453125 0.03125 0.046875
3.0 0.4484375 0.584375 0.059375 0.0625
3.0 0.65625 0.54921875 0.053125 0.1234375
3.0 0.31015625 0.07734375 0.0265625 0.0359375
3.0 0.35625 0.03828125 0.0375 0.0765625
3.0 0.26875 0.93359375 0.04375 0.0859375
4.0 0.23203125 0.89765625 0.1265625 0.2015625
4.0 0.24375 0.72578125 0.09375 0.2109375
4.0 0.30625 0.56875 0.1 0.121875
4.0 0.36484375 0.825 0.1203125 0.23125
4.0 0.42578125 0.665625 0.1203125 0.221875
4.0 0.55859375 0.66640625 0.0796875 0.1515625
4.0 0.6421875 0.70859375 0.090625 0.1421875
4.0 0.4109375 0.19375 0.1125 0.153125
4.0 0.5640625 0.18359375 0.115625 0.1171875
