3.0 0.83359375 0.17578125 0.0890625 0.1796875
3.0 0.53984375 0.24609375 0.1609375 0.0890625
3.0 0.2875 0.15234375 0.1125 0.1328125
3.0 0.478125 0.10625 0.1625 0.159375
3.0 0.78828125 0.37265625 0.0796875 0.0734375
3.0 0.64375 0.475 0.08125 0.06875
3.0 0.659375 0.61015625 0.103125 0.0578125
3.0 0.79296875 0.50390625 0.1234375 0.0703125
3.0 0.2890625 0.69609375 0.421875 0.1359375
3.0 0.8671875 0.59921875 0.2375 0.1078125
3.0 0.76953125 0.7234375 0.4078125 0.159375
3.0 0.596875 0.8765625 0.1 0.246875
