3.0 0.21640625 0.25859375 0.0828125 0.0640625
3.0 0.2046875 0.3625 0.059375 0.13125
3.0 0.01328125 0.3734375 0.0265625 0.071875
3.0 0.13828125 0.1359375 0.0828125 0.053125
3.0 0.07265625 0.115625 0.0515625 0.0875
3.0 0.36875 0.10703125 0.125 0.2046875
3.0 0.48359375 0.13046875 0.0890625 0.1703125
3.0 0.36640625 0.2796875 0.1828125 0.0875
3.0 0.35625 0.36640625 0.1 0.0671875
3.0 0.5515625 0.29765625 0.078125 0.0765625
3.0 0.54375 0.54296875 0.103125 0.0796875
3.0 0.42890625 0.5953125 0.1109375 0.134375
3.0 0.39453125 0.73125 0.1796875 0.128125
3.0 0.4828125 0.8734375 0.05625 0.215625
3.0 0.59765625 0.8234375 0.1546875 0.35
3.0 0.76171875 0.6859375 0.2171875 0.259375
3.0 0.875 0.5140625 0.071875 0.134375
3.0 0.72734375 0.3484375 0.0546875 0.103125
