3.0 0.75078125 0.74296875 0.0796875 0.0890625
3.0 0.64375 0.715625 0.05 0.084375
3.0 0.725 0.5375 0.028125 0.075
3.0 0.6890625 0.43125 0.0375 0.090625
3.0 0.584375 0.6234375 0.04375 0.1
3.0 0.390625 0.578125 0.05 0.040625
4.0 0.5421875 0.7859375 0.1 0.08125
4.0 0.478125 0.79375 0.0375 0.059375
4.0 0.4671875 0.96953125 0.0375 0.0453125
4.0 0.41796875 0.953125 0.0609375 0.09375
4.0 0.51171875 0.1140625 0.1390625 0.196875
4.0 0.4859375 0.353125 0.0375 0.10625
4.0 0.42890625 0.3203125 0.0484375 0.146875
4.0 0.590625 0.35859375 0.053125 0.0828125
4.0 0.75 0.55625 0.103125 0.19375
4.0 0.75078125 0.73828125 0.1046875 0.1109375
4.0 0.6578125 0.41875 0.078125 0.253125
4.0 0.646875 0.2359375 0.121875 0.1625
3.0 0.61328125 0.228125 0.0265625 0.090625
4.0 0.68359375 0.0875 0.1015625 0.15625
4.0 0.62421875 0.12265625 0.0484375 0.0734375
4.0 0.58671875 0.034375 0.0484375 0.05625
4.0 0.49140625 0.471875 0.0234375 0.04375
4.0 0.515625 0.54296875 0.03125 0.0453125
4.0 0.4671875 0.49375 0.05 0.071875
