3.0 0.13515625 0.41640625 0.1484375 0.1703125
3.0 0.22578125 0.84453125 0.0640625 0.0921875
3.0 0.29609375 0.9296875 0.1203125 0.140625
3.0 0.3015625 0.81328125 0.0875 0.1453125
3.0 0.41640625 0.72421875 0.0609375 0.0859375
3.0 0.41796875 0.61640625 0.0671875 0.0984375
3.0 0.33984375 0.69609375 0.1171875 0.1234375
3.0 0.7828125 0.26171875 0.1125 0.1671875
3.0 0.84296875 0.3921875 0.0453125 0.059375
3.0 0.5390625 0.10859375 0.15625 0.2171875
3.0 0.6546875 0.2078125 0.153125 0.196875
3.0 0.615625 0.40078125 0.103125 0.0921875
3.0 0.5125 0.51484375 0.046875 0.0703125
3.0 0.42578125 0.4359375 0.0328125 0.04375
3.0 0.50859375 0.321875 0.1984375 0.25
