4.0 0.60625 0.4375 0.1 0.18125
4.0 0.4671875 0.55 0.115625 0.134375
3.0 0.70859375 0.7484375 0.0234375 0.05625
3.0 0.465625 0.6640625 0.034375 0.0875
3.0 0.35078125 0.3640625 0.0453125 0.121875
3.0 0.4125 0.73125 0.053125 0.071875
3.0 0.35078125 0.6375 0.0328125 0.11875
4.0 0.6359375 0.83671875 0.11875 0.1609375
4.0 0.4859375 0.78515625 0.11875 0.1015625
4.0 0.53984375 0.94375 0.1109375 0.10625
4.0 0.7046875 0.0609375 0.06875 0.1125
4.0 0.671875 0.184375 0.084375 0.128125
4.0 0.5671875 0.09921875 0.1 0.1390625
3.0 0.578125 0.63984375 0.034375 0.1359375
3.0 0.3484375 0.80078125 0.028125 0.1171875
