3.0 0.08671875 0.60078125 0.0390625 0.0921875
3.0 0.11640625 0.31328125 0.0734375 0.1015625
3.0 0.18125 0.3875 0.0625 0.075
3.0 0.26640625 0.5625 0.0578125 0.05
3.0 0.33828125 0.66484375 0.0453125 0.0609375
3.0 0.32109375 0.51171875 0.0328125 0.0609375
3.0 0.33359375 0.29921875 0.0828125 0.2078125
3.0 0.5390625 0.765625 0.059375 0.078125
3.0 0.65625 0.546875 0.140625 0.1625
3.0 0.56171875 0.2953125 0.0828125 0.16875
3.0 0.56171875 0.44609375 0.0984375 0.0859375
3.0 0.496875 0.44375 0.028125 0.034375
3.0 0.42265625 0.3703125 0.0453125 0.03125
3.0 0.65859375 0.153125 0.0515625 0.05
3.0 0.71328125 0.1265625 0.0390625 0.053125
3.0 0.67421875 0.05234375 0.0421875 0.1046875
3.0 0.69765625 0.7734375 0.1171875 0.165625
