4.0 0.51953125 0.2375 0.1609375 0.2625
3.0 0.325 0.04609375 0.13125 0.0921875
3.0 0.396875 0.3859375 0.04375 0.096875
3.0 0.346875 0.60703125 0.034375 0.0921875
3.0 0.275 0.94921875 0.084375 0.1015625
3.0 0.30703125 0.740625 0.0296875 0.1
3.0 0.39453125 0.925 0.0453125 0.078125
3.0 0.45234375 0.8578125 0.0453125 0.1
3.0 0.6953125 0.81015625 0.028125 0.0671875
3.0 0.77890625 0.81015625 0.0421875 0.1671875
4.0 0.3671875 0.39296875 0.13125 0.1671875
4.0 0.48359375 0.98359375 0.0890625 0.0328125
4.0 0.5453125 0.97734375 0.115625 0.0453125
4.0 0.434375 0.50546875 0.059375 0.1171875
4.0 0.58046875 0.52890625 0.0703125 0.1203125
4.0 0.6390625 0.49609375 0.053125 0.1578125
4.0 0.60234375 0.71875 0.0546875 0.1
4.0 0.5578125 0.878125 0.046875 0.084375
4.0 0.596875 0.71484375 0.053125 0.1234375
