3.0 0.2078125 0.13203125 0.09375 0.1171875
3.0 0.28828125 0.175 0.0671875 0.1
3.0 0.5515625 0.2359375 0.05625 0.078125
3.0 0.45390625 0.1953125 0.0515625 0.071875
3.0 0.4375 0.2890625 0.046875 0.075
3.0 0.2984375 0.41484375 0.190625 0.1953125
3.0 0.7109375 0.4484375 0.075 0.103125
3.0 0.38515625 0.46875 0.0359375 0.0625
3.0 0.79375 0.63984375 0.178125 0.2234375
3.0 0.61015625 0.65703125 0.1484375 0.1859375
3.0 0.3984375 0.67578125 0.1625 0.1890625
3.0 0.3484375 0.8609375 0.059375 0.084375
3.0 0.2859375 0.9375 0.090625 0.1125
3.0 0.3546875 0.94453125 0.046875 0.0578125
3.0 0.62890625 0.77421875 0.0390625 0.0515625
3.0 0.5046875 0.61328125 0.115625 0.1796875
