4.0 0.41328125 0.890625 0.1328125 0.21875
4.0 0.56484375 0.821875 0.1359375 0.26875
3.0 0.6421875 0.7421875 0.059375 0.125
3.0 0.7046875 0.72890625 0.046875 0.1203125
3.0 0.6125 0.4484375 0.071875 0.159375
3.0 0.40078125 0.55390625 0.0765625 0.1359375
4.0 0.19609375 0.45625 0.1296875 0.2625
4.0 0.29140625 0.4046875 0.1609375 0.325
4.0 0.28828125 0.68515625 0.1046875 0.2109375
4.0 0.371875 0.51640625 0.14375 0.2953125
4.0 0.5109375 0.4171875 0.09375 0.19375
4.0 0.56640625 0.59140625 0.0921875 0.2078125
4.0 0.67578125 0.32421875 0.1453125 0.3390625
4.0 0.57734375 0.30859375 0.1109375 0.2265625
