3.0 0.97421875 0.56171875 0.0484375 0.2171875
3.0 0.81328125 0.25234375 0.1078125 0.0984375
3.0 0.878125 0.703125 0.08125 0.040625
3.0 0.7875 0.8078125 0.103125 0.153125
3.0 0.4671875 0.85859375 0.06875 0.0953125
3.0 0.5234375 0.71484375 0.09375 0.1484375
3.0 0.47421875 0.6375 0.0421875 0.06875
3.0 0.46328125 0.70234375 0.0421875 0.0890625
3.0 0.9640625 0.103125 0.059375 0.203125
3.0 0.5734375 0.1171875 0.075 0.18125
3.0 0.503125 0.28203125 0.0625 0.1703125
3.0 0.44453125 0.48046875 0.1234375 0.2109375
3.0 0.35234375 0.44609375 0.1203125 0.1765625
3.0 0.32265625 0.66953125 0.2796875 0.2828125
3.0 0.38125 0.203125 0.040625 0.096875
3.0 0.371875 0.3234375 0.0625 0.071875
3.0 0.2796875 0.328125 0.090625 0.078125
3.0 0.26171875 0.2234375 0.0984375 0.115625
3.0 0.8203125 0.440625 0.134375 0.190625
