3.0 0.484375 0.0375 0.084375 0.0625
3.0 0.53671875 0.34375 0.1515625 0.084375
3.0 0.78203125 0.37578125 0.1171875 0.0609375
3.0 0.68671875 0.47265625 0.0515625 0.0515625
3.0 0.55703125 0.44765625 0.1921875 0.0953125
3.0 0.2984375 0.2859375 0.096875 0.15625
3.0 0.6421875 0.68203125 0.096875 0.0578125
3.0 0.55390625 0.721875 0.0703125 0.075
3.0 0.378125 0.778125 0.059375 0.103125
3.0 0.3625 0.884375 0.075 0.065625
3.0 0.29453125 0.815625 0.0890625 0.046875
3.0 0.28515625 0.10703125 0.0859375 0.1046875
3.0 0.17265625 0.22109375 0.1296875 0.1453125
3.0 0.0546875 0.35234375 0.06875 0.0703125
3.0 0.2109375 0.721875 0.06875 0.040625
