3.0 0.246875 0.89375 0.384375 0.2125
3.0 0.13671875 0.53515625 0.1828125 0.1359375
3.0 0.2234375 0.66953125 0.303125 0.2171875
3.0 0.31640625 0.7375 0.2484375 0.171875
3.0 0.44921875 0.88671875 0.1421875 0.1015625
3.0 0.03203125 0.3265625 0.0640625 0.140625
3.0 0.159375 0.2921875 0.2125 0.15625
3.0 0.5828125 0.81328125 0.25625 0.1765625
3.0 0.3234375 0.2109375 0.2625 0.171875
3.0 0.32890625 0.5375 0.1046875 0.096875
3.0 0.3546875 0.45234375 0.09375 0.0765625
3.0 0.33125 0.61171875 0.11875 0.0828125
3.0 0.7765625 0.79765625 0.246875 0.1078125
3.0 0.4859375 0.278125 0.15625 0.178125
3.0 0.596875 0.125 0.153125 0.134375
3.0 0.621875 0.2421875 0.203125 0.15625
3.0 0.7828125 0.31953125 0.19375 0.1578125
3.0 0.66484375 0.665625 0.2046875 0.165625
3.0 0.8671875 0.71015625 0.246875 0.1828125
3.0 0.6328125 0.35 0.228125 0.153125
