3.0 0.12265625 0.515625 0.2453125 0.375
3.0 0.303125 0.2859375 0.240625 0.334375
3.0 0.3578125 0.17734375 0.075 0.0953125
3.0 0.3796875 0.33125 0.071875 0.090625
3.0 0.3875 0.26484375 0.065625 0.0890625
3.0 0.54296875 0.37890625 0.1046875 0.1453125
3.0 0.61875 0.37734375 0.065625 0.0859375
3.0 0.39375 0.46484375 0.13125 0.1703125
3.0 0.425 0.53046875 0.134375 0.1828125
3.0 0.4328125 0.68203125 0.1125 0.1546875
3.0 0.51640625 0.546875 0.0828125 0.1125
3.0 0.5765625 0.5640625 0.109375 0.15625
3.0 0.678125 0.58203125 0.071875 0.0953125
3.0 0.809375 0.32734375 0.18125 0.2328125
3.0 0.809375 0.49453125 0.075 0.0984375
3.0 0.90859375 0.45 0.1421875 0.178125
3.0 0.6734375 0.89375 0.159375 0.2125
3.0 0.7296875 0.1875 0.075 0.103125
3.0 0.875 0.53125 0.075 0.09375
3.0 0.21171875 0.6640625 0.3453125 0.475
3.0 0.18203125 0.86171875 0.2640625 0.2765625
