3.0 0.89375 0.21015625 0.071875 0.0578125
3.0 0.9453125 0.28984375 0.05625 0.1296875
3.0 0.74921875 0.1046875 0.1046875 0.2
3.0 0.63203125 0.0640625 0.0984375 0.128125
3.0 0.49375 0.1109375 0.134375 0.171875
3.0 0.37265625 0.43046875 0.0453125 0.1109375
3.0 0.3296875 0.4 0.046875 0.059375
3.0 0.3109375 0.4875 0.065625 0.096875
3.0 0.23515625 0.55546875 0.0921875 0.0921875
3.0 0.55078125 0.55625 0.0765625 0.171875
3.0 0.6140625 0.7109375 0.13125 0.065625
3.0 0.5390625 0.7765625 0.04375 0.165625
3.0 0.496875 0.715625 0.025 0.04375
3.0 0.47890625 0.8140625 0.0578125 0.146875
3.0 0.3078125 0.75390625 0.06875 0.0609375
3.0 0.3171875 0.62265625 0.05 0.1265625
7.0 0.21171875 0.66875 0.0546875 0.0875
3.0 0.4296875 0.684375 0.034375 0.04375
3.0 0.43125 0.2328125 0.0375 0.025
3.0 0.50078125 0.3171875 0.0328125 0.0375
