3.0 0.9359375 0.0609375 0.075 0.115625
3.0 0.82421875 0.121875 0.0859375 0.20625
3.0 0.8484375 0.465625 0.15 0.125
3.0 0.7671875 0.3828125 0.096875 0.2
3.0 0.659375 0.37734375 0.11875 0.1390625
3.0 0.6421875 0.47265625 0.11875 0.1546875
3.0 0.8078125 0.634375 0.090625 0.05
3.0 0.74296875 0.6890625 0.0328125 0.0625
3.0 0.6890625 0.78671875 0.084375 0.1484375
3.0 0.63359375 0.49765625 0.1078125 0.1296875
3.0 0.4078125 0.7484375 0.09375 0.1625
3.0 0.3671875 0.88203125 0.046875 0.0796875
3.0 0.671875 0.271875 0.125 0.08125
3.0 0.55546875 0.21171875 0.0984375 0.0984375
3.0 0.421875 0.18515625 0.05625 0.1640625
3.0 0.24921875 0.7078125 0.2171875 0.2625
3.0 0.34609375 0.35546875 0.0609375 0.1484375
3.0 0.28046875 0.50390625 0.0765625 0.1578125
3.0 0.28046875 0.571875 0.1859375 0.05625
3.0 0.28515625 0.359375 0.0515625 0.059375
3.0 0.20859375 0.3734375 0.0828125 0.06875
3.0 0.29140625 0.0640625 0.0296875 0.09375
3.0 0.24765625 0.07734375 0.0265625 0.0359375
3.0 0.2296875 0.1515625 0.059375 0.1625
3.0 0.17421875 0.25234375 0.0734375 0.1234375
3.0 0.18359375 0.040625 0.0515625 0.071875
3.0 0.44140625 0.0421875 0.1140625 0.08125
