3.0 0.1171875 0.059375 0.184375 0.09375
3.0 0.3203125 0.04453125 0.19375 0.0796875
3.0 0.19375 0.29375 0.13125 0.13125
3.0 0.3390625 0.49609375 0.13125 0.0640625
3.0 0.45390625 0.03125 0.0609375 0.05
3.0 0.74921875 0.06484375 0.1265625 0.0515625
3.0 0.665625 0.2078125 0.103125 0.05625
3.0 0.19921875 0.4359375 0.0765625 0.04375
3.0 0.28984375 0.653125 0.1859375 0.05
3.0 0.40390625 0.59375 0.0640625 0.046875
3.0 0.55546875 0.47890625 0.2515625 0.0953125
3.0 0.6234375 0.6171875 0.353125 0.15
3.0 0.4859375 0.7015625 0.21875 0.11875
