3.0 0.93515625 0.12109375 0.1046875 0.1546875
3.0 0.871875 0.0671875 0.05 0.053125
3.0 0.834375 0.11796875 0.08125 0.0546875
3.0 0.29609375 0.0375 0.0953125 0.053125
3.0 0.43203125 0.0890625 0.2453125 0.171875
3.0 0.703125 0.18515625 0.36875 0.2078125
3.0 0.52421875 0.42578125 0.0796875 0.0828125
3.0 0.2734375 0.371875 0.0875 0.14375
3.0 0.115625 0.4640625 0.18125 0.096875
3.0 0.3046875 0.553125 0.25 0.2
3.0 0.6703125 0.578125 0.115625 0.0625
3.0 0.51171875 0.609375 0.1796875 0.14375
3.0 0.3859375 0.4671875 0.09375 0.05
3.0 0.309375 0.571875 0.19375 0.159375
3.0 0.45390625 0.7140625 0.1171875 0.059375
3.0 0.76484375 0.734375 0.1078125 0.084375
3.0 0.6578125 0.7125 0.04375 0.06875
3.0 0.825 0.9515625 0.115625 0.065625
3.0 0.68125 0.95546875 0.134375 0.0890625
