3.0 0.7875 0.66796875 0.0875 0.0765625
3.0 0.83125 0.55078125 0.084375 0.0796875
3.0 0.91796875 0.70234375 0.1203125 0.1171875
3.0 0.9484375 0.56953125 0.103125 0.1046875
3.0 0.4015625 0.95703125 0.121875 0.0703125
3.0 0.734375 0.9421875 0.08125 0.078125
3.0 0.70234375 0.4671875 0.1859375 0.096875
3.0 0.53046875 0.6375 0.0765625 0.0875
3.0 0.4234375 0.6109375 0.128125 0.065625
3.0 0.45234375 0.4625 0.2921875 0.2625
3.0 0.5328125 0.3171875 0.065625 0.0375
3.0 0.70078125 0.34296875 0.2203125 0.1515625
3.0 0.07890625 0.2109375 0.0671875 0.15625
3.0 0.4484375 0.2546875 0.203125 0.1125
3.0 0.6203125 0.22578125 0.04375 0.0546875
3.0 0.77578125 0.2078125 0.1984375 0.153125
3.0 0.46484375 0.03359375 0.1671875 0.0671875
3.0 0.953125 0.30234375 0.09375 0.1140625
3.0 0.9171875 0.140625 0.165625 0.109375
