3.0 0.1109375 0.7328125 0.096875 0.1
3.0 0.090625 0.853125 0.075 0.140625
3.0 0.1328125 0.3203125 0.03125 0.053125
3.0 0.15859375 0.47421875 0.0421875 0.0828125
3.0 0.09921875 0.4484375 0.0359375 0.04375
3.0 0.25 0.6703125 0.159375 0.325
3.0 0.3640625 0.5359375 0.1125 0.109375
3.0 0.50234375 0.1625 0.2171875 0.25625
3.0 0.5234375 0.54140625 0.159375 0.2421875
3.0 0.528125 0.37109375 0.078125 0.1234375
3.0 0.45 0.3671875 0.15 0.175
3.0 0.68359375 0.62890625 0.0734375 0.0859375
3.0 0.75390625 0.62421875 0.0546875 0.0828125
3.0 0.740625 0.72109375 0.090625 0.1484375
3.0 0.83125 0.7734375 0.084375 0.09375
3.0 0.9125 0.77421875 0.125 0.1234375
3.0 0.56328125 0.946875 0.0859375 0.10625
