4.0 0.2296875 0.2453125 0.14375 0.33125
4.0 0.31640625 0.37421875 0.1453125 0.3671875
4.0 0.33125 0.10703125 0.115625 0.2140625
4.0 0.3828125 0.1640625 0.046875 0.128125
4.0 0.3765625 0.275 0.0625 0.134375
4.0 0.8203125 0.93046875 0.203125 0.1390625
2.0 0.45 0.0875 0.078125 0.175
2.0 0.41171875 0.44296875 0.0859375 0.2828125
3.0 0.5140625 0.25625 0.04375 0.09375
3.0 0.46484375 0.69921875 0.1390625 0.3015625
3.0 0.4671875 0.90703125 0.146875 0.1859375
3.0 0.55859375 0.9875 0.0578125 0.025
2.0 0.778125 0.4140625 0.11875 0.334375
2.0 0.4640625 0.37890625 0.040625 0.1140625
2.0 0.55 0.7703125 0.08125 0.178125
2.0 0.57421875 0.91640625 0.1328125 0.1671875
2.0 0.66796875 0.165625 0.0546875 0.103125
2.0 0.71015625 0.33828125 0.0484375 0.1234375
3.0 0.58125 0.6578125 0.071875 0.15625
3.0 0.93125 0.89453125 0.078125 0.1640625
