3.0 0.36875 0.2078125 0.146875 0.071875
3.0 0.3828125 0.30625 0.121875 0.053125
3.0 0.39609375 0.37578125 0.0828125 0.0328125
3.0 0.390625 0.55390625 0.04375 0.0640625
3.0 0.36328125 0.6421875 0.0578125 0.04375
3.0 0.02265625 0.2671875 0.0390625 0.08125
3.0 0.96328125 0.48984375 0.0609375 0.0328125
4.0 0.4875 0.384375 0.121875 0.090625
4.0 0.4421875 0.46015625 0.121875 0.0546875
4.0 0.340625 0.421875 0.13125 0.065625
4.0 0.35390625 0.30078125 0.2109375 0.0890625
4.0 0.95859375 0.46171875 0.0796875 0.1234375
4.0 0.6171875 0.42421875 0.05 0.0265625
4.0 0.5453125 0.4703125 0.0625 0.03125
4.0 0.64375 0.328125 0.165625 0.059375
3.0 0.665625 0.309375 0.040625 0.015625
