3.0 0.76015625 0.47890625 0.1515625 0.1390625
3.0 0.62734375 0.38125 0.0828125 0.2125
3.0 0.5734375 0.70234375 0.075 0.1703125
3.0 0.659375 0.59609375 0.125 0.1421875
3.0 0.6421875 0.146875 0.184375 0.121875
3.0 0.44609375 0.278125 0.0578125 0.0875
3.0 0.3515625 0.11171875 0.084375 0.2140625
3.0 0.1890625 0.14296875 0.065625 0.2796875
3.0 0.07890625 0.28984375 0.1390625 0.1265625
3.0 0.17421875 0.5359375 0.1015625 0.33125
3.0 0.5046875 0.19453125 0.059375 0.0953125
3.0 0.3796875 0.90078125 0.046875 0.0640625
3.0 0.63984375 0.759375 0.0484375 0.10625
3.0 0.5421875 0.8484375 0.0875 0.096875
