4.0 0.73046875 0.72734375 0.1078125 0.2265625
4.0 0.6359375 0.76015625 0.09375 0.2734375
2.0 0.54921875 0.73515625 0.0546875 0.2515625
2.0 0.58203125 0.44609375 0.0359375 0.1703125
4.0 0.6703125 0.521875 0.065625 0.134375
2.0 0.26328125 0.44765625 0.0609375 0.2203125
2.0 0.4140625 0.1984375 0.05 0.125
3.0 0.50625 0.51640625 0.040625 0.0578125
3.0 0.3828125 0.7953125 0.046875 0.134375
3.0 0.46171875 0.903125 0.1015625 0.19375
2.0 0.34921875 0.1890625 0.0578125 0.11875
2.0 0.31953125 0.1078125 0.1171875 0.096875
4.0 0.115625 0.91328125 0.125 0.1734375
3.0 0.03359375 0.71015625 0.0484375 0.0609375
