3.0 0.47734375 0.2515625 0.0765625 0.0875
3.0 0.45078125 0.04921875 0.1109375 0.0984375
3.0 0.35859375 0.22578125 0.0546875 0.1140625
3.0 0.3609375 0.509375 0.046875 0.078125
3.0 0.34765625 0.60546875 0.0265625 0.0859375
3.0 0.35234375 0.69765625 0.0265625 0.0546875
3.0 0.47578125 0.78046875 0.0453125 0.0703125
4.0 0.4625 0.63203125 0.06875 0.1859375
3.0 0.80078125 0.7046875 0.0328125 0.121875
3.0 0.93984375 0.63828125 0.0671875 0.0734375
2.0 0.8328125 0.25234375 0.1 0.1640625
2.0 0.80390625 0.459375 0.0890625 0.184375
2.0 0.8375 0.16875 0.11875 0.175
2.0 0.8703125 0.39453125 0.040625 0.1203125
2.0 0.83359375 0.6046875 0.0578125 0.1
4.0 0.734375 0.303125 0.065625 0.171875
4.0 0.625 0.190625 0.1125 0.215625
2.0 0.67890625 0.41875 0.0234375 0.06875
2.0 0.59453125 0.3296875 0.0390625 0.059375
2.0 0.5921875 0.371875 0.05625 0.0625
3.0 0.47578125 0.37578125 0.0234375 0.0609375
3.0 0.4375 0.35078125 0.025 0.0921875
4.0 0.64453125 0.4765625 0.0515625 0.0875
3.0 0.29609375 0.51640625 0.0296875 0.0546875
3.0 0.29296875 0.41953125 0.0265625 0.0546875
