3.0 0.1015625 0.62578125 0.078125 0.1234375
3.0 0.15703125 0.73203125 0.0703125 0.0734375
3.0 0.378125 0.86015625 0.10625 0.2640625
3.0 0.58203125 0.97890625 0.0578125 0.0296875
3.0 0.48671875 0.9140625 0.1046875 0.15625
3.0 0.61484375 0.90625 0.0984375 0.090625
3.0 0.62578125 0.80546875 0.0953125 0.1046875
3.0 0.5984375 0.6375 0.028125 0.034375
3.0 0.7390625 0.60234375 0.06875 0.0640625
3.0 0.7796875 0.50625 0.040625 0.103125
3.0 0.59296875 0.33359375 0.1140625 0.2046875
3.0 0.546875 0.15390625 0.071875 0.0453125
3.0 0.61953125 0.09609375 0.0546875 0.1921875
3.0 0.66796875 0.08125 0.0453125 0.1625
3.0 0.7203125 0.2046875 0.046875 0.059375
3.0 0.859375 0.44765625 0.078125 0.0828125
3.0 0.93359375 0.37890625 0.1015625 0.1015625
3.0 0.8484375 0.30078125 0.03125 0.1359375
7.0 0.91171875 0.2078125 0.0484375 0.075
3.0 0.89609375 0.13125 0.0765625 0.040625
3.0 0.72421875 0.20390625 0.0359375 0.0390625
3.0 0.721875 0.10703125 0.034375 0.0609375
3.0 0.678125 0.73671875 0.028125 0.0390625
