3.0 0.13671875 0.7734375 0.0859375 0.096875
3.0 0.10703125 0.89296875 0.0765625 0.1171875
3.0 0.184375 0.52734375 0.075 0.0703125
3.0 0.2484375 0.578125 0.0625 0.084375
3.0 0.3234375 0.85859375 0.146875 0.2828125
3.0 0.48984375 0.57734375 0.0515625 0.0734375
3.0 0.56484375 0.53828125 0.1484375 0.1671875
3.0 0.590625 0.7265625 0.15 0.246875
3.0 0.44140625 0.153125 0.1140625 0.14375
3.0 0.5640625 0.24765625 0.059375 0.0671875
3.0 0.61953125 0.37890625 0.1546875 0.2328125
3.0 0.728125 0.3484375 0.059375 0.1125
3.0 0.64765625 0.10078125 0.1890625 0.2015625
3.0 0.2359375 0.3875 0.065625 0.08125
