4.0 0.39296875 0.240625 0.1453125 0.28125
4.0 0.7171875 0.88359375 0.13125 0.2203125
4.0 0.8015625 0.69140625 0.06875 0.1609375
3.0 0.3203125 0.76796875 0.078125 0.1140625
3.0 0.296875 0.64609375 0.046875 0.0828125
3.0 0.2859375 0.5484375 0.040625 0.05625
3.0 0.25234375 0.478125 0.0265625 0.084375
3.0 0.25234375 0.103125 0.0671875 0.1625
3.0 0.4171875 0.40859375 0.053125 0.1640625
3.0 0.47421875 0.83828125 0.0359375 0.0796875
3.0 0.415625 0.92890625 0.040625 0.0765625
3.0 0.52734375 0.93515625 0.0328125 0.0859375
3.0 0.47265625 0.97578125 0.0453125 0.0484375
2.0 0.5421875 0.32890625 0.075 0.1546875
3.0 0.14140625 0.73828125 0.0296875 0.0765625
3.0 0.17109375 0.896875 0.0359375 0.078125
2.0 0.69765625 0.60625 0.0546875 0.109375
2.0 0.70625 0.71796875 0.0375 0.1171875
2.0 0.6390625 0.75859375 0.065625 0.1484375
2.0 0.94296875 0.3953125 0.0984375 0.165625
2.0 0.9484375 0.6484375 0.09375 0.36875
2.0 0.84609375 0.390625 0.0953125 0.203125
2.0 0.840625 0.2578125 0.090625 0.140625
2.0 0.615625 0.06484375 0.08125 0.1171875
2.0 0.53515625 0.06171875 0.0390625 0.0953125
2.0 0.5078125 0.21796875 0.059375 0.0953125
