3.0 0.76953125 0.0109375 0.0765625 0.021875
3.0 0.7046875 0.08828125 0.078125 0.1359375
3.0 0.7328125 0.32734375 0.084375 0.1078125
3.0 0.6359375 0.3203125 0.096875 0.171875
3.0 0.64140625 0.47265625 0.0578125 0.0953125
3.0 0.7609375 0.5265625 0.153125 0.15
3.0 0.678125 0.71328125 0.121875 0.1859375
3.0 0.609375 0.6796875 0.140625 0.196875
3.0 0.590625 0.84921875 0.234375 0.2328125
3.0 0.4390625 0.84609375 0.103125 0.1578125
3.0 0.32734375 0.6234375 0.0734375 0.125
3.0 0.3984375 0.06015625 0.18125 0.1203125
3.0 0.27421875 0.42578125 0.1171875 0.1796875
3.0 0.18984375 0.5765625 0.1328125 0.184375
3.0 0.19609375 0.15 0.1609375 0.14375
3.0 0.18515625 0.0375 0.1421875 0.075
3.0 0.56796875 0.41953125 0.0921875 0.1234375
