3.0 0.0421875 0.41875 0.084375 0.05625
3.0 0.1015625 0.52890625 0.065625 0.0953125
3.0 0.09765625 0.884375 0.1171875 0.23125
3.0 0.425 0.6890625 0.053125 0.084375
3.0 0.53984375 0.6859375 0.1796875 0.165625
3.0 0.50390625 0.9015625 0.1421875 0.196875
3.0 0.51953125 0.08984375 0.1328125 0.1515625
3.0 0.646875 0.29765625 0.071875 0.0671875
3.0 0.6734375 0.51015625 0.159375 0.2734375
3.0 0.83046875 0.54140625 0.0515625 0.1453125
3.0 0.8265625 0.13203125 0.20625 0.2640625
3.0 0.15703125 0.2671875 0.0765625 0.084375
