3.0 0.68828125 0.74921875 0.0265625 0.0421875
3.0 0.3875 0.52265625 0.040625 0.0984375
3.0 0.39140625 0.79765625 0.0171875 0.0828125
3.0 0.66015625 0.82578125 0.0296875 0.0921875
4.0 0.6703125 0.07421875 0.05 0.1078125
3.0 0.64296875 0.07109375 0.0109375 0.0546875
4.0 0.5984375 0.62421875 0.084375 0.1359375
3.0 0.44375 0.75546875 0.040625 0.0546875
4.0 0.640625 0.35 0.065625 0.103125
4.0 0.6703125 0.22109375 0.0625 0.1640625
4.0 0.58359375 0.1859375 0.0953125 0.146875
4.0 0.55 0.3328125 0.084375 0.14375
3.0 0.5390625 0.38671875 0.0375 0.0234375
4.0 0.49375 0.7078125 0.090625 0.109375
4.0 0.4484375 0.40625 0.05625 0.103125
4.0 0.38125 0.390625 0.071875 0.10625
4.0 0.628125 0.9296875 0.090625 0.090625
4.0 0.51328125 0.8984375 0.0984375 0.075
4.0 0.55625 0.978125 0.071875 0.04375
3.0 0.184375 0.03984375 0.05 0.0796875
