4.0 0.215625 0.7515625 0.090625 0.209375
4.0 0.2671875 0.590625 0.09375 0.1375
4.0 0.3359375 0.846875 0.13125 0.21875
4.0 0.2125 0.9171875 0.115625 0.15625
4.0 0.390625 0.66015625 0.121875 0.2203125
3.0 0.4125 0.57734375 0.065625 0.0515625
4.0 0.3546875 0.1984375 0.1125 0.153125
3.0 0.2734375 0.1375 0.034375 0.053125
3.0 0.32265625 0.0625 0.0453125 0.1125
3.0 0.52890625 0.33203125 0.0234375 0.0484375
3.0 0.58203125 0.278125 0.0390625 0.053125
3.0 0.6296875 0.50625 0.046875 0.115625
3.0 0.64453125 0.25859375 0.0234375 0.0828125
4.0 0.540625 0.6546875 0.075 0.159375
4.0 0.35703125 0.20234375 0.1171875 0.1609375
4.0 0.36953125 0.4078125 0.1140625 0.128125
4.0 0.390625 0.26640625 0.053125 0.1453125
