4.0 0.45078125 0.39921875 0.3578125 0.1296875
3.0 0.478125 0.56640625 0.109375 0.1109375
3.0 0.709375 0.434375 0.209375 0.140625
3.0 0.71875 0.54375 0.05 0.025
3.0 0.9015625 0.24765625 0.19375 0.1046875
3.0 0.39375 0.1046875 0.0875 0.03125
3.0 0.6625 0.12109375 0.159375 0.0609375
3.0 0.7765625 0.053125 0.1 0.08125
4.0 0.3328125 0.28515625 0.328125 0.1109375
3.0 0.7046875 0.19375 0.0875 0.0375
4.0 0.3890625 0.20859375 0.18125 0.0390625
4.0 0.4484375 0.14453125 0.309375 0.0640625
2.0 0.08046875 0.18828125 0.1421875 0.0703125
2.0 0.21171875 0.08046875 0.2796875 0.1609375
3.0 0.38515625 0.3390625 0.1109375 0.0375
3.0 0.57890625 0.30546875 0.0703125 0.0328125
