3.0 0.10546875 0.81015625 0.1796875 0.1984375
3.0 0.25 0.715625 0.109375 0.190625
3.0 0.37109375 0.9296875 0.0390625 0.084375
3.0 0.49921875 0.8 0.0640625 0.10625
3.0 0.325 0.8453125 0.175 0.15
3.0 0.7328125 0.88359375 0.05625 0.0640625
3.0 0.6875 0.9734375 0.040625 0.053125
3.0 0.78359375 0.18359375 0.1015625 0.1109375
3.0 0.7859375 0.3078125 0.040625 0.053125
3.0 0.434375 0.6328125 0.28125 0.2375
3.0 0.65703125 0.66015625 0.1234375 0.2765625
3.0 0.7375 0.53046875 0.115625 0.1140625
3.0 0.5140625 0.43671875 0.2125 0.1546875
3.0 0.64453125 0.36640625 0.0890625 0.1796875
