3.0 0.66640625 0.240625 0.1546875 0.065625
3.0 0.59609375 0.490625 0.1296875 0.0625
3.0 0.09140625 0.4875 0.1390625 0.053125
3.0 0.56171875 0.5890625 0.1609375 0.028125
3.0 0.3640625 0.7296875 0.225 0.115625
3.0 0.1265625 0.60234375 0.159375 0.0859375
4.0 0.571875 0.08359375 0.35625 0.1671875
4.0 0.10078125 0.134375 0.2015625 0.078125
4.0 0.4296875 0.30234375 0.20625 0.1109375
4.0 0.5484375 0.45234375 0.446875 0.1546875
4.0 0.87890625 0.05390625 0.2359375 0.1078125
4.0 0.17578125 0.21171875 0.1453125 0.0484375
4.0 0.0546875 0.2984375 0.078125 0.065625
4.0 0.85078125 0.18515625 0.1390625 0.0671875
4.0 0.7421875 0.27265625 0.34375 0.2328125
