4.0 0.71171875 0.38828125 0.2546875 0.2234375
3.0 0.653125 0.55546875 0.14375 0.0328125
3.0 0.1453125 0.58671875 0.14375 0.0484375
3.0 0.51015625 0.66328125 0.1421875 0.0421875
3.0 0.39375 0.7328125 0.125 0.028125
3.0 0.1015625 0.68828125 0.146875 0.0765625
3.0 0.18984375 0.80390625 0.1484375 0.0765625
4.0 0.4484375 0.6390625 0.315625 0.090625
4.0 0.69453125 0.59375 0.1921875 0.1625
4.0 0.34140625 0.40234375 0.1703125 0.0578125
4.0 0.32578125 0.3265625 0.2078125 0.075
4.0 0.1109375 0.4109375 0.134375 0.0625
4.0 0.4640625 0.5453125 0.15 0.06875
