3.0 0.4671875 0.97578125 0.115625 0.0484375
3.0 0.5734375 0.95703125 0.196875 0.0859375
3.0 0.1859375 0.56484375 0.053125 0.0640625
3.0 0.26796875 0.39453125 0.0984375 0.1296875
3.0 0.33828125 0.315625 0.0890625 0.096875
3.0 0.34765625 0.41640625 0.1328125 0.1453125
3.0 0.42578125 0.33828125 0.1328125 0.1765625
3.0 0.54765625 0.240625 0.1453125 0.23125
3.0 0.52578125 0.76875 0.0734375 0.075
3.0 0.5640625 0.82109375 0.03125 0.0234375
3.0 0.56640625 0.746875 0.0453125 0.05
3.0 0.68828125 0.8203125 0.1390625 0.1375
3.0 0.66796875 0.69140625 0.0578125 0.1234375
3.0 0.56328125 0.42421875 0.1546875 0.1484375
3.0 0.68984375 0.49609375 0.0828125 0.1609375
7.0 0.67734375 0.24921875 0.0921875 0.1015625
3.0 0.20625 0.39140625 0.053125 0.0734375
3.0 0.13984375 0.3984375 0.0234375 0.05625
3.0 0.6109375 0.69375 0.084375 0.125
