3.0 0.62265625 0.3796875 0.1203125 0.059375
3.0 0.7359375 0.40859375 0.08125 0.0671875
3.0 0.78125 0.54609375 0.05 0.0265625
3.0 0.88046875 0.453125 0.0421875 0.040625
3.0 0.54765625 0.29609375 0.1359375 0.1046875
3.0 0.4421875 0.21484375 0.090625 0.1453125
3.0 0.3765625 0.325 0.15625 0.071875
3.0 0.175 0.30859375 0.06875 0.1171875
3.0 0.1515625 0.4484375 0.053125 0.1
3.0 0.1140625 0.55625 0.178125 0.071875
3.0 0.24375 0.5828125 0.065625 0.0375
3.0 0.15703125 0.65703125 0.2390625 0.1015625
3.0 0.24921875 0.7578125 0.1140625 0.171875
3.0 0.48671875 0.66015625 0.2453125 0.0984375
