3.0 0.35703125 0.30859375 0.1171875 0.0765625
3.0 0.14453125 0.434375 0.1734375 0.15625
3.0 0.646875 0.24140625 0.05625 0.0421875
3.0 0.45 0.0265625 0.121875 0.053125
3.0 0.62578125 0.4 0.2671875 0.075
3.0 0.53203125 0.33828125 0.0671875 0.0515625
3.0 0.3640625 0.55390625 0.29375 0.2015625
3.0 0.35859375 0.55546875 0.2953125 0.1953125
3.0 0.68984375 0.5359375 0.3109375 0.159375
3.0 0.58515625 0.6890625 0.2234375 0.284375
3.0 0.33046875 0.76171875 0.1296875 0.1171875
3.0 0.47109375 0.81015625 0.1265625 0.0828125
3.0 0.5015625 0.9484375 0.10625 0.08125
3.0 0.09921875 0.9359375 0.1484375 0.10625
3.0 0.0265625 0.42734375 0.03125 0.0359375
3.0 0.25625 0.421875 0.128125 0.128125
