3.0 0.96953125 0.1 0.0546875 0.10625
3.0 0.92109375 0.16328125 0.0828125 0.0890625
3.0 0.82109375 0.2640625 0.1234375 0.059375
3.0 0.7375 0.23125 0.071875 0.046875
3.0 0.69609375 0.30078125 0.0734375 0.0609375
3.0 0.62578125 0.3296875 0.0328125 0.03125
3.0 0.9421875 0.5359375 0.103125 0.084375
3.0 0.6421875 0.45078125 0.053125 0.0265625
3.0 0.53359375 0.3546875 0.0296875 0.025
3.0 0.434375 0.44375 0.20625 0.13125
3.0 0.34140625 0.39296875 0.0890625 0.0453125
3.0 0.4953125 0.95859375 0.096875 0.0828125
3.0 0.02890625 0.3296875 0.0578125 0.090625
3.0 0.18671875 0.44921875 0.1828125 0.1328125
3.0 0.30546875 0.81171875 0.6109375 0.1359375
3.0 0.31484375 0.60703125 0.1296875 0.1609375
