3.0 0.57421875 0.56171875 0.0828125 0.2390625
3.0 0.46328125 0.11953125 0.0390625 0.1046875
3.0 0.53359375 0.025 0.0734375 0.05
3.0 0.659375 0.10390625 0.05625 0.1953125
3.0 0.07265625 0.0546875 0.0484375 0.109375
4.0 0.03203125 0.51875 0.0640625 0.253125
4.0 0.23359375 0.29609375 0.2359375 0.3109375
4.0 0.44921875 0.46328125 0.1171875 0.2890625
4.0 0.48515625 0.771875 0.1234375 0.15625
4.0 0.60546875 0.79765625 0.1515625 0.2265625
4.0 0.6 0.4875 0.1375 0.48125
4.0 0.571875 0.2984375 0.1125 0.20625
4.0 0.75 0.51484375 0.134375 0.5515625
3.0 0.73046875 0.67734375 0.0671875 0.0640625
