3.0 0.75703125 0.19375 0.1828125 0.1375
3.0 0.62109375 0.2375 0.2109375 0.153125
3.0 0.8703125 0.2640625 0.246875 0.1375
3.0 0.51796875 0.3359375 0.1671875 0.134375
3.0 0.10859375 0.49765625 0.1609375 0.1265625
3.0 0.2609375 0.60625 0.159375 0.103125
3.0 0.2625 0.71796875 0.159375 0.1109375
3.0 0.2765625 0.78203125 0.28125 0.1328125
3.0 0.49453125 0.78671875 0.2359375 0.2078125
3.0 0.48203125 0.546875 0.1203125 0.109375
3.0 0.84296875 0.41015625 0.1234375 0.0953125
3.0 0.80703125 0.475 0.0953125 0.08125
3.0 0.33359375 0.903125 0.1296875 0.071875
