4.0 0.50859375 0.78203125 0.0921875 0.3390625
4.0 0.4171875 0.58828125 0.1625 0.1859375
4.0 0.50390625 0.46953125 0.1015625 0.1578125
4.0 0.57578125 0.71328125 0.0640625 0.3015625
4.0 0.55234375 0.35390625 0.0953125 0.2609375
4.0 0.6359375 0.64609375 0.046875 0.2359375
4.0 0.66640625 0.37265625 0.0546875 0.1390625
4.0 0.7609375 0.43828125 0.059375 0.2421875
4.0 0.78125 0.2078125 0.05625 0.21875
4.0 0.85859375 0.321875 0.1421875 0.171875
4.0 0.734375 0.22734375 0.053125 0.1484375
4.0 0.68359375 0.2375 0.0328125 0.13125
3.0 0.6515625 0.06640625 0.06875 0.1140625
4.0 0.5359375 0.09375 0.084375 0.153125
