3.0 0.053125 0.05859375 0.10625 0.1171875
3.0 0.19921875 0.1640625 0.1265625 0.228125
3.0 0.2875 0.12109375 0.075 0.0859375
3.0 0.14453125 0.2515625 0.1984375 0.184375
3.0 0.25703125 0.44609375 0.1203125 0.1578125
3.0 0.05625 0.4421875 0.1125 0.16875
3.0 0.31875 0.55234375 0.146875 0.1109375
3.0 0.534375 0.7234375 0.03125 0.15
3.0 0.7453125 0.25703125 0.065625 0.0703125
3.0 0.4609375 0.309375 0.13125 0.103125
3.0 0.52890625 0.4140625 0.0390625 0.0875
3.0 0.6359375 0.81640625 0.08125 0.1078125
3.0 0.78984375 0.3671875 0.0921875 0.103125
3.0 0.74453125 0.6390625 0.1015625 0.240625
3.0 0.7859375 0.8953125 0.11875 0.209375
3.0 0.68359375 0.94296875 0.0671875 0.1140625
