3.0 0.9125 0.57265625 0.05625 0.1484375
3.0 0.85703125 0.32578125 0.0484375 0.1046875
3.0 0.70546875 0.4984375 0.1515625 0.171875
3.0 0.71953125 0.30078125 0.0453125 0.0921875
3.0 0.6796875 0.41484375 0.034375 0.0515625
3.0 0.65390625 0.28828125 0.0703125 0.1171875
3.0 0.5484375 0.53671875 0.084375 0.0984375
3.0 0.46171875 0.36171875 0.0546875 0.0734375
3.0 0.44453125 0.41640625 0.0765625 0.0984375
3.0 0.49921875 0.61328125 0.1078125 0.0859375
3.0 0.08671875 0.359375 0.1734375 0.2
3.0 0.3828125 0.58359375 0.06875 0.1359375
3.0 0.47265625 0.16328125 0.0671875 0.0859375
3.0 0.390625 0.1953125 0.0375 0.0625
3.0 0.40546875 0.32890625 0.0546875 0.1140625
