3.0 0.10703125 0.0859375 0.1640625 0.159375
3.0 0.03671875 0.2234375 0.0734375 0.140625
3.0 0.19921875 0.29296875 0.1109375 0.1953125
3.0 0.32109375 0.06796875 0.1984375 0.1296875
3.0 0.428125 0.15546875 0.06875 0.0984375
3.0 0.40078125 0.32578125 0.1234375 0.1234375
3.0 0.48828125 0.2265625 0.0546875 0.1125
3.0 0.28203125 0.47734375 0.1296875 0.1046875
3.0 0.45625 0.39296875 0.05625 0.0640625
3.0 0.45703125 0.62890625 0.0453125 0.1015625
3.0 0.5234375 0.7046875 0.06875 0.09375
3.0 0.56484375 0.82265625 0.0578125 0.1171875
3.0 0.68046875 0.35078125 0.0796875 0.0890625
3.0 0.6203125 0.55078125 0.09375 0.2234375
3.0 0.66875 0.66171875 0.04375 0.0828125
3.0 0.64453125 0.7984375 0.1078125 0.2
3.0 0.62890625 0.25078125 0.0640625 0.0703125
