3.0 0.78671875 0.29375 0.1171875 0.15625
3.0 0.90625 0.3671875 0.16875 0.1
3.0 0.8640625 0.47578125 0.1625 0.1265625
3.0 0.75859375 0.53203125 0.1171875 0.0890625
3.0 0.6984375 0.440625 0.040625 0.04375
3.0 0.60625 0.31640625 0.1125 0.1515625
3.0 0.5546875 0.41484375 0.04375 0.0484375
3.0 0.49921875 0.42421875 0.0265625 0.0390625
3.0 0.74375 0.60390625 0.16875 0.0484375
3.0 0.60546875 0.60234375 0.0453125 0.0359375
3.0 0.55546875 0.62890625 0.0578125 0.0265625
3.0 0.23046875 0.640625 0.1671875 0.0875
3.0 0.4625 0.74765625 0.059375 0.0453125
3.0 0.471875 0.78125 0.040625 0.01875
3.0 0.45625 0.5828125 0.04375 0.025
3.0 0.3796875 0.5 0.0375 0.046875
3.0 0.28984375 0.53828125 0.0546875 0.0390625
3.0 0.17890625 0.23046875 0.1546875 0.1703125
3.0 0.06015625 0.2484375 0.0890625 0.134375
3.0 0.075 0.3578125 0.075 0.05
3.0 0.0609375 0.04921875 0.059375 0.0359375
3.0 0.253125 0.7765625 0.046875 0.115625
3.0 0.15390625 0.7578125 0.0328125 0.03125
