3.0 0.33046875 0.2109375 0.0765625 0.0875
3.0 0.44765625 0.16796875 0.0796875 0.0859375
3.0 0.29609375 0.08046875 0.1171875 0.1203125
3.0 0.42890625 0.05078125 0.1046875 0.1015625
3.0 0.04140625 0.596875 0.0703125 0.121875
3.0 0.05625 0.2640625 0.078125 0.08125
3.0 0.53125 0.296875 0.096875 0.1875
3.0 0.3609375 0.4671875 0.0875 0.075
3.0 0.3875 0.575 0.065625 0.128125
3.0 0.5359375 0.54609375 0.2625 0.2921875
3.0 0.68125 0.465625 0.0375 0.065625
3.0 0.65546875 0.29765625 0.1515625 0.2203125
3.0 0.7875 0.91953125 0.15625 0.0671875
3.0 0.74375 0.55 0.1125 0.203125
3.0 0.77265625 0.378125 0.0546875 0.04375
3.0 0.790625 0.22265625 0.153125 0.1984375
3.0 0.965625 0.53359375 0.06875 0.1671875
3.0 0.69609375 0.046875 0.1140625 0.09375
3.0 0.85859375 0.08203125 0.1109375 0.1640625
