3.0 0.08671875 0.39765625 0.0390625 0.0921875
3.0 0.11640625 0.68515625 0.0734375 0.1015625
3.0 0.18125 0.6109375 0.0625 0.075
3.0 0.26640625 0.4359375 0.0578125 0.05
3.0 0.33828125 0.33359375 0.0453125 0.0609375
3.0 0.32109375 0.48671875 0.0328125 0.0609375
3.0 0.33359375 0.69921875 0.0828125 0.2078125
3.0 0.5390625 0.2328125 0.059375 0.078125
3.0 0.65625 0.4515625 0.140625 0.1625
3.0 0.56171875 0.703125 0.0828125 0.171875
3.0 0.56171875 0.55234375 0.0984375 0.0859375
3.0 0.496875 0.5546875 0.028125 0.034375
3.0 0.42265625 0.628125 0.0453125 0.03125
3.0 0.65859375 0.8453125 0.0515625 0.05
3.0 0.71328125 0.871875 0.0390625 0.053125
3.0 0.67421875 0.946875 0.0421875 0.10625
3.0 0.69765625 0.225 0.1171875 0.165625
