3.0 0.31640625 0.040625 0.0859375 0.08125
3.0 0.4375 0.5859375 0.05 0.090625
3.0 0.4 0.7109375 0.046875 0.1375
3.0 0.46640625 0.90078125 0.0734375 0.0921875
3.0 0.378125 0.89921875 0.065625 0.1078125
3.0 0.60078125 0.7953125 0.0953125 0.171875
4.0 0.6703125 0.5765625 0.078125 0.225
4.0 0.70234375 0.78125 0.0953125 0.29375
4.0 0.625 0.94140625 0.203125 0.1171875
4.0 0.45078125 0.38515625 0.1203125 0.3890625
4.0 0.5 0.05 0.15 0.1
4.0 0.50703125 0.103125 0.0953125 0.165625
4.0 0.25859375 0.03125 0.1015625 0.0625
4.0 0.29296875 0.34375 0.1015625 0.45
4.0 0.55234375 0.57265625 0.1171875 0.2390625
4.0 0.58359375 0.840625 0.1640625 0.25625
