3.0 0.1171875 0.925 0.109375 0.15
3.0 0.3359375 0.52578125 0.153125 0.1109375
3.0 0.59375 0.72109375 0.0625 0.0953125
3.0 0.634375 0.82265625 0.05 0.0984375
3.0 0.7046875 0.7875 0.096875 0.190625
3.0 0.6703125 0.55859375 0.078125 0.2171875
3.0 0.72734375 0.63515625 0.0859375 0.0984375
3.0 0.721875 0.3484375 0.078125 0.06875
3.0 0.67265625 0.2609375 0.0453125 0.065625
3.0 0.3609375 0.4125 0.0875 0.109375
3.0 0.45078125 0.3453125 0.0921875 0.11875
3.0 0.51015625 0.41015625 0.0578125 0.0796875
3.0 0.53125 0.253125 0.075 0.125
3.0 0.4390625 0.1703125 0.103125 0.121875
3.0 0.13828125 0.16640625 0.1640625 0.1546875
3.0 0.05078125 0.3234375 0.0796875 0.140625
3.0 0.2375 0.36953125 0.10625 0.1828125
3.0 0.0359375 0.06875 0.065625 0.134375
3.0 0.30703125 0.08828125 0.2609375 0.1609375
3.0 0.45234375 0.16953125 0.0640625 0.0984375
