3.0 0.70078125 0.496875 0.2109375 0.3
3.0 0.50625 0.6734375 0.1 0.15625
3.0 0.4671875 0.85078125 0.1125 0.1453125
3.0 0.07890625 0.7390625 0.1578125 0.090625
3.0 0.60546875 0.8375 0.1078125 0.325
3.0 0.81953125 0.8421875 0.3015625 0.253125
3.0 0.646875 0.046875 0.0875 0.084375
3.0 0.5484375 0.0921875 0.11875 0.1125
3.0 0.44921875 0.33515625 0.0609375 0.1015625
3.0 0.34375 0.3421875 0.05 0.08125
3.0 0.31328125 0.453125 0.0453125 0.10625
3.0 0.2453125 0.43671875 0.071875 0.2046875
3.0 0.21640625 0.31796875 0.0734375 0.0984375
3.0 0.26328125 0.18203125 0.0671875 0.2515625
