3.0 0.89453125 0.6640625 0.0828125 0.09375
3.0 0.821875 0.871875 0.08125 0.096875
3.0 0.65078125 0.884375 0.1421875 0.08125
3.0 0.71015625 0.9640625 0.1703125 0.06875
3.0 0.5640625 0.41015625 0.046875 0.1234375
3.0 0.50078125 0.79375 0.0328125 0.046875
3.0 0.18984375 0.79765625 0.0953125 0.0453125
3.0 0.05703125 0.83828125 0.0484375 0.0671875
3.0 0.15703125 0.86015625 0.0609375 0.0984375
3.0 0.471875 0.50078125 0.05625 0.0453125
3.0 0.39140625 0.17421875 0.0546875 0.0609375
3.0 0.24140625 0.60859375 0.0765625 0.0515625
3.0 0.25859375 0.94921875 0.0828125 0.0546875
3.0 0.50625 0.62890625 0.0875 0.1796875
3.0 0.60625 0.63671875 0.084375 0.1234375
