3.0 0.1578125 0.35546875 0.221875 0.1703125
3.0 0.21484375 0.5375 0.1296875 0.090625
3.0 0.44296875 0.77421875 0.1140625 0.0796875
3.0 0.59296875 0.81953125 0.1265625 0.1046875
3.0 0.4328125 0.36875 0.253125 0.15625
3.0 0.44296875 0.253125 0.0671875 0.040625
3.0 0.58828125 0.4203125 0.2078125 0.184375
3.0 0.76875 0.37421875 0.2625 0.1765625
3.0 0.7125 0.70546875 0.1375 0.1015625
3.0 0.90703125 0.5796875 0.1859375 0.15625
3.0 0.86328125 0.26015625 0.0859375 0.0734375
3.0 0.86640625 0.8828125 0.1171875 0.090625
