3.0 0.9140625 0.3921875 0.04375 0.0875
3.0 0.87578125 0.684375 0.0609375 0.1
3.0 0.81015625 0.6078125 0.0609375 0.059375
3.0 0.65234375 0.3203125 0.0453125 0.053125
3.0 0.72265625 0.41875 0.0421875 0.046875
3.0 0.66796875 0.4796875 0.0484375 0.0375
3.0 0.64609375 0.70234375 0.0765625 0.2328125
3.0 0.4390625 0.2234375 0.059375 0.071875
3.0 0.56953125 0.621875 0.0421875 0.025
3.0 0.2734375 0.21015625 0.11875 0.1859375
3.0 0.34375 0.4375 0.096875 0.15625
3.0 0.42578125 0.6984375 0.0921875 0.18125
3.0 0.32265625 0.83984375 0.0515625 0.0546875
3.0 0.29921875 0.94921875 0.0578125 0.0953125
3.0 0.2640625 0.86953125 0.028125 0.0515625
3.0 0.25703125 0.46640625 0.0296875 0.0390625
3.0 0.41953125 0.54296875 0.1140625 0.0984375
