2.0 0.19140625 0.76171875 0.1078125 0.2921875
2.0 0.33984375 0.840625 0.1078125 0.309375
2.0 0.303125 0.5875 0.090625 0.225
2.0 0.5546875 0.85390625 0.178125 0.2890625
2.0 0.46796875 0.325 0.1015625 0.3875
2.0 0.7828125 0.8703125 0.10625 0.221875
2.0 0.81875 0.553125 0.096875 0.225
3.0 0.5484375 0.24765625 0.1125 0.1703125
3.0 0.54609375 0.7703125 0.0546875 0.09375
3.0 0.68359375 0.24453125 0.0609375 0.2984375
3.0 0.49296875 0.03671875 0.1234375 0.0734375
3.0 0.675 0.07578125 0.0875 0.1515625
2.0 0.75234375 0.03671875 0.0734375 0.0734375
