3.0 0.53046875 0.00625 0.1171875 0.0125
3.0 0.678125 0.1078125 0.04375 0.046875
3.0 0.5546875 0.2125 0.028125 0.0875
3.0 0.41171875 0.5828125 0.1203125 0.309375
3.0 0.290625 0.83125 0.203125 0.0875
3.0 0.396875 0.9109375 0.078125 0.178125
3.0 0.715625 0.31171875 0.078125 0.1046875
3.0 0.7453125 0.44375 0.071875 0.153125
3.0 0.81015625 0.3890625 0.0578125 0.109375
3.0 0.82890625 0.54296875 0.1171875 0.1328125
3.0 0.93671875 0.67421875 0.1265625 0.1484375
3.0 0.80234375 0.7515625 0.1015625 0.203125
3.0 0.51640625 0.9546875 0.0859375 0.090625
3.0 0.6109375 0.83359375 0.05625 0.0609375
3.0 0.684375 0.93125 0.103125 0.1125
3.0 0.80703125 0.9578125 0.1140625 0.084375
7.0 0.96484375 0.8546875 0.0703125 0.13125
3.0 0.50078125 0.8625 0.0484375 0.084375
