3.0 0.725 0.25859375 0.1625 0.1296875
3.0 0.778125 0.44140625 0.103125 0.0640625
3.0 0.70859375 0.72890625 0.0890625 0.0578125
3.0 0.6 0.81875 0.0875 0.084375
3.0 0.48359375 0.36015625 0.2234375 0.0921875
3.0 0.40703125 0.259375 0.0578125 0.025
3.0 0.3734375 0.45703125 0.13125 0.1578125
3.0 0.184375 0.47421875 0.215625 0.1171875
3.0 0.4265625 0.75390625 0.103125 0.0765625
3.0 0.1578125 0.7109375 0.184375 0.10625
3.0 0.03359375 0.40234375 0.0578125 0.0609375
3.0 0.38984375 0.9640625 0.0859375 0.071875
