2.0 0.23671875 0.80703125 0.2921875 0.1078125
2.0 0.1578125 0.65859375 0.309375 0.1078125
2.0 0.4109375 0.6953125 0.225 0.090625
2.0 0.14453125 0.44375 0.2890625 0.178125
2.0 0.6734375 0.53046875 0.3875 0.1015625
2.0 0.128125 0.215625 0.221875 0.10625
2.0 0.4453125 0.18046875 0.225 0.0953125
3.0 0.75078125 0.45 0.1703125 0.1125
3.0 0.228125 0.45234375 0.09375 0.0546875
3.0 0.75390625 0.31484375 0.2984375 0.0609375
3.0 0.9609375 0.50546875 0.075 0.1234375
3.0 0.92265625 0.3234375 0.1515625 0.0875
2.0 0.96171875 0.24609375 0.0765625 0.0734375
