3.0 0.03359375 0.21015625 0.0609375 0.1546875
3.0 0.084375 0.09609375 0.159375 0.1921875
3.0 0.196875 0.24140625 0.146875 0.1765625
3.0 0.08984375 0.37265625 0.0765625 0.1203125
3.0 0.2671875 0.43984375 0.103125 0.1765625
3.0 0.346875 0.5953125 0.13125 0.103125
3.0 0.11328125 0.934375 0.0859375 0.13125
3.0 0.3609375 0.18125 0.2375 0.184375
3.0 0.546875 0.35859375 0.05 0.1015625
3.0 0.46953125 0.4328125 0.1015625 0.115625
3.0 0.5140625 0.50546875 0.05 0.0765625
3.0 0.36953125 0.48125 0.0765625 0.09375
3.0 0.6578125 0.66875 0.06875 0.228125
3.0 0.56640625 0.81875 0.0609375 0.09375
3.0 0.5953125 0.91484375 0.040625 0.1015625
3.0 0.67265625 0.90625 0.0734375 0.1875
3.0 0.7109375 0.75703125 0.090625 0.0984375
3.0 0.68984375 0.39609375 0.0546875 0.0578125
3.0 0.73671875 0.4796875 0.0796875 0.09375
