3.0 0.33515625 0.9703125 0.1640625 0.059375
3.0 0.703125 0.365625 0.140625 0.20625
3.0 0.940625 0.715625 0.1 0.13125
3.0 0.67890625 0.56484375 0.0921875 0.1296875
3.0 0.75078125 0.63125 0.0828125 0.125
3.0 0.81328125 0.55 0.1421875 0.225
3.0 0.771875 0.41171875 0.1125 0.1546875
3.0 0.38515625 0.56171875 0.1671875 0.1984375
3.0 0.3703125 0.4453125 0.125 0.16875
3.0 0.4453125 0.33125 0.15625 0.209375
3.0 0.653125 0.14609375 0.103125 0.1265625
3.0 0.32734375 0.190625 0.1171875 0.165625
3.0 0.446875 0.18203125 0.115625 0.1796875
3.0 0.23515625 0.178125 0.1859375 0.2
3.0 0.11328125 0.22734375 0.1265625 0.1234375
3.0 0.0828125 0.36015625 0.165625 0.2453125
3.0 0.17265625 0.328125 0.0734375 0.096875
3.0 0.225 0.48515625 0.165625 0.2453125
3.0 0.05859375 0.5671875 0.1171875 0.18125
3.0 0.52421875 0.61953125 0.0703125 0.1046875
