3.0 0.96875 0.34609375 0.059375 0.0671875
3.0 0.8453125 0.20078125 0.11875 0.3140625
3.0 0.6875 0.165625 0.1125 0.175
3.0 0.596875 0.0625 0.10625 0.121875
3.0 0.56484375 0.25546875 0.1203125 0.2203125
3.0 0.45625 0.3390625 0.03125 0.03125
3.0 0.4921875 0.1828125 0.04375 0.11875
3.0 0.52890625 0.43125 0.0234375 0.03125
3.0 0.40390625 0.47890625 0.0609375 0.0578125
3.0 0.33671875 0.51015625 0.0484375 0.0671875
3.0 0.3828125 0.57421875 0.05 0.1171875
3.0 0.3109375 0.64375 0.06875 0.090625
3.0 0.21796875 0.70390625 0.1109375 0.0953125
3.0 0.30625 0.7890625 0.075 0.14375
3.0 0.29296875 0.96484375 0.0953125 0.0546875
3.0 0.59140625 0.759375 0.0921875 0.221875
3.0 0.4828125 0.96328125 0.0625 0.0734375
3.0 0.6265625 0.9234375 0.04375 0.059375
3.0 0.57265625 0.9578125 0.0328125 0.084375
3.0 0.4453125 0.85546875 0.025 0.0453125
