3.0 0.034375 0.04453125 0.06875 0.0890625
3.0 0.0859375 0.2015625 0.171875 0.271875
3.0 0.0125 0.3296875 0.025 0.1
3.0 0.20234375 0.76953125 0.3234375 0.1703125
3.0 0.05625 0.89375 0.1125 0.2125
3.0 0.87578125 0.2171875 0.2484375 0.434375
3.0 0.83359375 0.48046875 0.2171875 0.1953125
3.0 0.97109375 0.91953125 0.0578125 0.0609375
3.0 0.90078125 0.9609375 0.1953125 0.078125
3.0 0.784375 0.79609375 0.109375 0.2390625
3.0 0.88046875 0.7828125 0.0796875 0.121875
3.0 0.571875 0.7984375 0.14375 0.13125
3.0 0.5 0.6125 0.490625 0.340625
3.0 0.72578125 0.61015625 0.1640625 0.1546875
3.0 0.446875 0.20078125 0.36875 0.2640625
3.0 0.6671875 0.4875 0.134375 0.115625
3.0 0.69296875 0.17578125 0.1703125 0.3515625
3.0 0.76953125 0.34296875 0.0859375 0.1265625
3.0 0.05390625 0.56796875 0.1078125 0.3921875
