3.0 0.209375 0.58515625 0.0875 0.0734375
3.0 0.0546875 0.53203125 0.0625 0.0328125
3.0 0.15390625 0.57109375 0.0484375 0.0328125
3.0 0.1625 0.43984375 0.05 0.0140625
3.0 0.4046875 0.68828125 0.115625 0.0890625
3.0 0.4546875 0.32890625 0.278125 0.0984375
3.0 0.8421875 0.4265625 0.196875 0.084375
3.0 0.7828125 0.33125 0.24375 0.0875
3.0 0.67421875 0.2203125 0.0890625 0.178125
3.0 0.75390625 0.69765625 0.0703125 0.1390625
3.0 0.51171875 0.77578125 0.1140625 0.1296875
3.0 0.58359375 0.65859375 0.1765625 0.0671875
3.0 0.72734375 0.51953125 0.1328125 0.0796875
3.0 0.7 0.4109375 0.06875 0.040625
3.0 0.31640625 0.62734375 0.1453125 0.0890625
