3.0 0.80078125 0.3578125 0.0703125 0.1875
3.0 0.70703125 0.74453125 0.0546875 0.0984375
4.0 0.4296875 0.9234375 0.18125 0.153125
4.0 0.64765625 0.93046875 0.1328125 0.1390625
3.0 0.17265625 0.265625 0.0609375 0.059375
3.0 0.484375 0.3328125 0.084375 0.103125
4.0 0.153125 0.1546875 0.159375 0.309375
4.0 0.34296875 0.08359375 0.1796875 0.1671875
4.0 0.44609375 0.225 0.1859375 0.353125
4.0 0.64609375 0.18671875 0.1171875 0.2546875
4.0 0.76875 0.1171875 0.159375 0.234375
4.0 0.55078125 0.70390625 0.0640625 0.2421875
4.0 0.69296875 0.51640625 0.0984375 0.2640625
