3.0 0.07890625 0.71171875 0.0640625 0.0734375
3.0 0.01953125 0.615625 0.0390625 0.11875
3.0 0.2265625 0.7859375 0.078125 0.29375
3.0 0.415625 0.23359375 0.0875 0.2109375
3.0 0.36015625 0.07578125 0.0484375 0.0671875
3.0 0.40703125 0.034375 0.0390625 0.06875
3.0 0.3796875 0.8046875 0.13125 0.140625
3.0 0.50703125 0.89296875 0.1046875 0.1296875
3.0 0.50546875 0.75234375 0.0515625 0.0921875
3.0 0.49453125 0.65 0.0828125 0.1125
3.0 0.56484375 0.7546875 0.0328125 0.115625
3.0 0.60390625 0.9765625 0.0578125 0.034375
3.0 0.61875 0.453125 0.053125 0.05625
3.0 0.67421875 0.40546875 0.0390625 0.0671875
3.0 0.625 0.35625 0.040625 0.125
3.0 0.69296875 0.278125 0.0796875 0.0875
3.0 0.6671875 0.13984375 0.059375 0.1421875
3.0 0.76015625 0.19765625 0.1015625 0.0828125
7.0 0.7796875 0.10546875 0.0625 0.0984375
3.0 0.5359375 0.096875 0.0375 0.053125
