4.0 0.315625 0.6203125 0.140625 0.234375
4.0 0.25234375 0.890625 0.1484375 0.21875
4.0 0.38671875 0.878125 0.1140625 0.24375
4.0 0.396875 0.64609375 0.04375 0.1296875
4.0 0.43046875 0.775 0.0546875 0.09375
2.0 0.4984375 0.821875 0.05 0.21875
2.0 0.4328125 0.4453125 0.06875 0.24375
3.0 0.64921875 0.95234375 0.0984375 0.0953125
3.0 0.71953125 0.8109375 0.0515625 0.146875
3.0 0.8078125 0.93671875 0.059375 0.1078125
3.0 0.53046875 0.4859375 0.0796875 0.09375
2.0 0.6609375 0.0609375 0.115625 0.115625
2.0 0.84609375 0.084375 0.0640625 0.159375
2.0 0.890625 0.3515625 0.075 0.265625
