3.0 0.01640625 0.925 0.0265625 0.09375
3.0 0.12109375 0.9796875 0.0484375 0.034375
3.0 0.20234375 0.91171875 0.0796875 0.1265625
3.0 0.35859375 0.88203125 0.0890625 0.1703125
3.0 0.73984375 0.74765625 0.0796875 0.1984375
3.0 0.4578125 0.8046875 0.109375 0.128125
3.0 0.7765625 0.5390625 0.096875 0.203125
3.0 0.671875 0.5953125 0.059375 0.075
3.0 0.7140625 0.4953125 0.046875 0.090625
3.0 0.55 0.2359375 0.096875 0.146875
3.0 0.353125 0.3875 0.215625 0.26875
3.0 0.46953125 0.09453125 0.0859375 0.1890625
3.0 0.29765625 0.09296875 0.2296875 0.1859375
3.0 0.6109375 0.06015625 0.121875 0.1078125
