3.0 0.06953125 0.11796875 0.0953125 0.2140625
3.0 0.175 0.12734375 0.14375 0.0984375
3.0 0.30546875 0.2265625 0.1359375 0.1375
3.0 0.6453125 0.15234375 0.109375 0.2046875
3.0 0.7734375 0.26640625 0.140625 0.1453125
3.0 0.75859375 0.3671875 0.1578125 0.171875
3.0 0.596875 0.32265625 0.078125 0.0796875
3.0 0.671875 0.39609375 0.059375 0.0765625
3.0 0.484375 0.17734375 0.059375 0.1171875
3.0 0.50546875 0.29609375 0.0578125 0.0671875
3.0 0.49921875 0.7125 0.0796875 0.159375
3.0 0.56953125 0.7875 0.1265625 0.128125
3.0 0.675 0.909375 0.14375 0.18125
3.0 0.253125 0.62578125 0.234375 0.2171875
3.0 0.41328125 0.8859375 0.1078125 0.228125
3.0 0.2265625 0.90859375 0.1875 0.1828125
3.0 0.92734375 0.43046875 0.1453125 0.2765625
3.0 0.903125 0.63359375 0.08125 0.0921875
