3.0 0.75546875 0.19921875 0.0546875 0.1359375
3.0 0.78359375 0.42265625 0.0328125 0.0609375
3.0 0.696875 0.5671875 0.09375 0.140625
3.0 0.61484375 0.71953125 0.0546875 0.0828125
3.0 0.61015625 0.940625 0.0890625 0.09375
3.0 0.51875 0.8578125 0.084375 0.234375
3.0 0.40546875 0.67109375 0.0453125 0.0984375
3.0 0.34296875 0.7234375 0.0765625 0.15625
3.0 0.275 0.4 0.040625 0.1125
3.0 0.24765625 0.6171875 0.0765625 0.175
3.0 0.3203125 0.58984375 0.046875 0.0765625
3.0 0.228125 0.5359375 0.065625 0.15
4.0 0.675 0.415625 0.09375 0.26875
4.0 0.48984375 0.446875 0.0609375 0.23125
4.0 0.39765625 0.52109375 0.0953125 0.3921875
4.0 0.2078125 0.0765625 0.0375 0.128125
3.0 0.23828125 0.10390625 0.0203125 0.0609375
2.0 0.4078125 0.196875 0.0875 0.259375
2.0 0.4953125 0.24453125 0.084375 0.1734375
3.0 0.60390625 0.1671875 0.0640625 0.159375
2.0 0.33046875 0.10703125 0.0734375 0.1734375
2.0 0.31640625 0.2671875 0.0953125 0.234375
2.0 0.171875 0.20078125 0.028125 0.1390625
2.0 0.11171875 0.21796875 0.0265625 0.1453125
2.0 0.0625 0.30546875 0.046875 0.2015625
3.0 0.70234375 0.04375 0.0453125 0.05625
