3.0 0.34609375 0.7359375 0.1421875 0.05625
3.0 0.36953125 0.9359375 0.1796875 0.128125
3.0 0.07578125 0.5375 0.1515625 0.040625
3.0 0.10390625 0.38359375 0.2046875 0.1484375
3.0 0.30078125 0.2796875 0.1890625 0.096875
3.0 0.5640625 0.84921875 0.165625 0.1359375
3.0 0.6015625 0.94453125 0.228125 0.1109375
3.0 0.740625 0.87578125 0.1625 0.2234375
3.0 0.90078125 0.37578125 0.1828125 0.1546875
3.0 0.84375 0.53125 0.171875 0.134375
3.0 0.94609375 0.6375 0.1078125 0.1125
3.0 0.94453125 0.95390625 0.0984375 0.0890625
