3.0 0.91484375 0.85234375 0.1578125 0.1703125
3.0 0.76953125 0.94140625 0.1640625 0.1015625
3.0 0.53671875 0.8859375 0.0671875 0.06875
3.0 0.7703125 0.734375 0.0875 0.159375
3.0 0.7078125 0.765625 0.053125 0.059375
3.0 0.80859375 0.6734375 0.1390625 0.128125
3.0 0.7296875 0.5375 0.084375 0.109375
3.0 0.8765625 0.540625 0.090625 0.11875
3.0 0.6859375 0.4640625 0.103125 0.078125
3.0 0.53515625 0.34296875 0.0234375 0.1046875
3.0 0.38828125 0.6703125 0.0453125 0.05
3.0 0.58671875 0.63359375 0.0921875 0.0734375
3.0 0.53984375 0.56015625 0.0265625 0.0609375
3.0 0.4640625 0.27890625 0.05625 0.0765625
3.0 0.35703125 0.59296875 0.0640625 0.0703125
3.0 0.3890625 0.403125 0.071875 0.16875
3.0 0.359375 0.2078125 0.08125 0.178125
3.0 0.43125 0.18359375 0.046875 0.0921875
