3.0 0.66875 0.403125 0.215625 0.16875
3.0 0.61328125 0.5859375 0.1484375 0.1875
3.0 0.51015625 0.321875 0.1109375 0.33125
3.0 0.40859375 0.19140625 0.0765625 0.1234375
3.0 0.19765625 0.22421875 0.0765625 0.1453125
3.0 0.14921875 0.15859375 0.1515625 0.1859375
3.0 0.09453125 0.35 0.0859375 0.071875
3.0 0.39609375 0.4125 0.0765625 0.175
3.0 0.44609375 0.59453125 0.1109375 0.1859375
3.0 0.42109375 0.715625 0.0671875 0.109375
3.0 0.3515625 0.61875 0.065625 0.096875
3.0 0.33203125 0.8421875 0.1171875 0.046875
3.0 0.5890625 0.22734375 0.08125 0.1109375
