3.0 0.3375 0.08671875 0.134375 0.1609375
3.0 0.12265625 0.23359375 0.0890625 0.0765625
3.0 0.4609375 0.16015625 0.125 0.1140625
3.0 0.36328125 0.27109375 0.1015625 0.0921875
3.0 0.53515625 0.709375 0.1171875 0.05625
3.0 0.4859375 0.384375 0.153125 0.103125
3.0 0.803125 0.265625 0.225 0.08125
3.0 0.47421875 0.58828125 0.0859375 0.0546875
3.0 0.73828125 0.51171875 0.5234375 0.4234375
3.0 0.26796875 0.609375 0.3578125 0.275
3.0 0.621875 0.828125 0.290625 0.165625
3.0 0.85234375 0.89609375 0.1296875 0.2078125
3.0 0.121875 0.81328125 0.228125 0.1796875
3.0 0.24453125 0.8234375 0.2953125 0.11875
