3.0 0.3984375 0.090625 0.159375 0.171875
3.0 0.6546875 0.23125 0.2375 0.1
3.0 0.85703125 0.27265625 0.2265625 0.0953125
3.0 0.71171875 0.34296875 0.0828125 0.0578125
3.0 0.60546875 0.3125 0.0953125 0.046875
3.0 0.37890625 0.375 0.0703125 0.046875
3.0 0.2265625 0.44296875 0.159375 0.1140625
3.0 0.93125 0.54765625 0.09375 0.1390625
3.0 0.965625 0.62578125 0.065625 0.0734375
3.0 0.97578125 0.78359375 0.0359375 0.0703125
3.0 0.95078125 0.96015625 0.0859375 0.0796875
3.0 0.7078125 0.45234375 0.096875 0.0734375
3.0 0.353125 0.4796875 0.0875 0.125
3.0 0.42734375 0.5015625 0.0765625 0.065625
3.0 0.22421875 0.58671875 0.3234375 0.0953125
3.0 0.26328125 0.7609375 0.2296875 0.284375
3.0 0.57890625 0.684375 0.2640625 0.184375
