3.0 0.06953125 0.3328125 0.1328125 0.35
3.0 0.02109375 0.62109375 0.0421875 0.1078125
3.0 0.1078125 0.80546875 0.109375 0.3828125
3.0 0.2796875 0.58359375 0.103125 0.0828125
3.0 0.3078125 0.640625 0.140625 0.090625
3.0 0.37109375 0.79609375 0.1484375 0.2046875
3.0 0.46953125 0.63984375 0.0734375 0.0984375
3.0 0.43984375 0.19375 0.1015625 0.146875
3.0 0.828125 0.7265625 0.2875 0.196875
3.0 0.565625 0.196875 0.078125 0.115625
3.0 0.59765625 0.3546875 0.0546875 0.1375
3.0 0.68515625 0.084375 0.1140625 0.159375
3.0 0.74921875 0.24765625 0.1078125 0.1671875
3.0 0.684375 0.353125 0.09375 0.2625
