3.0 0.74140625 0.353125 0.0328125 0.046875
3.0 0.55 0.4140625 0.059375 0.0625
3.0 0.3421875 0.44921875 0.053125 0.1234375
3.0 0.68828125 0.9203125 0.0265625 0.034375
3.0 0.6421875 0.96015625 0.0375 0.0765625
3.0 0.7296875 0.06484375 0.04375 0.0859375
4.0 0.76640625 0.10078125 0.1265625 0.2015625
4.0 0.7546875 0.27265625 0.09375 0.2109375
4.0 0.6921875 0.4296875 0.1 0.121875
4.0 0.63359375 0.1734375 0.1203125 0.23125
4.0 0.57265625 0.3328125 0.1203125 0.221875
4.0 0.43984375 0.33203125 0.0796875 0.1515625
4.0 0.35625 0.28984375 0.090625 0.1421875
4.0 0.5875 0.8046875 0.1125 0.153125
4.0 0.434375 0.81484375 0.115625 0.1171875
