3.0 0.90390625 0.35859375 0.0828125 0.0765625
3.0 0.96953125 0.26015625 0.0515625 0.0859375
3.0 0.80546875 0.55390625 0.0765625 0.0484375
3.0 0.71171875 0.67109375 0.0390625 0.0734375
3.0 0.74453125 0.4671875 0.0515625 0.059375
3.0 0.746875 0.140625 0.096875 0.23125
3.0 0.43828125 0.77421875 0.0859375 0.0953125
3.0 0.2140625 0.75 0.15625 0.21875
3.0 0.33046875 0.47578125 0.1140625 0.1984375
3.0 0.21171875 0.43125 0.0328125 0.096875
3.0 0.51953125 0.36875 0.0390625 0.053125
3.0 0.4234375 0.36171875 0.1375 0.1328125
3.0 0.44375 0.18359375 0.125 0.2109375
