3.0 0.40703125 0.56796875 0.0671875 0.1046875
3.0 0.44296875 0.41875 0.0921875 0.18125
3.0 0.49609375 0.41953125 0.0765625 0.1890625
3.0 0.53515625 0.4625 0.0296875 0.09375
3.0 0.58671875 0.240625 0.0890625 0.23125
3.0 0.6921875 0.57109375 0.078125 0.2328125
3.0 0.6890625 0.81875 0.040625 0.15625
6.0 0.47734375 0.94140625 0.0921875 0.1109375
6.0 0.64296875 0.8578125 0.1359375 0.265625
6.0 0.61171875 0.740625 0.0734375 0.121875
5.0 0.659375 0.55390625 0.13125 0.3265625
5.0 0.59140625 0.284375 0.1609375 0.31875
6.0 0.48984375 0.7453125 0.1078125 0.25
6.0 0.50546875 0.44609375 0.1140625 0.3671875
