3.0 0.27734375 0.46328125 0.2109375 0.3140625
3.0 0.3765625 0.834375 0.11875 0.321875
3.0 0.1640625 0.8 0.296875 0.284375
3.0 0.47421875 0.6578125 0.1265625 0.153125
3.0 0.5109375 0.8265625 0.125 0.15625
3.0 0.53125 0.32265625 0.071875 0.1171875
3.0 0.3609375 0.0296875 0.05625 0.059375
3.0 0.4359375 0.06640625 0.134375 0.0984375
3.0 0.63984375 0.3328125 0.0609375 0.09375
3.0 0.67109375 0.43828125 0.0421875 0.0984375
3.0 0.73671875 0.42265625 0.0765625 0.2140625
3.0 0.7484375 0.17265625 0.128125 0.2453125
3.0 0.88515625 0.6890625 0.1984375 0.140625
3.0 0.596875 0.68203125 0.05625 0.0953125
