3.0 0.13671875 0.4125 0.2171875 0.246875
3.0 0.11875 0.13046875 0.065625 0.1296875
3.0 0.175 0.29296875 0.046875 0.0734375
3.0 0.21171875 0.11171875 0.1015625 0.1671875
3.0 0.3625 0.46796875 0.11875 0.1390625
3.0 0.48671875 0.21796875 0.0765625 0.1046875
3.0 0.5109375 0.29453125 0.109375 0.1421875
3.0 0.43359375 0.5765625 0.1546875 0.121875
3.0 0.94921875 0.2140625 0.1015625 0.284375
3.0 0.59921875 0.534375 0.0984375 0.19375
3.0 0.5875 0.01171875 0.053125 0.0234375
3.0 0.5671875 0.17109375 0.078125 0.1640625
