3.0 0.66328125 0.4953125 0.0484375 0.13125
3.0 0.2328125 0.1125 0.05 0.1125
3.0 0.59765625 0.76484375 0.0390625 0.0703125
4.0 0.403125 0.91796875 0.128125 0.1640625
4.0 0.55546875 0.9125 0.0921875 0.13125
3.0 0.2234375 0.4296875 0.04375 0.040625
3.0 0.44140625 0.47734375 0.0578125 0.0734375
4.0 0.184375 0.1453125 0.115625 0.221875
4.0 0.21015625 0.3453125 0.1109375 0.23125
4.0 0.34296875 0.2265625 0.1265625 0.26875
4.0 0.41484375 0.4015625 0.1296875 0.246875
4.0 0.5546875 0.375 0.08125 0.178125
4.0 0.640625 0.32109375 0.1125 0.1734375
4.0 0.48828125 0.73671875 0.0453125 0.1703125
4.0 0.5875 0.60546875 0.06875 0.1828125
