3.0 0.96015625 0.209375 0.0671875 0.18125
3.0 0.90859375 0.10859375 0.1640625 0.2015625
3.0 0.628125 0.1921875 0.240625 0.1875
3.0 0.7921875 0.25234375 0.140625 0.1640625
3.0 0.89375 0.3875 0.090625 0.1125
3.0 0.7203125 0.43828125 0.08125 0.1890625
3.0 0.5171875 0.45234375 0.08125 0.1140625
3.0 0.62265625 0.48671875 0.0734375 0.0890625
3.0 0.64375 0.609375 0.134375 0.096875
3.0 0.47734375 0.52109375 0.0546875 0.0734375
3.0 0.44609375 0.37890625 0.0515625 0.1234375
3.0 0.428125 0.84296875 0.05625 0.0953125
3.0 0.39765625 0.94296875 0.0421875 0.1015625
3.0 0.25859375 0.5171875 0.0703125 0.075
3.0 0.2984375 0.41953125 0.05 0.0640625
3.0 0.33984375 0.675 0.0609375 0.240625
3.0 0.2734375 0.77578125 0.0875 0.1078125
3.0 0.32890625 0.9125 0.0640625 0.175
