3.0 0.98828125 0.07109375 0.0234375 0.1296875
3.0 0.90703125 0.23671875 0.1140625 0.2046875
3.0 0.915625 0.540625 0.1375 0.2625
3.0 0.96328125 0.4109375 0.0734375 0.14375
3.0 0.76640625 0.653125 0.0734375 0.11875
3.0 0.34296875 0.53671875 0.2046875 0.4703125
3.0 0.2125 0.884375 0.296875 0.21875
3.0 0.48359375 0.74609375 0.2140625 0.3390625
3.0 0.33671875 0.9828125 0.0828125 0.034375
3.0 0.50859375 0.9546875 0.0640625 0.06875
3.0 0.64609375 0.7421875 0.0453125 0.065625
3.0 0.88125 0.99296875 0.075 0.0140625
3.0 0.94296875 0.79140625 0.1140625 0.1390625
3.0 0.76171875 0.275 0.2171875 0.19375
3.0 0.66640625 0.4671875 0.3078125 0.23125
