3.0 0.06328125 0.415625 0.0828125 0.14375
3.0 0.0203125 0.1015625 0.034375 0.15625
3.0 0.18046875 0.48203125 0.0359375 0.1015625
3.0 0.22890625 0.5015625 0.0421875 0.109375
3.0 0.26875 0.47265625 0.028125 0.0609375
3.0 0.303125 0.52265625 0.0375 0.0859375
3.0 0.228125 0.6390625 0.0375 0.04375
3.0 0.19609375 0.37890625 0.0609375 0.1015625
3.0 0.2546875 0.3796875 0.034375 0.0625
3.0 0.19375 0.1546875 0.13125 0.18125
3.0 0.4171875 0.53125 0.03125 0.078125
3.0 0.54296875 0.459375 0.0859375 0.0875
3.0 0.5703125 0.5546875 0.075 0.109375
3.0 0.41953125 0.14140625 0.0765625 0.0640625
3.0 0.565625 0.1796875 0.053125 0.0625
3.0 0.76484375 0.11328125 0.1703125 0.1796875
