3.0 0.4828125 0.6734375 0.05 0.053125
3.0 0.45625 0.284375 0.059375 0.11875
3.0 0.5234375 0.31328125 0.034375 0.1015625
3.0 0.49375 0.14765625 0.0875 0.1640625
3.0 0.3 0.97421875 0.040625 0.0328125
4.0 0.32734375 0.43203125 0.0546875 0.2796875
4.0 0.36640625 0.371875 0.0703125 0.23125
4.0 0.38671875 0.5390625 0.0546875 0.0875
4.0 0.4046875 0.675 0.053125 0.146875
4.0 0.440625 0.48125 0.05625 0.171875
4.0 0.6 0.5578125 0.08125 0.1375
4.0 0.60234375 0.46171875 0.0703125 0.1046875
4.0 0.4890625 0.54296875 0.021875 0.0484375
