3.0 0.72578125 0.696875 0.0921875 0.0875
3.0 0.7640625 0.546875 0.09375 0.103125
3.0 0.446875 0.02890625 0.078125 0.0578125
3.0 0.36640625 0.18515625 0.1859375 0.0734375
3.0 0.2515625 0.103125 0.1125 0.184375
3.0 0.33203125 0.678125 0.1234375 0.078125
3.0 0.2265625 0.434375 0.059375 0.15
3.0 0.10703125 0.5296875 0.0890625 0.08125
3.0 0.09609375 0.40703125 0.0796875 0.0703125
3.0 0.04140625 0.44375 0.0828125 0.078125
3.0 0.053125 0.10859375 0.10625 0.1796875
3.0 0.09609375 0.03125 0.1890625 0.0625
