3.0 0.68828125 0.24921875 0.0265625 0.0421875
3.0 0.3875 0.47578125 0.040625 0.0984375
3.0 0.39140625 0.20078125 0.0171875 0.0828125
3.0 0.66015625 0.171875 0.0296875 0.090625
4.0 0.6703125 0.92421875 0.05 0.1078125
3.0 0.64296875 0.92734375 0.0109375 0.0546875
4.0 0.5984375 0.37421875 0.084375 0.1359375
3.0 0.44375 0.24296875 0.040625 0.0546875
4.0 0.640625 0.6484375 0.065625 0.103125
4.0 0.6703125 0.77734375 0.0625 0.1640625
4.0 0.58359375 0.8125 0.0953125 0.146875
4.0 0.55 0.665625 0.084375 0.14375
3.0 0.5390625 0.61171875 0.0375 0.0234375
4.0 0.49375 0.290625 0.090625 0.109375
4.0 0.4484375 0.5921875 0.05625 0.103125
4.0 0.38125 0.6078125 0.071875 0.10625
4.0 0.628125 0.06875 0.090625 0.090625
4.0 0.51328125 0.1 0.0984375 0.075
4.0 0.55625 0.02109375 0.071875 0.0421875
3.0 0.184375 0.95859375 0.05 0.0796875
