3.0 0.078125 0.0625 0.15625 0.125
3.0 0.12578125 0.1875 0.1453125 0.190625
3.0 0.23828125 0.26015625 0.0890625 0.2546875
3.0 0.3390625 0.19296875 0.040625 0.0546875
3.0 0.6046875 0.01484375 0.071875 0.0296875
3.0 0.7046875 0.2328125 0.06875 0.165625
3.0 0.646875 0.078125 0.1 0.11875
3.0 0.54765625 0.31171875 0.1046875 0.1171875
3.0 0.90234375 0.16328125 0.0953125 0.1453125
3.0 0.746875 0.02421875 0.08125 0.0484375
3.0 0.8078125 0.07734375 0.034375 0.0921875
3.0 0.415625 0.40546875 0.134375 0.1265625
3.0 0.46640625 0.47265625 0.1265625 0.1171875
3.0 0.49921875 0.54921875 0.1109375 0.2609375
3.0 0.2640625 0.63828125 0.153125 0.1609375
3.0 0.35859375 0.51328125 0.1171875 0.1890625
3.0 0.33203125 0.809375 0.1265625 0.096875
3.0 0.4515625 0.85078125 0.084375 0.1859375
3.0 0.47734375 0.9515625 0.1015625 0.096875
3.0 0.803125 0.84140625 0.0875 0.2109375
3.0 0.88515625 0.94140625 0.0609375 0.1171875
3.0 0.95625 0.403125 0.0875 0.090625
3.0 0.796875 0.3625 0.103125 0.159375
3.0 0.88203125 0.55546875 0.1171875 0.2046875
3.0 0.9265625 0.7625 0.146875 0.3
