4.0 0.68125 0.2578125 0.1 0.19375
4.0 0.53046875 0.15234375 0.1171875 0.1515625
3.0 0.75859375 0.09921875 0.0296875 0.0515625
3.0 0.7234375 0.0328125 0.046875 0.065625
3.0 0.446875 0.121875 0.04375 0.084375
3.0 0.39140625 0.05546875 0.0234375 0.1109375
3.0 0.39296875 0.39921875 0.0515625 0.1171875
3.0 0.59375 0.57578125 0.075 0.0546875
4.0 0.7359375 0.91015625 0.10625 0.1578125
4.0 0.64453125 0.83515625 0.1359375 0.1921875
4.0 0.72109375 0.609375 0.0890625 0.121875
4.0 0.6078125 0.64375 0.1125 0.190625
4.0 0.46796875 0.55234375 0.0734375 0.1265625
4.0 0.46875 0.3390625 0.0625 0.15625
4.0 0.30859375 0.42265625 0.0859375 0.2859375
4.0 0.384375 0.55859375 0.090625 0.1390625
