3.0 0.4109375 0.15390625 0.240625 0.1703125
3.0 0.14375 0.3953125 0.13125 0.090625
3.0 0.26484375 0.39296875 0.1921875 0.1046875
3.0 0.071875 0.4734375 0.13125 0.096875
3.0 0.20859375 0.52109375 0.0828125 0.0796875
3.0 0.3078125 0.44921875 0.1 0.0703125
3.0 0.259375 0.63359375 0.109375 0.0953125
3.0 0.05859375 0.8109375 0.1015625 0.125
3.0 0.0359375 0.9328125 0.05625 0.1
3.0 0.65859375 0.5796875 0.1609375 0.1375
3.0 0.78828125 0.48515625 0.1640625 0.1078125
3.0 0.55078125 0.865625 0.2390625 0.26875
3.0 0.86171875 0.653125 0.2671875 0.153125
3.0 0.88125 0.86328125 0.2375 0.2265625
