3.0 0.29765625 0.5015625 0.2109375 0.3
3.0 0.4921875 0.325 0.1 0.15625
3.0 0.53203125 0.14765625 0.1109375 0.1453125
3.0 0.9203125 0.259375 0.159375 0.090625
3.0 0.39296875 0.16171875 0.1078125 0.3234375
3.0 0.17890625 0.15703125 0.3015625 0.2515625
3.0 0.3515625 0.9515625 0.0875 0.084375
3.0 0.45 0.90625 0.11875 0.1125
3.0 0.54921875 0.66328125 0.0609375 0.1015625
3.0 0.6546875 0.65625 0.05 0.08125
3.0 0.6859375 0.5453125 0.04375 0.10625
3.0 0.75390625 0.56171875 0.0703125 0.2046875
3.0 0.7828125 0.68046875 0.075 0.0984375
3.0 0.73515625 0.81640625 0.0671875 0.2515625
