3.0 0.88125 0.059375 0.184375 0.09375
3.0 0.678125 0.04453125 0.19375 0.0796875
3.0 0.80390625 0.29375 0.1328125 0.13125
3.0 0.66015625 0.49609375 0.1328125 0.0640625
3.0 0.5453125 0.03125 0.059375 0.05
3.0 0.24921875 0.06484375 0.1265625 0.0515625
3.0 0.3328125 0.2078125 0.103125 0.05625
3.0 0.79921875 0.4359375 0.0765625 0.04375
3.0 0.70859375 0.653125 0.1859375 0.05
3.0 0.59453125 0.59375 0.0640625 0.046875
3.0 0.44296875 0.47890625 0.2515625 0.0953125
3.0 0.375 0.6171875 0.353125 0.15
3.0 0.5125 0.7015625 0.21875 0.11875
