3.0 0.15234375 0.48515625 0.2921875 0.2328125
3.0 0.36953125 0.6921875 0.2171875 0.328125
3.0 0.60078125 0.5109375 0.3984375 0.28125
3.0 0.63359375 0.34609375 0.3078125 0.1234375
3.0 0.3296875 0.30703125 0.221875 0.1046875
3.0 0.375 0.209375 0.09375 0.090625
3.0 0.7328125 0.27890625 0.109375 0.0984375
3.0 0.9234375 0.415625 0.146875 0.140625
3.0 0.57109375 0.07421875 0.1359375 0.0703125
3.0 0.92265625 0.0703125 0.0671875 0.05
3.0 0.67421875 0.72578125 0.1609375 0.1078125
3.0 0.93359375 0.94140625 0.1328125 0.1171875
3.0 0.47109375 0.98203125 0.1390625 0.0359375
