3.0 0.028125 0.8265625 0.05625 0.140625
3.0 0.025 0.521875 0.05 0.125
3.0 0.14921875 0.78828125 0.0828125 0.1328125
3.0 0.23359375 0.6515625 0.0734375 0.1375
3.0 0.08046875 0.3671875 0.0390625 0.134375
3.0 0.19140625 0.084375 0.0421875 0.1125
3.0 0.5203125 0.578125 0.05 0.065625
3.0 0.5953125 0.56328125 0.021875 0.0734375
4.0 0.2921875 0.8875 0.14375 0.140625
4.0 0.38984375 0.87734375 0.0546875 0.1203125
4.0 0.38046875 0.25546875 0.0609375 0.1421875
4.0 0.46171875 0.203125 0.0765625 0.209375
4.0 0.36796875 0.42734375 0.0453125 0.0640625
4.0 0.03671875 0.5609375 0.0734375 0.296875
4.0 0.1328125 0.79453125 0.125 0.1265625
4.0 0.125 0.3484375 0.115625 0.371875
4.0 0.22109375 0.24765625 0.0859375 0.1328125
4.0 0.334375 0.0296875 0.20625 0.059375
4.0 0.1359375 0.10390625 0.184375 0.2078125
4.0 0.3328125 0.53125 0.046875 0.071875
4.0 0.38671875 0.48828125 0.0359375 0.0796875
