3.0 0.97421875 0.39765625 0.0515625 0.1328125
3.0 0.96875 0.48828125 0.046875 0.0546875
3.0 0.878125 0.47265625 0.1 0.1671875
3.0 0.9171875 0.625 0.10625 0.115625
3.0 0.7875 0.46875 0.175 0.184375
3.0 0.69765625 0.565625 0.2328125 0.24375
3.0 0.84765625 0.678125 0.1296875 0.2125
3.0 0.64453125 0.753125 0.0484375 0.0625
3.0 0.73984375 0.7125 0.0546875 0.090625
3.0 0.85 0.8765625 0.1375 0.146875
3.0 0.80078125 0.98046875 0.1453125 0.0390625
3.0 0.59921875 0.9546875 0.1015625 0.090625
3.0 0.51640625 0.86171875 0.0515625 0.0609375
3.0 0.40859375 0.86328125 0.0765625 0.0953125
3.0 0.34375 0.746875 0.203125 0.209375
3.0 0.475 0.55 0.20625 0.3625
3.0 0.54140625 0.72265625 0.1859375 0.2828125
