3.0 0.37578125 0.61875 0.1203125 0.059375
3.0 0.2625 0.58984375 0.08125 0.0671875
3.0 0.2171875 0.45234375 0.05 0.0265625
3.0 0.1171875 0.5453125 0.040625 0.040625
3.0 0.45078125 0.70234375 0.1359375 0.1046875
3.0 0.55625 0.78359375 0.090625 0.1453125
3.0 0.621875 0.67421875 0.15625 0.0734375
3.0 0.8234375 0.68984375 0.06875 0.1171875
3.0 0.84765625 0.55 0.0546875 0.1
3.0 0.884375 0.4421875 0.178125 0.071875
3.0 0.7546875 0.415625 0.065625 0.0375
3.0 0.84140625 0.34140625 0.2390625 0.1015625
3.0 0.74921875 0.240625 0.1140625 0.171875
3.0 0.51171875 0.33828125 0.2453125 0.0984375
