3.0 0.03828125 0.68984375 0.0765625 0.0984375
3.0 0.09921875 0.48046875 0.1984375 0.3515625
3.0 0.20859375 0.34296875 0.1640625 0.2265625
3.0 0.246875 0.190625 0.1375 0.178125
3.0 0.3484375 0.33515625 0.1875 0.2703125
3.0 0.47421875 0.33203125 0.0390625 0.0484375
3.0 0.3828125 0.22265625 0.084375 0.1328125
3.0 0.44765625 0.4609375 0.0328125 0.04375
3.0 0.5734375 0.41640625 0.075 0.0921875
3.0 0.6421875 0.39765625 0.06875 0.0921875
3.0 0.628125 0.4828125 0.0875 0.134375
3.0 0.71640625 0.49296875 0.0953125 0.1265625
3.0 0.81953125 0.48125 0.1328125 0.159375
3.0 0.77578125 0.615625 0.1203125 0.175
3.0 0.85625 0.75625 0.103125 0.1125
3.0 0.52109375 0.7859375 0.1640625 0.253125
3.0 0.6921875 0.88515625 0.08125 0.1046875
3.0 0.55390625 0.95 0.0609375 0.08125
3.0 0.61328125 0.9421875 0.0609375 0.09375
3.0 0.68359375 0.7671875 0.0390625 0.05625
