3.0 0.2546875 0.6578125 0.0375 0.0625
3.0 0.2625 0.828125 0.071875 0.090625
3.0 0.34921875 0.7984375 0.0484375 0.071875
3.0 0.40625 0.69296875 0.0625 0.0765625
3.0 0.309375 0.36171875 0.0375 0.0859375
3.0 0.2875 0.52265625 0.03125 0.0953125
3.0 0.2046875 0.071875 0.134375 0.109375
3.0 0.678125 0.590625 0.046875 0.065625
3.0 0.60703125 0.60625 0.0328125 0.059375
4.0 0.2359375 0.6734375 0.109375 0.1875
4.0 0.2828125 0.38125 0.115625 0.153125
4.0 0.35625 0.47265625 0.05625 0.0828125
4.0 0.31015625 0.52734375 0.0859375 0.2203125
4.0 0.3234375 0.10234375 0.078125 0.1953125
4.0 0.20625 0.08046875 0.128125 0.1515625
4.0 0.23515625 0.24296875 0.0890625 0.1390625
4.0 0.5390625 0.35546875 0.04375 0.1734375
4.0 0.609375 0.40390625 0.046875 0.1953125
4.0 0.4875 0.51953125 0.03125 0.0484375
4.0 0.48125 0.40234375 0.040625 0.0984375
4.0 0.35234375 0.46796875 0.0546875 0.0671875
4.0 0.49375 0.8828125 0.0375 0.084375
3.0 0.67265625 0.94921875 0.0515625 0.1015625
3.0 0.6203125 0.90859375 0.03125 0.0765625
4.0 0.44453125 0.76796875 0.0296875 0.0453125
4.0 0.51796875 0.56640625 0.0546875 0.0609375
4.0 0.61484375 0.4078125 0.0484375 0.175
