3.0 0.07265625 0.096875 0.0515625 0.04375
3.0 0.16015625 0.1484375 0.0921875 0.140625
3.0 0.31875 0.14765625 0.10625 0.1859375
3.0 0.71015625 0.20703125 0.1015625 0.2109375
3.0 0.425 0.20546875 0.121875 0.1484375
3.0 0.76953125 0.40546875 0.1171875 0.2203125
3.0 0.66015625 0.3703125 0.0671875 0.0875
3.0 0.7125 0.46171875 0.05625 0.0984375
3.0 0.578125 0.74921875 0.1125 0.1640625
3.0 0.36640625 0.63828125 0.2421875 0.3078125
3.0 0.51328125 0.9015625 0.1046875 0.196875
3.0 0.34375 0.91328125 0.246875 0.1734375
3.0 0.65703125 0.91171875 0.1328125 0.1296875
