3.0 0.07890625 0.2859375 0.0640625 0.071875
3.0 0.01953125 0.38203125 0.0390625 0.1203125
3.0 0.2265625 0.2125 0.078125 0.29375
3.0 0.415625 0.76484375 0.0875 0.2109375
3.0 0.36015625 0.92265625 0.0484375 0.0671875
3.0 0.40703125 0.96484375 0.0390625 0.0703125
3.0 0.3796875 0.19453125 0.13125 0.1390625
3.0 0.50703125 0.10546875 0.1046875 0.1296875
3.0 0.50546875 0.24609375 0.0515625 0.0921875
3.0 0.49453125 0.3484375 0.0828125 0.1125
3.0 0.56484375 0.24453125 0.0328125 0.1140625
3.0 0.60390625 0.021875 0.0578125 0.034375
3.0 0.61875 0.5453125 0.053125 0.05625
3.0 0.67421875 0.59296875 0.0390625 0.0671875
3.0 0.625 0.6421875 0.040625 0.125
3.0 0.69296875 0.7203125 0.0796875 0.0875
3.0 0.6671875 0.859375 0.059375 0.140625
3.0 0.76015625 0.80078125 0.1015625 0.0828125
7.0 0.7796875 0.89296875 0.0625 0.0984375
3.0 0.5359375 0.9015625 0.0375 0.053125
