3.0 0.3578125 0.2015625 0.090625 0.35
4.0 0.45546875 0.27109375 0.1046875 0.1671875
4.0 0.509375 0.55 0.05 0.071875
4.0 0.51640625 0.6640625 0.0515625 0.096875
4.0 0.53046875 0.75625 0.0453125 0.06875
4.0 0.578125 0.80546875 0.025 0.0546875
3.0 0.60859375 0.6046875 0.0546875 0.075
3.0 0.73828125 0.70625 0.1140625 0.1375
3.0 0.8296875 0.64609375 0.090625 0.1640625
3.0 0.84921875 0.8578125 0.0203125 0.046875
2.0 0.534375 0.0796875 0.05 0.153125
2.0 0.63359375 0.09140625 0.0765625 0.1046875
2.0 0.6078125 0.22421875 0.065625 0.0703125
2.0 0.71015625 0.25625 0.0453125 0.146875
2.0 0.690625 0.0625 0.025 0.096875
2.0 0.7453125 0.13671875 0.059375 0.0859375
