3.0 0.11328125 0.7328125 0.0953125 0.171875
3.0 0.24765625 0.69765625 0.0796875 0.2015625
3.0 0.34296875 0.690625 0.0609375 0.09375
3.0 0.72421875 0.78984375 0.0578125 0.1265625
3.0 0.5734375 0.67890625 0.046875 0.0890625
4.0 0.290625 0.30078125 0.075 0.2078125
4.0 0.37109375 0.5734375 0.1171875 0.165625
4.0 0.4171875 0.76796875 0.084375 0.1828125
4.0 0.471875 0.6265625 0.071875 0.1625
4.0 0.4296875 0.40546875 0.028125 0.1015625
4.0 0.29140625 0.25546875 0.0515625 0.1484375
4.0 0.47734375 0.45625 0.0546875 0.146875
4.0 0.52109375 0.56875 0.0671875 0.140625
