3.0 0.971875 0.8859375 0.05 0.075
3.0 0.97421875 0.69140625 0.0359375 0.0984375
3.0 0.81796875 0.63671875 0.2734375 0.1671875
3.0 0.73828125 0.4484375 0.5140625 0.2375
3.0 0.79140625 0.01484375 0.2234375 0.0234375
3.0 0.628125 0.19921875 0.35625 0.1609375
3.0 0.39765625 0.390625 0.0984375 0.075
3.0 0.225 0.59296875 0.45 0.3015625
3.0 0.5484375 0.78125 0.375 0.34375
3.0 0.13984375 0.3515625 0.2484375 0.19375
3.0 0.13984375 0.03984375 0.1515625 0.0734375
3.0 0.07265625 0.1390625 0.1453125 0.065625
3.0 0.6296875 0.0921875 0.11875 0.053125
3.0 0.54765625 0.046875 0.1390625 0.08125
