3.0 0.06328125 0.0859375 0.1015625 0.171875
3.0 0.2203125 0.79296875 0.140625 0.0984375
3.0 0.3671875 0.8984375 0.13125 0.2
3.0 0.26796875 0.0796875 0.0640625 0.159375
3.0 0.49140625 0.22578125 0.1328125 0.0734375
3.0 0.4828125 0.1265625 0.121875 0.090625
3.0 0.47734375 0.63203125 0.2828125 0.6171875
3.0 0.26015625 0.51171875 0.1171875 0.4359375
3.0 0.37109375 0.42109375 0.1609375 0.4515625
3.0 0.73671875 0.22578125 0.3890625 0.4484375
3.0 0.8875 0.85546875 0.084375 0.1796875
3.0 0.96953125 0.8859375 0.0609375 0.2
3.0 0.94140625 0.965625 0.0359375 0.0625
