3.0 0.35234375 0.41796875 0.3578125 0.1359375
3.0 0.2515625 0.63203125 0.46875 0.2453125
3.0 0.77734375 0.675 0.4453125 0.359375
3.0 0.75625 0.48203125 0.328125 0.1421875
3.0 0.75234375 0.31953125 0.1609375 0.1109375
3.0 0.46171875 0.84921875 0.2796875 0.3015625
3.0 0.78046875 0.94453125 0.2140625 0.1109375
3.0 0.89375 0.2390625 0.084375 0.10625
3.0 0.496875 0.01015625 0.10625 0.0203125
3.0 0.075 0.23203125 0.096875 0.0546875
3.0 0.58046875 0.0796875 0.1609375 0.046875
3.0 0.89765625 0.46875 0.1796875 0.190625
