3.0 0.80859375 0.221875 0.1015625 0.13125
3.0 0.94453125 0.31875 0.0984375 0.121875
3.0 0.9875 0.3796875 0.025 0.103125
3.0 0.6203125 0.95546875 0.115625 0.0890625
3.0 0.5578125 0.98515625 0.0375 0.0296875
3.0 0.734375 0.96796875 0.171875 0.0640625
3.0 0.5734375 0.78515625 0.090625 0.1203125
3.0 0.63828125 0.6453125 0.1390625 0.184375
3.0 0.5984375 0.38671875 0.103125 0.1578125
3.0 0.5796875 0.54296875 0.121875 0.1671875
3.0 0.50390625 0.33671875 0.1921875 0.2984375
3.0 0.40078125 0.41796875 0.1703125 0.2203125
3.0 0.39921875 0.62421875 0.2203125 0.3421875
3.0 0.51328125 0.89375 0.0734375 0.09375
3.0 0.51328125 0.96640625 0.1234375 0.0671875
3.0 0.2328125 0.8015625 0.134375 0.16875
