4.0 0.3921875 0.5609375 0.1 0.18125
4.0 0.53125 0.44765625 0.115625 0.1328125
3.0 0.28984375 0.25 0.0234375 0.05625
3.0 0.5328125 0.334375 0.034375 0.0875
3.0 0.64765625 0.634375 0.0453125 0.121875
3.0 0.5859375 0.2671875 0.053125 0.071875
3.0 0.6484375 0.3609375 0.03125 0.11875
4.0 0.3625 0.16171875 0.11875 0.1609375
4.0 0.5125 0.21328125 0.11875 0.1015625
4.0 0.45859375 0.0546875 0.1109375 0.10625
4.0 0.29375 0.9375 0.06875 0.1125
4.0 0.3265625 0.8140625 0.084375 0.128125
4.0 0.43125 0.89921875 0.1 0.1390625
3.0 0.4203125 0.35859375 0.034375 0.1359375
3.0 0.65 0.19765625 0.028125 0.1171875
