3.0 0.16953125 0.09140625 0.1171875 0.1828125
3.0 0.7265625 0.50078125 0.096875 0.1671875
3.0 0.82578125 0.04921875 0.0765625 0.0953125
3.0 0.63984375 0.3359375 0.0671875 0.1
3.0 0.6828125 0.234375 0.053125 0.103125
3.0 0.765625 0.271875 0.0875 0.19375
3.0 0.77421875 0.4203125 0.0828125 0.11875
3.0 0.37578125 0.5078125 0.1390625 0.13125
3.0 0.40078125 0.621875 0.0921875 0.128125
3.0 0.5046875 0.68125 0.11875 0.15625
3.0 0.75234375 0.728125 0.0828125 0.0875
3.0 0.44453125 0.87734375 0.0828125 0.1296875
3.0 0.5546875 0.81484375 0.071875 0.1546875
3.0 0.365625 0.940625 0.165625 0.115625
3.0 0.23984375 0.9671875 0.1171875 0.0625
3.0 0.1484375 0.8796875 0.178125 0.15625
3.0 0.2609375 0.8421875 0.053125 0.071875
3.0 0.25625 0.6703125 0.1125 0.2
3.0 0.07109375 0.69921875 0.1046875 0.1328125
3.0 0.03984375 0.92890625 0.0796875 0.1171875
3.0 0.4828125 0.37578125 0.046875 0.0890625
