3.0 0.00390625 0.725 0.0078125 0.084375
3.0 0.1890625 0.31328125 0.065625 0.0765625
3.0 0.0890625 0.45390625 0.059375 0.0671875
3.0 0.16796875 0.54140625 0.0671875 0.0546875
3.0 0.2 0.84609375 0.109375 0.3078125
3.0 0.49453125 0.17578125 0.0859375 0.1046875
3.0 0.3078125 0.74375 0.059375 0.0375
3.0 0.73125 0.15546875 0.16875 0.2640625
3.0 0.63046875 0.48046875 0.1390625 0.2234375
3.0 0.5140625 0.853125 0.13125 0.259375
3.0 0.7546875 0.52265625 0.040625 0.0546875
3.0 0.521875 0.63203125 0.1625 0.1390625
