2.0 0.83359375 0.2328125 0.0859375 0.3375
2.0 0.6578125 0.1078125 0.071875 0.128125
2.0 0.74375 0.259375 0.028125 0.109375
2.0 0.7875 0.90078125 0.2 0.1984375
2.0 0.978125 0.8578125 0.04375 0.178125
3.0 0.68984375 0.75390625 0.0890625 0.1796875
3.0 0.5875 0.89609375 0.128125 0.2078125
3.0 0.49140625 0.4171875 0.0984375 0.078125
2.0 0.39453125 0.328125 0.0484375 0.228125
2.0 0.49375 0.628125 0.03125 0.115625
2.0 0.4515625 0.753125 0.05625 0.29375
4.0 0.26484375 0.5203125 0.1234375 0.2
4.0 0.34453125 0.84140625 0.1328125 0.3046875
4.0 0.34296875 0.54375 0.0421875 0.153125
4.0 0.378125 0.68125 0.0375 0.08125
4.0 0.20234375 0.83046875 0.1359375 0.2953125
4.0 0.26640625 0.8078125 0.0421875 0.128125
4.0 0.25859375 0.64453125 0.0265625 0.0859375
