3.0 0.70234375 0.29375 0.3953125 0.271875
3.0 0.94140625 0.584375 0.0921875 0.115625
3.0 0.85703125 0.68828125 0.1140625 0.0765625
3.0 0.7453125 0.6671875 0.13125 0.05625
3.0 0.803125 0.5140625 0.14375 0.196875
3.0 0.30859375 0.25234375 0.1859375 0.4015625
3.0 0.2796875 0.49375 0.071875 0.06875
3.0 0.1171875 0.40546875 0.1875 0.1734375
3.0 0.12265625 0.77265625 0.1640625 0.0546875
3.0 0.10390625 0.9140625 0.2078125 0.1125
3.0 0.27265625 0.915625 0.1515625 0.153125
3.0 0.290625 0.71484375 0.28125 0.2015625
3.0 0.51171875 0.67578125 0.3953125 0.3765625
3.0 0.67421875 0.59921875 0.0953125 0.0765625
3.0 0.9421875 0.9703125 0.065625 0.0375
