4.0 0.26796875 0.72734375 0.1078125 0.2265625
4.0 0.3625 0.76015625 0.09375 0.2734375
2.0 0.44921875 0.73515625 0.0546875 0.2515625
2.0 0.41640625 0.44609375 0.0359375 0.1703125
4.0 0.328125 0.521875 0.065625 0.134375
2.0 0.73515625 0.44765625 0.0609375 0.2203125
2.0 0.584375 0.1984375 0.05 0.125
3.0 0.4921875 0.51640625 0.040625 0.0578125
3.0 0.615625 0.7953125 0.046875 0.134375
3.0 0.53671875 0.903125 0.1015625 0.19375
2.0 0.64921875 0.1890625 0.0578125 0.11875
2.0 0.67890625 0.1078125 0.1171875 0.096875
4.0 0.8828125 0.91328125 0.125 0.1734375
3.0 0.96484375 0.71015625 0.0484375 0.0609375
