3.0 0.0515625 0.025 0.0875 0.046875
3.0 0.528125 0.03671875 0.09375 0.0734375
3.0 0.6109375 0.140625 0.028125 0.034375
3.0 0.50859375 0.22421875 0.0265625 0.0359375
3.0 0.6390625 0.290625 0.05625 0.06875
3.0 0.6328125 0.2109375 0.025 0.028125
3.0 0.6484375 0.38359375 0.053125 0.1234375
3.0 0.70234375 0.34453125 0.0453125 0.0921875
3.0 0.4046875 0.49453125 0.078125 0.2296875
3.0 0.30859375 0.6734375 0.1515625 0.08125
3.0 0.39609375 0.76953125 0.0578125 0.2046875
3.0 0.46796875 0.69765625 0.0328125 0.0515625
3.0 0.49296875 0.82109375 0.0765625 0.1796875
3.0 0.69921875 0.62421875 0.0640625 0.1484375
3.0 0.72421875 0.46640625 0.0921875 0.1046875
3.0 0.81015625 0.5609375 0.1234375 0.1125
3.0 0.71640625 0.77109375 0.1296875 0.0828125
3.0 0.5796875 0.80625 0.08125 0.040625
