4.0 0.49921875 0.20546875 0.2640625 0.1046875
4.0 0.45625 0.3078125 0.309375 0.096875
4.0 0.721875 0.271875 0.165625 0.09375
4.0 0.70546875 0.33046875 0.1140625 0.0296875
4.0 0.5984375 0.34609375 0.1 0.0484375
4.0 0.27890625 0.89296875 0.2296875 0.1765625
2.0 0.84453125 0.37578125 0.1703125 0.0515625
2.0 0.47578125 0.40859375 0.2703125 0.0390625
3.0 0.73359375 0.46796875 0.0703125 0.0328125
3.0 0.2859375 0.5046875 0.228125 0.10625
3.0 0.07109375 0.55 0.1421875 0.13125
3.0 0.05234375 0.65390625 0.1046875 0.0421875
2.0 0.81875 0.73984375 0.3 0.0671875
2.0 0.57890625 0.4453125 0.1015625 0.025
2.0 0.29453125 0.59609375 0.1359375 0.0609375
2.0 0.15859375 0.64921875 0.1203125 0.1203125
2.0 0.95 0.59296875 0.06875 0.0453125
2.0 0.8296875 0.66328125 0.103125 0.0328125
3.0 0.42421875 0.60390625 0.1171875 0.0546875
3.0 0.51015625 0.96953125 0.1203125 0.0609375
