3.0 0.32734375 0.64609375 0.0796875 0.0953125
5.0 0.23515625 0.54453125 0.0890625 0.1109375
5.0 0.21171875 0.721875 0.0859375 0.190625
5.0 0.23671875 0.86953125 0.0828125 0.1703125
5.0 0.31328125 0.91875 0.0390625 0.1625
5.0 0.3578125 0.853125 0.0375 0.15
3.0 0.3421875 0.6546875 0.08125 0.159375
3.0 0.52421875 0.9140625 0.0828125 0.171875
3.0 0.66328125 0.740625 0.0265625 0.10625
3.0 0.7453125 0.89765625 0.046875 0.1421875
2.0 0.58359375 0.20078125 0.0703125 0.2015625
2.0 0.64921875 0.04140625 0.0984375 0.0828125
2.0 0.28671875 0.1609375 0.0609375 0.178125
