3.0 0.01875 0.56875 0.0375 0.096875
3.0 0.01953125 0.746875 0.0390625 0.140625
3.0 0.00234375 0.9375 0.0046875 0.078125
3.0 0.1671875 0.99140625 0.040625 0.0171875
3.0 0.46796875 0.88046875 0.0328125 0.0453125
4.0 0.04140625 0.17109375 0.0828125 0.3328125
4.0 0.14765625 0.32890625 0.2234375 0.3796875
4.0 0.01796875 0.5734375 0.0359375 0.228125
4.0 0.07890625 0.6890625 0.0609375 0.09375
4.0 0.26328125 0.96484375 0.0640625 0.0703125
4.0 0.29296875 0.5859375 0.0640625 0.15625
4.0 0.36640625 0.51328125 0.0828125 0.2390625
4.0 0.28046875 0.75234375 0.0328125 0.0609375
4.0 0.43984375 0.84921875 0.0828125 0.1359375
3.0 0.3578125 0.815625 0.053125 0.09375
