3.0 0.41796875 0.934375 0.1453125 0.128125
3.0 0.596875 0.87578125 0.065625 0.0765625
3.0 0.6703125 0.8 0.0625 0.05625
3.0 0.77421875 0.728125 0.1578125 0.090625
3.0 0.69140625 0.43671875 0.1453125 0.0953125
3.0 0.84765625 0.3875 0.1078125 0.053125
3.0 0.6703125 0.26171875 0.284375 0.2328125
3.0 0.471875 0.25546875 0.125 0.1015625
3.0 0.4703125 0.3546875 0.23125 0.140625
3.0 0.21796875 0.71171875 0.0953125 0.1484375
3.0 0.33046875 0.72421875 0.1859375 0.1265625
3.0 0.3390625 0.8328125 0.215625 0.09375
3.0 0.475 0.69296875 0.1 0.1109375
3.0 0.08515625 0.46953125 0.1671875 0.0640625
3.0 0.28203125 0.3890625 0.1421875 0.0875
3.0 0.4609375 0.33671875 0.1875 0.1140625
3.0 0.3015625 0.3015625 0.0625 0.05
3.0 0.31640625 0.21640625 0.0703125 0.0859375
3.0 0.21640625 0.28359375 0.0671875 0.0484375
3.0 0.08828125 0.25390625 0.1703125 0.0671875
3.0 0.19375 0.1796875 0.121875 0.046875
