4.0 0.34765625 0.0234375 0.2078125 0.046875
4.0 0.209375 0.4578125 0.165625 0.315625
4.0 0.2296875 0.74140625 0.15 0.1765625
4.0 0.52109375 0.86328125 0.1546875 0.1890625
4.0 0.59921875 0.95546875 0.1046875 0.0890625
4.0 0.65234375 0.10859375 0.0765625 0.1546875
4.0 0.7421875 0.08359375 0.0875 0.1671875
4.0 0.66953125 0.359375 0.1140625 0.15
4.0 0.7546875 0.340625 0.046875 0.096875
4.0 0.78984375 0.428125 0.1140625 0.16875
3.0 0.24921875 0.41875 0.0515625 0.121875
3.0 0.309375 0.22578125 0.046875 0.1640625
4.0 0.3453125 0.22734375 0.146875 0.4265625
3.0 0.40546875 0.3671875 0.0203125 0.065625
4.0 0.4515625 0.10859375 0.078125 0.1421875
4.0 0.5703125 0.621875 0.034375 0.06875
4.0 0.3796875 0.71015625 0.14375 0.1640625
3.0 0.3890625 0.7125 0.0875 0.1375
3.0 0.484375 0.5578125 0.08125 0.1375
4.0 0.4765625 0.51015625 0.10625 0.2296875
4.0 0.5734375 0.4375 0.0625 0.096875
