3.0 0.63125 0.5625 0.05 0.10625
3.0 0.27421875 0.8453125 0.0484375 0.121875
3.0 0.2796875 0.1640625 0.0375 0.046875
3.0 0.32109375 0.13046875 0.0328125 0.0609375
3.0 0.53125 0.2515625 0.028125 0.034375
3.0 0.57734375 0.2046875 0.0484375 0.08125
4.0 0.3828125 0.4390625 0.096875 0.171875
4.0 0.35703125 0.05625 0.1140625 0.1125
4.0 0.5078125 0.10625 0.125 0.0875
4.0 0.52265625 0.35 0.1078125 0.15
4.0 0.2765625 0.87734375 0.06875 0.1984375
4.0 0.3140625 0.70859375 0.08125 0.1265625
4.0 0.37734375 0.93359375 0.1171875 0.1265625
3.0 0.49453125 0.60859375 0.0484375 0.0578125
4.0 0.4171875 0.79140625 0.1125 0.1578125
