3.0 0.11875 0.31875 0.165625 0.196875
3.0 0.2265625 0.1921875 0.08125 0.103125
3.0 0.23515625 0.31796875 0.1390625 0.1671875
3.0 0.63828125 0.0546875 0.2140625 0.109375
3.0 0.34765625 0.51015625 0.0765625 0.1046875
3.0 0.36796875 0.38515625 0.1390625 0.2015625
3.0 0.44375 0.51796875 0.096875 0.1328125
3.0 0.4953125 0.578125 0.0375 0.046875
3.0 0.55390625 0.67890625 0.0453125 0.0578125
3.0 0.621875 0.50859375 0.040625 0.0578125
3.0 0.67265625 0.86328125 0.1171875 0.1640625
3.0 0.7921875 0.6671875 0.26875 0.359375
