3.0 0.1484375 0.08203125 0.153125 0.1640625
3.0 0.42890625 0.0546875 0.1265625 0.109375
3.0 0.1328125 0.25703125 0.075 0.1078125
3.0 0.134375 0.4171875 0.153125 0.203125
3.0 0.31953125 0.7703125 0.0984375 0.13125
3.0 0.3625 0.61953125 0.146875 0.1921875
3.0 0.4390625 0.615625 0.065625 0.0875
3.0 0.409375 0.6703125 0.078125 0.103125
3.0 0.66328125 0.171875 0.1515625 0.196875
3.0 0.61796875 0.3515625 0.1359375 0.175
3.0 0.54609375 0.54140625 0.1984375 0.2609375
3.0 0.6265625 0.609375 0.178125 0.2375
3.0 0.52109375 0.77734375 0.3453125 0.4453125
3.0 0.74296875 0.41953125 0.0796875 0.1046875
3.0 0.6828125 0.509375 0.08125 0.109375
3.0 0.74140625 0.6046875 0.1046875 0.14375
3.0 0.81171875 0.5515625 0.1296875 0.175
3.0 0.31875 0.140625 0.196875 0.259375
