4.0 0.28125 0.7046875 0.14375 0.275
4.0 0.4953125 0.85625 0.16875 0.215625
3.0 0.1703125 0.93203125 0.040625 0.0765625
3.0 0.2203125 0.98984375 0.065625 0.0203125
3.0 0.615625 0.89921875 0.0625 0.1203125
3.0 0.69453125 0.95703125 0.0328125 0.0859375
3.0 0.6921875 0.503125 0.071875 0.165625
3.0 0.4046875 0.25078125 0.10625 0.0765625
4.0 0.22265625 0.20390625 0.1265625 0.1765625
4.0 0.38515625 0.15546875 0.1609375 0.2734375
4.0 0.58515625 0.28515625 0.1046875 0.1796875
4.0 0.584375 0.5890625 0.090625 0.225
4.0 0.8140625 0.4703125 0.121875 0.40625
4.0 0.70390625 0.27578125 0.1296875 0.1984375
