4.0 0.39921875 0.45078125 0.1296875 0.3578125
3.0 0.56640625 0.478125 0.1109375 0.109375
3.0 0.434375 0.709375 0.140625 0.209375
3.0 0.54375 0.71875 0.025 0.05
3.0 0.24765625 0.9015625 0.1046875 0.19375
3.0 0.1046875 0.39375 0.03125 0.0875
3.0 0.12109375 0.6625 0.0609375 0.159375
3.0 0.053125 0.7765625 0.08125 0.1
4.0 0.28515625 0.3328125 0.1109375 0.328125
3.0 0.19375 0.7046875 0.0375 0.0875
4.0 0.20859375 0.3890625 0.0390625 0.18125
4.0 0.14453125 0.4484375 0.0640625 0.309375
2.0 0.18828125 0.08046875 0.0703125 0.1421875
2.0 0.08046875 0.21171875 0.1609375 0.2796875
3.0 0.3390625 0.38515625 0.0375 0.1109375
3.0 0.30546875 0.57890625 0.0328125 0.0703125
