3.0 0.5375 0.9421875 0.146875 0.1
3.0 0.42890625 0.75390625 0.1453125 0.0828125
3.0 0.37421875 0.621875 0.2046875 0.2125
3.0 0.33515625 0.41796875 0.1453125 0.1703125
3.0 0.571875 0.675 0.184375 0.103125
3.0 0.4796875 0.478125 0.05 0.065625
3.0 0.46328125 0.296875 0.1015625 0.171875
3.0 0.73984375 0.35546875 0.0609375 0.0703125
3.0 0.88046875 0.646875 0.0828125 0.196875
3.0 0.8671875 0.38203125 0.08125 0.1328125
3.0 0.95703125 0.55390625 0.0859375 0.1765625
3.0 0.95390625 0.3453125 0.0890625 0.20625
