3.0 0.91953125 0.209375 0.1484375 0.25625
3.0 0.9484375 0.38046875 0.1 0.2546875
4.0 0.78203125 0.1953125 0.1203125 0.375
2.0 0.671875 0.25234375 0.053125 0.3453125
3.0 0.66875 0.6265625 0.04375 0.06875
3.0 0.54296875 0.55234375 0.0328125 0.0734375
3.0 0.55546875 0.90546875 0.0515625 0.0984375
3.0 0.66015625 0.734375 0.0328125 0.11875
3.0 0.471875 0.61953125 0.028125 0.0734375
3.0 0.365625 0.2390625 0.115625 0.2
4.0 0.3265625 0.0578125 0.053125 0.1
4.0 0.378125 0.3671875 0.159375 0.553125
4.0 0.20625 0.28828125 0.1125 0.3609375
3.0 0.36484375 0.6625 0.0296875 0.096875
