3.0 0.34296875 0.93515625 0.0640625 0.1109375
3.0 0.45546875 0.83515625 0.0671875 0.0734375
3.0 0.6859375 0.778125 0.071875 0.134375
3.0 0.77265625 0.753125 0.0390625 0.0375
3.0 0.721875 0.6703125 0.05625 0.075
3.0 0.78671875 0.490625 0.1109375 0.06875
3.0 0.915625 0.48203125 0.090625 0.0828125
3.0 0.83828125 0.41328125 0.0640625 0.1234375
3.0 0.72890625 0.3046875 0.0828125 0.0625
3.0 0.46953125 0.40625 0.0390625 0.040625
3.0 0.35078125 0.17109375 0.0546875 0.0234375
3.0 0.35390625 0.11953125 0.0703125 0.0734375
3.0 0.08046875 0.3953125 0.1046875 0.1
3.0 0.24375 0.4296875 0.1125 0.10625
3.0 0.2046875 0.2703125 0.175 0.1625
3.0 0.42890625 0.68828125 0.0984375 0.2234375
3.0 0.3171875 0.65234375 0.084375 0.1796875
3.0 0.025 0.61953125 0.04375 0.0515625
