3.0 0.05078125 0.43828125 0.1015625 0.2046875
3.0 0.003125 0.88671875 0.00625 0.2234375
3.0 0.21015625 0.34296875 0.0515625 0.1453125
3.0 0.28046875 0.315625 0.0609375 0.15625
3.0 0.33671875 0.3546875 0.0390625 0.0875
3.0 0.3859375 0.2859375 0.053125 0.121875
3.0 0.27890625 0.11875 0.0546875 0.0625
3.0 0.2328125 0.490625 0.0875 0.14375
3.0 0.315625 0.48828125 0.05 0.0890625
3.0 0.2296875 0.8109375 0.1875 0.259375
3.0 0.54921875 0.271875 0.0453125 0.1125
3.0 0.728125 0.37421875 0.121875 0.1265625
3.0 0.7671875 0.2390625 0.10625 0.15625
3.0 0.5515625 0.82890625 0.109375 0.0921875
3.0 0.7609375 0.77421875 0.075 0.0890625
3.0 0.9625 0.8703125 0.075 0.25625
