3.0 0.17265625 0.86875 0.1453125 0.18125
3.0 0.06171875 0.92421875 0.0796875 0.1515625
3.0 0.30859375 0.9546875 0.1390625 0.090625
3.0 0.4921875 0.9609375 0.178125 0.078125
3.0 0.33671875 0.75625 0.0421875 0.065625
3.0 0.384375 0.84453125 0.04375 0.0734375
3.0 0.0703125 0.775 0.084375 0.071875
3.0 0.12890625 0.6453125 0.0921875 0.103125
3.0 0.47734375 0.70546875 0.0578125 0.1046875
3.0 0.46640625 0.81484375 0.0890625 0.1171875
3.0 0.55390625 0.77578125 0.1015625 0.2671875
3.0 0.7 0.65703125 0.11875 0.1546875
3.0 0.740625 0.775 0.05625 0.125
3.0 0.396875 0.53671875 0.103125 0.1203125
3.0 0.4859375 0.54296875 0.04375 0.0578125
3.0 0.59453125 0.44921875 0.1078125 0.1109375
3.0 0.71328125 0.47109375 0.1015625 0.1046875
3.0 0.78359375 0.6 0.1890625 0.146875
3.0 0.60078125 0.61015625 0.0546875 0.0609375
3.0 0.58046875 0.55 0.0265625 0.05625
3.0 0.19921875 0.56015625 0.0765625 0.0921875
3.0 0.27421875 0.5515625 0.0640625 0.0625
3.0 0.2953125 0.61171875 0.05625 0.0296875
3.0 0.30390625 0.65546875 0.0671875 0.0578125
