3.0 0.05078125 0.24140625 0.0890625 0.1640625
3.0 0.659375 0.09296875 0.190625 0.1140625
3.0 0.8828125 0.084375 0.134375 0.15
3.0 0.675 0.246875 0.390625 0.128125
3.0 0.8546875 0.24921875 0.221875 0.1453125
3.0 0.7671875 0.3546875 0.465625 0.078125
3.0 0.9203125 0.5171875 0.159375 0.103125
3.0 0.2375 0.2921875 0.371875 0.115625
3.0 0.21171875 0.48359375 0.4109375 0.2953125
3.0 0.465625 0.74609375 0.45625 0.3421875
3.0 0.04140625 0.8765625 0.0828125 0.065625
3.0 0.5828125 0.5296875 0.103125 0.08125
