3.0 0.0984375 0.91484375 0.11875 0.1171875
3.0 0.2015625 0.87734375 0.134375 0.1015625
3.0 0.253125 0.7984375 0.178125 0.0625
3.0 0.20625 0.72734375 0.0375 0.0296875
3.0 0.04765625 0.5421875 0.0859375 0.05
3.0 0.04296875 0.63359375 0.0234375 0.0421875
3.0 0.234375 0.47265625 0.115625 0.0484375
3.0 0.125 0.51328125 0.084375 0.0703125
3.0 0.2890625 0.58203125 0.08125 0.0734375
3.0 0.184375 0.334375 0.103125 0.065625
3.0 0.05625 0.44296875 0.096875 0.0578125
3.0 0.12421875 0.4 0.0640625 0.025
3.0 0.35390625 0.675 0.0890625 0.09375
3.0 0.4015625 0.63984375 0.08125 0.0890625
3.0 0.45546875 0.61640625 0.1828125 0.0765625
3.0 0.5171875 0.78046875 0.1125 0.1078125
3.0 0.4296875 0.71484375 0.13125 0.0828125
3.0 0.6375 0.73359375 0.06875 0.0890625
3.0 0.665625 0.64921875 0.128125 0.0609375
3.0 0.78359375 0.63046875 0.1609375 0.0703125
3.0 0.66015625 0.403125 0.1484375 0.059375
3.0 0.73046875 0.34609375 0.0859375 0.0421875
3.0 0.8984375 0.32734375 0.078125 0.0734375
3.0 0.35234375 0.29140625 0.0640625 0.0734375
3.0 0.32421875 0.4078125 0.1109375 0.071875
3.0 0.459375 0.34765625 0.14375 0.0828125
3.0 0.60390625 0.28125 0.2109375 0.175
