4.0 0.68046875 0.1890625 0.1453125 0.1875
4.0 0.77734375 0.56953125 0.1171875 0.2203125
4.0 0.76328125 0.76796875 0.1046875 0.1234375
4.0 0.55859375 0.85390625 0.1078125 0.1328125
4.0 0.50390625 0.92890625 0.0734375 0.0828125
4.0 0.4671875 0.325 0.053125 0.109375
4.0 0.40390625 0.27890625 0.0609375 0.1765625
4.0 0.45546875 0.50078125 0.0796875 0.1046875
4.0 0.39609375 0.4875 0.0328125 0.06875
4.0 0.37109375 0.5484375 0.0796875 0.11875
4.0 0.52734375 0.08359375 0.1453125 0.1515625
3.0 0.64140625 0.175 0.0421875 0.1
3.0 0.74921875 0.5421875 0.0359375 0.084375
3.0 0.70703125 0.4078125 0.0328125 0.115625
4.0 0.68203125 0.4078125 0.1015625 0.3
3.0 0.640625 0.50546875 0.015625 0.0453125
4.0 0.60703125 0.325 0.0546875 0.1
4.0 0.525 0.68359375 0.025 0.0484375
4.0 0.7328125 0.05234375 0.1 0.0859375
4.0 0.66171875 0.04296875 0.0390625 0.0671875
4.0 0.65859375 0.746875 0.1015625 0.115625
3.0 0.6515625 0.74765625 0.059375 0.0953125
3.0 0.584375 0.63984375 0.05625 0.0953125
4.0 0.590625 0.60625 0.075 0.159375
4.0 0.521875 0.55546875 0.04375 0.0671875
