3.0 0.05390625 0.42421875 0.0453125 0.1078125
3.0 0.1875 0.69609375 0.084375 0.0703125
3.0 0.10546875 0.80234375 0.0734375 0.1140625
3.0 0.31328125 0.4484375 0.0328125 0.059375
3.0 0.39453125 0.32578125 0.0703125 0.0828125
3.0 0.71171875 0.1625 0.0671875 0.103125
3.0 0.4046875 0.54375 0.059375 0.0875
3.0 0.5140625 0.71171875 0.046875 0.0484375
3.0 0.93515625 0.13359375 0.1296875 0.2171875
3.0 0.74921875 0.61875 0.1765625 0.128125
3.0 0.8703125 0.4625 0.128125 0.2125
3.0 0.74765625 0.83671875 0.1609375 0.2390625
3.0 0.4578125 0.85546875 0.109375 0.2890625
3.0 0.83046875 0.978125 0.0484375 0.040625
