3.0 0.71015625 0.296875 0.1890625 0.121875
3.0 0.89140625 0.39296875 0.1890625 0.1515625
3.0 0.93984375 0.55546875 0.1171875 0.0453125
3.0 0.69140625 0.73203125 0.1046875 0.0640625
3.0 0.640625 0.93359375 0.203125 0.1328125
3.0 0.4359375 0.88515625 0.253125 0.2296875
3.0 0.2640625 0.87890625 0.159375 0.2234375
3.0 0.1046875 0.37578125 0.209375 0.1578125
3.0 0.19296875 0.54140625 0.1328125 0.1359375
3.0 0.0609375 0.66015625 0.121875 0.1484375
3.0 0.07890625 0.953125 0.1203125 0.09375
3.0 0.04375 0.84140625 0.0875 0.1109375
