3.0 0.4765625 0.0734375 0.0625 0.084375
3.0 0.37578125 0.02109375 0.1296875 0.0421875
3.0 0.84765625 0.209375 0.0484375 0.01875
3.0 0.69296875 0.190625 0.0765625 0.021875
3.0 0.74609375 0.14296875 0.0296875 0.0296875
3.0 0.46484375 0.21953125 0.3078125 0.0796875
3.0 0.5328125 0.3640625 0.0625 0.103125
3.0 0.81015625 0.596875 0.1796875 0.18125
3.0 0.44765625 0.51015625 0.2015625 0.1109375
3.0 0.603125 0.5625 0.103125 0.053125
3.0 0.64609375 0.490625 0.1203125 0.125
3.0 0.2875 0.63359375 0.059375 0.0609375
3.0 0.25546875 0.7 0.0671875 0.040625
3.0 0.17265625 0.6609375 0.1296875 0.05625
3.0 0.07890625 0.73046875 0.0609375 0.0734375
3.0 0.0375 0.80546875 0.071875 0.1140625
3.0 0.046875 0.43046875 0.09375 0.0640625
