3.0 0.2546875 0.340625 0.0375 0.0625
3.0 0.2625 0.1703125 0.071875 0.090625
3.0 0.34921875 0.2 0.0484375 0.071875
3.0 0.40625 0.3046875 0.0625 0.078125
3.0 0.309375 0.63671875 0.0375 0.0859375
3.0 0.2875 0.47578125 0.03125 0.0953125
3.0 0.2046875 0.9265625 0.134375 0.109375
3.0 0.678125 0.4078125 0.046875 0.065625
3.0 0.60703125 0.3921875 0.0328125 0.059375
4.0 0.2359375 0.32421875 0.109375 0.1859375
4.0 0.2828125 0.6171875 0.115625 0.153125
4.0 0.35625 0.52578125 0.05625 0.0828125
4.0 0.31015625 0.47109375 0.0859375 0.2203125
4.0 0.3234375 0.89609375 0.078125 0.1953125
4.0 0.20625 0.91796875 0.128125 0.1515625
4.0 0.23515625 0.75546875 0.0890625 0.1390625
4.0 0.5390625 0.64296875 0.04375 0.1734375
4.0 0.609375 0.59453125 0.046875 0.1953125
4.0 0.4875 0.47890625 0.03125 0.0484375
4.0 0.48125 0.59609375 0.040625 0.0984375
4.0 0.35234375 0.53046875 0.0546875 0.0671875
4.0 0.49375 0.115625 0.0375 0.084375
3.0 0.67265625 0.05 0.0515625 0.1
3.0 0.6203125 0.08984375 0.03125 0.0765625
4.0 0.44453125 0.2296875 0.0296875 0.04375
4.0 0.51796875 0.43203125 0.0546875 0.0609375
4.0 0.61484375 0.590625 0.0484375 0.175
