4.0 0.3609375 0.79296875 0.1625 0.1609375
4.0 0.3671875 0.96796875 0.0875 0.0640625
4.0 0.64140625 0.6484375 0.1796875 0.19375
3.0 0.5515625 0.08359375 0.04375 0.0609375
3.0 0.53046875 0.0109375 0.0234375 0.021875
3.0 0.02265625 0.28671875 0.0453125 0.0484375
3.0 0.05234375 0.37890625 0.0390625 0.0640625
3.0 0.0609375 0.315625 0.021875 0.028125
3.0 0.18359375 0.1109375 0.0171875 0.028125
3.0 0.29609375 0.0875 0.0515625 0.04375
3.0 0.246875 0.08671875 0.01875 0.0296875
3.0 0.44375 0.9234375 0.0375 0.046875
3.0 0.16015625 0.98828125 0.0328125 0.0234375
3.0 0.9953125 0.71328125 0.009375 0.0546875
4.0 0.60546875 0.946875 0.1296875 0.090625
3.0 0.146875 0.1671875 0.025 0.040625
3.0 0.48359375 0.18515625 0.0359375 0.0578125
