3.0 0.06015625 0.84765625 0.0359375 0.0296875
3.0 0.07890625 0.709375 0.0734375 0.075
3.0 0.09296875 0.746875 0.0453125 0.025
3.0 0.43046875 0.7515625 0.0484375 0.046875
3.0 0.484375 0.80859375 0.021875 0.0546875
3.0 0.6484375 0.8890625 0.05 0.025
3.0 0.6640625 0.86328125 0.021875 0.0296875
3.0 0.66015625 0.80703125 0.0296875 0.0421875
3.0 0.696875 0.79296875 0.021875 0.0296875
3.0 0.671875 0.7703125 0.05625 0.021875
3.0 0.5171875 0.64140625 0.1 0.0453125
3.0 0.5703125 0.575 0.034375 0.034375
3.0 0.76328125 0.7046875 0.0578125 0.03125
3.0 0.7921875 0.7953125 0.053125 0.05625
3.0 0.87109375 0.77890625 0.0640625 0.0453125
3.0 0.88203125 0.7375 0.0390625 0.028125
3.0 0.78515625 0.74140625 0.0453125 0.0359375
3.0 0.81875 0.66796875 0.09375 0.0203125
3.0 0.8046875 0.6234375 0.05 0.03125
3.0 0.7453125 0.66640625 0.0375 0.0359375
3.0 0.859375 0.57890625 0.025 0.0171875
3.0 0.725 0.49296875 0.059375 0.0453125
3.0 0.78671875 0.45234375 0.0609375 0.0703125
3.0 0.54140625 0.49609375 0.0359375 0.0453125
3.0 0.31796875 0.490625 0.0953125 0.053125
3.0 0.271875 0.53828125 0.028125 0.0328125
3.0 0.484375 0.57421875 0.053125 0.0359375
3.0 0.4765625 0.41640625 0.040625 0.0234375
3.0 0.621875 0.32734375 0.03125 0.0234375
3.0 0.67265625 0.340625 0.0296875 0.028125
3.0 0.7296875 0.3328125 0.0375 0.03125
3.0 0.66796875 0.296875 0.1171875 0.034375
3.0 0.53359375 0.3046875 0.0828125 0.028125
3.0 0.68359375 0.190625 0.0484375 0.046875
3.0 0.88046875 0.2265625 0.0578125 0.059375
3.0 0.79609375 0.21796875 0.0390625 0.0703125
3.0 0.74453125 0.16796875 0.0453125 0.0390625
3.0 0.740625 0.11171875 0.096875 0.0515625
3.0 0.8328125 0.12578125 0.053125 0.0421875
3.0 0.93828125 0.1125 0.0578125 0.04375
3.0 0.99140625 0.07421875 0.0171875 0.0328125
3.0 0.80078125 0.07109375 0.0359375 0.0328125
3.0 0.74609375 0.05390625 0.0578125 0.0484375
3.0 0.690625 0.0484375 0.059375 0.028125
3.0 0.6109375 0.034375 0.034375 0.021875
3.0 0.63515625 0.06171875 0.0234375 0.0390625
3.0 0.58359375 0.12109375 0.0140625 0.0203125
3.0 0.57265625 0.0546875 0.0140625 0.01875
3.0 0.77421875 0.01875 0.0328125 0.025
3.0 0.81875 0.03515625 0.0375 0.0171875
3.0 0.834375 0.05234375 0.0125 0.0140625
3.0 0.85390625 0.02890625 0.0203125 0.0171875
3.0 0.9203125 0.0078125 0.028125 0.015625
3.0 0.9765625 0.00859375 0.040625 0.0171875
3.0 0.3515625 0.04765625 0.03125 0.0203125
3.0 0.21015625 0.04140625 0.0390625 0.0390625
3.0 0.3984375 0.05703125 0.015625 0.0171875
3.0 0.42734375 0.04453125 0.0203125 0.0140625
3.0 0.2265625 0.00546875 0.040625 0.0109375
3.0 0.33515625 0.02109375 0.0203125 0.0171875
3.0 0.15390625 0.2359375 0.0140625 0.015625
3.0 0.11875 0.24921875 0.01875 0.0140625
3.0 0.16171875 0.08671875 0.0265625 0.0265625
3.0 0.32578125 0.3765625 0.0359375 0.04375
3.0 0.4015625 0.40859375 0.025 0.0203125
3.0 0.153125 0.36328125 0.034375 0.0453125
3.0 0.23046875 0.38515625 0.0671875 0.0484375
3.0 0.2796875 0.384375 0.01875 0.04375
3.0 0.3734375 0.62109375 0.1 0.0453125
3.0 0.62265625 0.48671875 0.0953125 0.0609375
3.0 0.58203125 0.2375 0.0453125 0.04375
3.0 0.49609375 0.2734375 0.0390625 0.03125
