3.0 0.1828125 0.81015625 0.05 0.0515625
3.0 0.51484375 0.25390625 0.3140625 0.4078125
2.0 0.80703125 0.3453125 0.1203125 0.2375
3.0 0.8734375 0.396875 0.05 0.075
3.0 0.57265625 0.87734375 0.2671875 0.2359375
3.0 0.8140625 0.921875 0.1875 0.146875
3.0 0.91328125 0.78984375 0.1734375 0.1703125
3.0 0.89296875 0.571875 0.2140625 0.253125
3.0 0.1359375 0.33828125 0.271875 0.4328125
3.0 0.29609375 0.58984375 0.0609375 0.0921875
3.0 0.3765625 0.49765625 0.23125 0.2140625
3.0 0.3796875 0.66953125 0.1125 0.0609375
3.0 0.1265625 0.02734375 0.24375 0.0515625
3.0 0.75234375 0.73984375 0.0859375 0.1265625
3.0 0.41796875 0.85078125 0.1484375 0.1046875
