3.0 0.91640625 0.215625 0.0578125 0.05
3.0 0.953125 0.084375 0.053125 0.0375
3.0 0.89765625 0.0890625 0.0296875 0.028125
3.0 0.96796875 0.0296875 0.0359375 0.025
3.0 0.60859375 0.65859375 0.0359375 0.0453125
3.0 0.66015625 0.64140625 0.0265625 0.0328125
3.0 0.4234375 0.82734375 0.0375 0.0453125
3.0 0.38515625 0.7890625 0.0328125 0.0375
3.0 0.853125 0.59453125 0.025 0.0359375
3.0 0.7609375 0.528125 0.034375 0.046875
3.0 0.909375 0.6515625 0.065625 0.0375
3.0 0.86484375 0.6671875 0.0296875 0.053125
3.0 0.62578125 0.78125 0.0609375 0.025
