3.0 0.52734375 0.8546875 0.2296875 0.284375
3.0 0.721875 0.8765625 0.146875 0.228125
3.0 0.84375 0.9546875 0.04375 0.075
3.0 0.90390625 0.83671875 0.1921875 0.2703125
3.0 0.87265625 0.55625 0.2484375 0.290625
2.0 0.765625 0.33828125 0.109375 0.2203125
3.0 0.8359375 0.38671875 0.05 0.0734375
3.0 0.3765625 0.83046875 0.103125 0.0921875
3.0 0.1109375 0.33671875 0.215625 0.4359375
3.0 0.471875 0.22265625 0.31875 0.3796875
3.0 0.3328125 0.46796875 0.21875 0.2015625
3.0 0.2515625 0.56953125 0.065625 0.0890625
3.0 0.3203125 0.58671875 0.078125 0.0546875
3.0 0.6796875 0.51015625 0.078125 0.1859375
3.0 0.709375 0.7296875 0.103125 0.115625
