3.0 0.8078125 0.35390625 0.359375 0.1984375
3.0 0.8859375 0.6015625 0.1375 0.140625
3.0 0.79296875 0.6578125 0.2359375 0.1875
3.0 0.82734375 0.9015625 0.3359375 0.196875
3.0 0.8265625 0.0828125 0.1125 0.09375
3.0 0.76875 0.24140625 0.04375 0.0765625
3.0 0.6984375 0.23671875 0.1 0.1203125
3.0 0.5015625 0.18203125 0.0875 0.0640625
3.0 0.55234375 0.34921875 0.0640625 0.0421875
3.0 0.63203125 0.496875 0.1984375 0.1625
3.0 0.71796875 0.5484375 0.0703125 0.040625
3.0 0.3765625 0.4734375 0.246875 0.15625
3.0 0.515625 0.6625 0.1625 0.140625
3.0 0.584375 0.7796875 0.159375 0.075
3.0 0.44609375 0.57578125 0.1171875 0.0359375
2.0 0.3953125 0.63046875 0.11875 0.0640625
3.0 0.16796875 0.95390625 0.1453125 0.0890625
3.0 0.2453125 0.3265625 0.090625 0.1125
3.0 0.14296875 0.0625 0.2578125 0.11875
3.0 0.17109375 0.2109375 0.1390625 0.08125
3.0 0.06015625 0.2609375 0.1203125 0.059375
3.0 0.028125 0.33203125 0.05625 0.0484375
3.0 0.73671875 0.13984375 0.0453125 0.0203125
