3.0 0.546875 0.28984375 0.034375 0.0453125
3.0 0.284375 0.05234375 0.1875 0.1046875
3.0 0.21640625 0.05 0.0609375 0.08125
3.0 0.0671875 0.46640625 0.134375 0.1984375
3.0 0.12734375 0.6234375 0.1671875 0.221875
3.0 0.30078125 0.8296875 0.0671875 0.0875
3.0 0.38359375 0.93828125 0.0984375 0.1234375
3.0 0.5609375 0.96953125 0.06875 0.0609375
3.0 0.75234375 0.85703125 0.0671875 0.0953125
3.0 0.634375 0.98828125 0.06875 0.0234375
3.0 0.82578125 0.55859375 0.0546875 0.0765625
3.0 0.759375 0.5359375 0.059375 0.078125
3.0 0.80546875 0.3484375 0.0703125 0.1
3.0 0.4046875 0.7515625 0.071875 0.096875
3.0 0.33203125 0.6921875 0.0734375 0.096875
3.0 0.675 0.81171875 0.06875 0.0921875
3.0 0.65546875 0.921875 0.0640625 0.09375
