3.0 0.55859375 0.0953125 0.2671875 0.190625
3.0 0.0671875 0.36953125 0.128125 0.1640625
3.0 0.1703125 0.26796875 0.059375 0.0796875
3.0 0.3171875 0.14375 0.153125 0.196875
3.0 0.4140625 0.103125 0.096875 0.128125
3.0 0.3875 0.021875 0.046875 0.04375
3.0 0.27734375 0.50859375 0.0921875 0.1203125
3.0 0.20625 0.49140625 0.0625 0.0765625
3.0 0.0609375 0.6296875 0.065625 0.084375
3.0 0.09453125 0.55234375 0.0921875 0.1171875
3.0 0.390625 0.3328125 0.1125 0.15
3.0 0.4515625 0.2671875 0.10625 0.146875
3.0 0.603125 0.25390625 0.246875 0.2984375
3.0 0.66171875 0.36640625 0.1546875 0.2140625
3.0 0.5484375 0.63046875 0.178125 0.2296875
3.0 0.43984375 0.521875 0.1546875 0.225
3.0 0.41875 0.403125 0.0875 0.103125
3.0 0.371875 0.571875 0.115625 0.1625
3.0 0.55703125 0.7609375 0.1265625 0.1625
3.0 0.67578125 0.63671875 0.0734375 0.0890625
3.0 0.3515625 0.88046875 0.171875 0.2390625
3.0 0.109375 0.73984375 0.1 0.1078125
3.0 0.0171875 0.45390625 0.034375 0.0703125
