3.0 0.475 0.51484375 0.378125 0.2859375
3.0 0.309375 0.58125 0.203125 0.23125
3.0 0.28828125 0.7296875 0.1109375 0.05625
3.0 0.24140625 0.215625 0.3828125 0.284375
3.0 0.1171875 0.02109375 0.1875 0.0390625
3.0 0.06328125 0.33359375 0.1015625 0.0671875
3.0 0.15625 0.40078125 0.1375 0.0671875
3.0 0.24765625 0.3484375 0.1015625 0.0375
3.0 0.16015625 0.46484375 0.0921875 0.0515625
3.0 0.0234375 0.5984375 0.040625 0.096875
3.0 0.1453125 0.63203125 0.0875 0.0546875
3.0 0.02890625 0.45078125 0.0578125 0.1203125
