3.0 0.02109375 0.31875 0.0265625 0.0375
3.0 0.178125 0.3203125 0.065625 0.040625
3.0 0.19609375 0.24140625 0.0359375 0.0453125
3.0 0.12421875 0.503125 0.0640625 0.090625
3.0 0.034375 0.56796875 0.028125 0.0359375
3.0 0.1734375 0.55625 0.025 0.071875
3.0 0.20625 0.628125 0.040625 0.028125
3.0 0.21015625 0.7546875 0.1078125 0.090625
3.0 0.27578125 0.7109375 0.0265625 0.0875
3.0 0.31640625 0.7515625 0.0421875 0.084375
3.0 0.32109375 0.68046875 0.0359375 0.0484375
3.0 0.35703125 0.728125 0.0609375 0.05
3.0 0.096875 0.8625 0.0375 0.1
3.0 0.4515625 0.80390625 0.015625 0.0296875
3.0 0.3375 0.3375 0.034375 0.090625
3.0 0.38125 0.35234375 0.05 0.0828125
3.0 0.36953125 0.40703125 0.0640625 0.0578125
3.0 0.35703125 0.45390625 0.0796875 0.0546875
