3.0 0.92265625 0.30234375 0.1421875 0.1390625
3.0 0.86328125 0.89375 0.0796875 0.128125
3.0 0.9765625 0.446875 0.040625 0.053125
3.0 0.73359375 0.9375 0.0953125 0.1
3.0 0.50234375 0.9546875 0.0328125 0.053125
3.0 0.171875 0.95859375 0.09375 0.0734375
3.0 0.11171875 0.9 0.0484375 0.075
3.0 0.153125 0.7921875 0.053125 0.0875
3.0 0.228125 0.834375 0.0625 0.053125
3.0 0.45625 0.78359375 0.053125 0.0828125
3.0 0.29921875 0.31328125 0.0328125 0.0515625
3.0 0.58046875 0.30703125 0.0296875 0.0359375
3.0 0.3515625 0.1265625 0.03125 0.084375
3.0 0.61953125 0.0328125 0.0515625 0.046875
3.0 0.29140625 0.2703125 0.0265625 0.021875
3.0 0.19375 0.7078125 0.040625 0.090625
3.0 0.1515625 0.53515625 0.021875 0.0515625
3.0 0.1375 0.5859375 0.021875 0.040625
3.0 0.221875 0.59375 0.065625 0.090625
3.0 0.55390625 0.80078125 0.0421875 0.0640625
