3.0 0.7546875 0.13125 0.075 0.05625
3.0 0.40546875 0.40859375 0.0578125 0.0609375
3.0 0.47421875 0.4296875 0.0390625 0.0625
3.0 0.575 0.58359375 0.071875 0.0734375
3.0 0.55859375 0.4859375 0.1140625 0.0375
3.0 0.63203125 0.56953125 0.0453125 0.0609375
3.0 0.675 0.49296875 0.034375 0.0203125
3.0 0.02109375 0.253125 0.0390625 0.05625
3.0 0.071875 0.265625 0.04375 0.046875
3.0 0.93125 0.24453125 0.10625 0.0546875
3.0 0.7328125 0.3203125 0.075 0.046875
3.0 0.71015625 0.265625 0.0265625 0.04375
3.0 0.8078125 0.40546875 0.034375 0.0671875
3.0 0.928125 0.5234375 0.14375 0.11875
3.0 0.8921875 0.62890625 0.13125 0.0546875
3.0 0.80546875 0.49921875 0.0828125 0.0515625
3.0 0.98984375 0.8109375 0.0203125 0.109375
3.0 0.97109375 0.759375 0.0578125 0.11875
3.0 0.79609375 0.66171875 0.1015625 0.0921875
3.0 0.5140625 0.76484375 0.18125 0.1171875
3.0 0.42265625 0.87109375 0.1140625 0.1328125
3.0 0.3375 0.90234375 0.078125 0.0828125
3.0 0.30859375 0.828125 0.1140625 0.053125
3.0 0.26640625 0.7421875 0.1359375 0.0625
3.0 0.20390625 0.6625 0.0609375 0.03125
3.0 0.1578125 0.73359375 0.040625 0.0484375
3.0 0.2390625 0.71171875 0.021875 0.0359375
3.0 0.1765625 0.6984375 0.034375 0.028125
3.0 0.12734375 0.67421875 0.0671875 0.0640625
3.0 0.0921875 0.675 0.040625 0.065625
3.0 0.3703125 0.99453125 0.046875 0.0109375
3.0 0.60546875 0.94140625 0.0546875 0.0734375
3.0 0.6890625 0.9734375 0.140625 0.03125
