3.0 0.07578125 0.69609375 0.1421875 0.1390625
3.0 0.13515625 0.1046875 0.0796875 0.128125
3.0 0.021875 0.5515625 0.040625 0.053125
3.0 0.26484375 0.0609375 0.0953125 0.1
3.0 0.49609375 0.04375 0.0328125 0.053125
3.0 0.82734375 0.03984375 0.0953125 0.0734375
3.0 0.88671875 0.09765625 0.0484375 0.0765625
3.0 0.84609375 0.20625 0.0515625 0.0875
3.0 0.7703125 0.1640625 0.0625 0.053125
3.0 0.5421875 0.21484375 0.053125 0.0828125
3.0 0.69921875 0.68515625 0.0328125 0.0515625
3.0 0.41796875 0.69140625 0.0296875 0.0359375
3.0 0.646875 0.871875 0.03125 0.084375
3.0 0.37890625 0.965625 0.0515625 0.046875
3.0 0.7078125 0.72734375 0.025 0.0203125
3.0 0.8046875 0.290625 0.040625 0.090625
3.0 0.846875 0.46328125 0.021875 0.0515625
3.0 0.8609375 0.4125 0.021875 0.040625
3.0 0.7765625 0.4046875 0.065625 0.090625
3.0 0.44453125 0.19765625 0.0421875 0.0640625
