3.0 0.6609375 0.70234375 0.115625 0.0796875
3.0 0.66484375 0.76875 0.1671875 0.0625
3.0 0.7765625 0.68359375 0.103125 0.0859375
3.0 0.83203125 0.5703125 0.1828125 0.125
3.0 0.89609375 0.53828125 0.0515625 0.0359375
3.0 0.6546875 0.5609375 0.140625 0.053125
3.0 0.50234375 0.5109375 0.0546875 0.0625
3.0 0.41796875 0.48046875 0.0328125 0.0515625
3.0 0.375 0.5359375 0.084375 0.06875
3.0 0.4140625 0.62421875 0.040625 0.0484375
3.0 0.246875 0.78203125 0.178125 0.0484375
3.0 0.4734375 0.9 0.215625 0.171875
3.0 0.1796875 0.4734375 0.359375 0.240625
3.0 0.84609375 0.18828125 0.0828125 0.0609375
3.0 0.85078125 0.196875 0.2453125 0.1125
3.0 0.928125 0.2890625 0.065625 0.028125
3.0 0.953125 0.3390625 0.05 0.0625
3.0 0.8796875 0.33359375 0.05 0.0578125
3.0 0.8296875 0.3 0.034375 0.0375
3.0 0.73359375 0.2875 0.0421875 0.06875
3.0 0.6703125 0.30625 0.071875 0.03125
3.0 0.81953125 0.42734375 0.0359375 0.0421875
3.0 0.90078125 0.4328125 0.0984375 0.0875
3.0 0.4921875 0.3875 0.06875 0.053125
3.0 0.040625 0.96015625 0.04375 0.0171875
3.0 0.10703125 0.16328125 0.1765625 0.3265625
3.0 0.0546875 0.35 0.109375 0.059375
3.0 0.5578125 0.26796875 0.0625 0.0421875
