3.0 0.49296875 0.74609375 0.0609375 0.0578125
3.0 0.53046875 0.7625 0.0390625 0.0375
3.0 0.52890625 0.71171875 0.0765625 0.0609375
3.0 0.44140625 0.7015625 0.0890625 0.04375
3.0 0.375 0.73359375 0.0625 0.0515625
3.0 0.33125 0.765625 0.0625 0.053125
3.0 0.27265625 0.7328125 0.0609375 0.04375
3.0 0.1859375 0.65546875 0.021875 0.0203125
3.0 0.17578125 0.77578125 0.0203125 0.0203125
3.0 0.146875 0.8140625 0.028125 0.01875
3.0 0.1265625 0.8375 0.021875 0.0375
3.0 0.14453125 0.85 0.0234375 0.01875
3.0 0.03359375 0.78515625 0.0421875 0.0171875
3.0 0.0078125 0.79765625 0.015625 0.0484375
3.0 0.0328125 0.7703125 0.034375 0.01875
3.0 0.0453125 0.5671875 0.078125 0.059375
3.0 0.03984375 0.59296875 0.0734375 0.0703125
3.0 0.13359375 0.56015625 0.1046875 0.0515625
3.0 0.10078125 0.50859375 0.1234375 0.0453125
3.0 0.0359375 0.45546875 0.071875 0.0703125
3.0 0.03515625 0.4875 0.0296875 0.025
3.0 0.44296875 0.65625 0.0640625 0.046875
3.0 0.38203125 0.65859375 0.0515625 0.0359375
3.0 0.38046875 0.68359375 0.0546875 0.0265625
3.0 0.33359375 0.68203125 0.0328125 0.0203125
3.0 0.27890625 0.63203125 0.0796875 0.0328125
3.0 0.35390625 0.59609375 0.0640625 0.0328125
3.0 0.346875 0.6296875 0.034375 0.021875
3.0 0.51171875 0.6375 0.0515625 0.021875
3.0 0.50390625 0.6078125 0.0546875 0.040625
3.0 0.56171875 0.61640625 0.0453125 0.0671875
3.0 0.39453125 0.60546875 0.0234375 0.0171875
3.0 0.47265625 0.559375 0.0546875 0.021875
3.0 0.50859375 0.57265625 0.0171875 0.0265625
3.0 0.6890625 0.6078125 0.053125 0.071875
3.0 0.7390625 0.6203125 0.040625 0.084375
3.0 0.7359375 0.54375 0.05 0.046875
3.0 0.69140625 0.5125 0.0578125 0.03125
3.0 0.70546875 0.47265625 0.0984375 0.0578125
3.0 0.53671875 0.5265625 0.0421875 0.05
3.0 0.58671875 0.52890625 0.0453125 0.0515625
3.0 0.48203125 0.50703125 0.0421875 0.0265625
3.0 0.45546875 0.534375 0.0265625 0.03125
3.0 0.3421875 0.5640625 0.078125 0.034375
3.0 0.28046875 0.515625 0.0515625 0.053125
3.0 0.35 0.49140625 0.046875 0.0234375
3.0 0.3046875 0.440625 0.028125 0.021875
3.0 0.25546875 0.4390625 0.0296875 0.05
3.0 0.23046875 0.48515625 0.0328125 0.0234375
3.0 0.52265625 0.43984375 0.0421875 0.0328125
3.0 0.5984375 0.428125 0.028125 0.04375
3.0 0.69375 0.42578125 0.03125 0.0296875
3.0 0.6984375 0.41328125 0.040625 0.0546875
3.0 0.653125 0.3765625 0.015625 0.028125
3.0 0.659375 0.296875 0.04375 0.028125
3.0 0.7171875 0.29765625 0.021875 0.0296875
3.0 0.60390625 0.34375 0.0265625 0.015625
3.0 0.54765625 0.2390625 0.0203125 0.05
3.0 0.58203125 0.2578125 0.0203125 0.025
3.0 0.5625 0.04453125 0.03125 0.0421875
3.0 0.39453125 0.1515625 0.0421875 0.01875
3.0 0.51328125 0.2546875 0.0421875 0.021875
3.0 0.41484375 0.4875 0.0421875 0.01875
3.0 0.1046875 0.18203125 0.121875 0.0671875
3.0 0.1734375 0.2 0.025 0.015625
3.0 0.03125 0.15234375 0.059375 0.0578125
3.0 0.02109375 0.2078125 0.0421875 0.0375
3.0 0.09609375 0.25 0.1015625 0.059375
3.0 0.01171875 0.2578125 0.0234375 0.034375
3.0 0.01015625 0.31953125 0.0203125 0.0296875
3.0 0.13046875 0.31796875 0.0390625 0.0359375
3.0 0.21015625 0.3375 0.0359375 0.015625
3.0 0.06171875 0.03203125 0.0265625 0.0234375
3.0 0.10859375 0.0453125 0.0203125 0.040625
3.0 0.1203125 0.0078125 0.034375 0.015625
3.0 0.596875 0.121875 0.015625 0.040625
3.0 0.58828125 0.1578125 0.0109375 0.0125
3.0 0.5328125 0.16328125 0.015625 0.0171875
3.0 0.8125 0.665625 0.040625 0.0375
3.0 0.60625 0.68203125 0.028125 0.0234375
3.0 0.60546875 0.665625 0.0328125 0.009375
3.0 0.75859375 0.74921875 0.0359375 0.0296875
3.0 0.77734375 0.725 0.0328125 0.015625
3.0 0.7234375 0.74140625 0.0375 0.0171875
3.0 0.36796875 0.81796875 0.0296875 0.0078125
3.0 0.35 0.83046875 0.03125 0.0109375
3.0 0.21328125 0.7921875 0.0140625 0.009375
3.0 0.21484375 0.5234375 0.0109375 0.00625
