3.0 0.24609375 0.22109375 0.0859375 0.0359375
3.0 0.12734375 0.21953125 0.0453125 0.0296875
3.0 0.05546875 0.18828125 0.0734375 0.0453125
3.0 0.0609375 0.24140625 0.065625 0.0421875
3.0 0.12265625 0.31796875 0.0328125 0.0234375
3.0 0.02734375 0.353125 0.0546875 0.040625
3.0 0.29609375 0.396875 0.1109375 0.1
3.0 0.04921875 0.0875 0.0734375 0.046875
3.0 0.025 0.0265625 0.040625 0.046875
3.0 0.1921875 0.0328125 0.04375 0.059375
3.0 0.24921875 0.0765625 0.1078125 0.040625
3.0 0.31640625 0.01640625 0.0390625 0.0265625
3.0 0.40703125 0.15703125 0.0609375 0.0484375
3.0 0.23203125 0.14375 0.1359375 0.05
2.0 0.31953125 0.13828125 0.0359375 0.0296875
3.0 0.659375 0.1765625 0.140625 0.15
3.0 0.0953125 0.0953125 0.015625 0.04375
3.0 0.43125 0.228125 0.08125 0.08125
3.0 0.42421875 0.3 0.0796875 0.05
3.0 0.53671875 0.30625 0.0546875 0.078125
3.0 0.4890625 0.31875 0.0375 0.03125
3.0 0.4703125 0.3421875 0.065625 0.059375
3.0 0.66796875 0.41015625 0.1109375 0.0609375
3.0 0.840625 0.40625 0.04375 0.034375
3.0 0.77265625 0.43203125 0.0390625 0.0171875
3.0 0.69296875 0.49296875 0.1390625 0.0859375
3.0 0.77578125 0.51796875 0.0546875 0.0703125
3.0 0.34296875 0.64375 0.0234375 0.03125
3.0 0.11953125 0.6375 0.0296875 0.04375
3.0 0.06640625 0.70625 0.0390625 0.0375
3.0 0.3265625 0.853125 0.01875 0.03125
3.0 0.46328125 0.85390625 0.0515625 0.0234375
3.0 0.59140625 0.92421875 0.0421875 0.0359375
3.0 0.75078125 0.8453125 0.0234375 0.04375
3.0 0.74921875 0.88359375 0.0546875 0.0515625
3.0 0.84375 0.85234375 0.028125 0.0359375
3.0 0.78515625 0.978125 0.0265625 0.028125
3.0 0.91015625 0.7296875 0.0359375 0.0625
3.0 0.86953125 0.7125 0.0265625 0.028125
3.0 0.81171875 0.68515625 0.0453125 0.0421875
3.0 0.95859375 0.67421875 0.0515625 0.0484375
3.0 0.9671875 0.7421875 0.053125 0.065625
3.0 0.79609375 0.6203125 0.0328125 0.028125
3.0 0.63515625 0.60703125 0.0453125 0.0359375
3.0 0.53515625 0.56640625 0.0734375 0.0234375
