3.0 0.66953125 0.10625 0.0984375 0.046875
3.0 0.80078125 0.13046875 0.0390625 0.0515625
3.0 0.85703125 0.140625 0.0578125 0.09375
3.0 0.78984375 0.26796875 0.0796875 0.0453125
3.0 0.71328125 0.2265625 0.0890625 0.06875
3.0 0.76171875 0.215625 0.0328125 0.01875
3.0 0.74609375 0.165625 0.0578125 0.028125
3.0 0.80390625 0.3328125 0.0421875 0.025
3.0 0.64765625 0.2796875 0.0984375 0.075
3.0 0.5953125 0.3046875 0.03125 0.065625
3.0 0.578125 0.353125 0.096875 0.053125
3.0 0.48671875 0.2515625 0.0421875 0.071875
3.0 0.5265625 0.23203125 0.03125 0.0265625
3.0 0.44140625 0.2921875 0.0859375 0.06875
3.0 0.39609375 0.340625 0.0453125 0.05
3.0 0.4703125 0.3921875 0.1125 0.121875
3.0 0.4015625 0.40390625 0.046875 0.0546875
3.0 0.45625 0.34296875 0.03125 0.0265625
3.0 0.54609375 0.4484375 0.1078125 0.1
3.0 0.4171875 0.48125 0.071875 0.078125
3.0 0.34921875 0.528125 0.0765625 0.075
3.0 0.390625 0.60859375 0.096875 0.0828125
3.0 0.48203125 0.696875 0.0578125 0.090625
3.0 0.46796875 0.60703125 0.0609375 0.0421875
3.0 0.46640625 0.55703125 0.0453125 0.0578125
3.0 0.56953125 0.58203125 0.0578125 0.0828125
3.0 0.6484375 0.534375 0.071875 0.075
3.0 0.696875 0.5234375 0.05625 0.09375
3.0 0.671875 0.63828125 0.071875 0.0703125
3.0 0.72578125 0.74296875 0.0296875 0.0296875
3.0 0.6953125 0.70234375 0.03125 0.0328125
3.0 0.64609375 0.7375 0.0609375 0.05625
3.0 0.565625 0.69140625 0.040625 0.0765625
3.0 0.5703125 0.88984375 0.0625 0.1296875
3.0 0.65390625 0.91796875 0.0515625 0.0953125
3.0 0.4953125 0.965625 0.121875 0.06875
3.0 0.51171875 0.90859375 0.0453125 0.0796875
3.0 0.30078125 0.734375 0.0265625 0.034375
3.0 0.4546875 0.77421875 0.0375 0.0234375
3.0 0.3828125 0.73828125 0.0375 0.0328125
3.0 0.3984375 0.66796875 0.015625 0.0390625
3.0 0.25625 0.90390625 0.040625 0.0671875
3.0 0.2015625 0.97109375 0.084375 0.0546875
3.0 0.2140625 0.928125 0.03125 0.034375
3.0 0.19375 0.7109375 0.025 0.053125
3.0 0.23671875 0.7484375 0.0328125 0.053125
3.0 0.19921875 0.78046875 0.0546875 0.0359375
3.0 0.025 0.6859375 0.028125 0.025
3.0 0.2859375 0.615625 0.01875 0.025
3.0 0.740625 0.7984375 0.075 0.040625
3.0 0.6609375 0.81796875 0.028125 0.0484375
3.0 0.7765625 0.73125 0.053125 0.040625
3.0 0.9203125 0.59453125 0.0375 0.0640625
3.0 0.99375 0.55625 0.009375 0.034375
