3.0 0.1515625 0.03359375 0.065625 0.0671875
3.0 0.3890625 0.17578125 0.153125 0.2609375
3.0 0.73984375 0.30703125 0.2296875 0.4359375
3.0 0.91171875 0.25390625 0.0484375 0.0640625
3.0 0.415625 0.65625 0.221875 0.3125
2.0 0.63203125 0.57109375 0.1015625 0.1765625
3.0 0.69453125 0.5328125 0.0546875 0.06875
3.0 0.55703125 0.465625 0.0703125 0.140625
3.0 0.31640625 0.4515625 0.1703125 0.228125
3.0 0.1171875 0.609375 0.221875 0.303125
3.0 0.11640625 0.84296875 0.1953125 0.1421875
3.0 0.9578125 0.15703125 0.05625 0.0953125
