3.0 0.4109375 0.15 0.20625 0.29375
3.0 0.24296875 0.128125 0.1234375 0.246875
3.0 0.13515625 0.05546875 0.0484375 0.0828125
3.0 0.09140625 0.1703125 0.1828125 0.284375
3.0 0.1078125 0.44765625 0.215625 0.2796875
2.0 0.22265625 0.66328125 0.1171875 0.2234375
3.0 0.15 0.60703125 0.046875 0.0765625
3.0 0.50546875 0.746875 0.3046875 0.415625
3.0 0.6484375 0.5171875 0.234375 0.221875
3.0 0.6765625 0.42421875 0.1625 0.0953125
3.0 0.62734375 0.33359375 0.1296875 0.0578125
3.0 0.82890625 0.20859375 0.0671875 0.0890625
3.0 0.87890625 0.671875 0.2390625 0.44375
3.0 0.30859375 0.50390625 0.0765625 0.1421875
