3.0 0.70625 0.95859375 0.084375 0.0390625
3.0 0.0203125 0.1953125 0.025 0.040625
3.0 0.12578125 0.73671875 0.0484375 0.0359375
3.0 0.125 0.68515625 0.05 0.0453125
3.0 0.0359375 0.7890625 0.021875 0.04375
3.0 0.06328125 0.76953125 0.0234375 0.0328125
3.0 0.16796875 0.925 0.0515625 0.021875
3.0 0.55859375 0.58359375 0.0171875 0.0453125
3.0 0.6390625 0.56171875 0.05625 0.0265625
3.0 0.625 0.465625 0.028125 0.040625
3.0 0.68359375 0.46484375 0.0171875 0.0140625
3.0 0.046875 0.1390625 0.021875 0.0125
3.0 0.06875 0.140625 0.0125 0.053125
