3.0 0.98203125 0.39140625 0.0359375 0.0453125
3.0 0.8859375 0.29609375 0.115625 0.0671875
3.0 0.228125 0.41328125 0.0875 0.0734375
3.0 0.63125 0.4859375 0.0625 0.06875
3.0 0.7359375 0.496875 0.09375 0.06875
3.0 0.6796875 0.5875 0.16875 0.096875
3.0 0.8796875 0.6484375 0.240625 0.2125
3.0 0.8921875 0.82890625 0.046875 0.0390625
3.0 0.60859375 0.8296875 0.1796875 0.146875
3.0 0.59609375 0.72421875 0.0703125 0.0484375
3.0 0.32265625 0.7953125 0.0859375 0.08125
3.0 0.3765625 0.88828125 0.0375 0.0546875
3.0 0.415625 0.96171875 0.078125 0.0765625
3.0 0.5109375 0.94296875 0.10625 0.1140625
3.0 0.15234375 0.7296875 0.0421875 0.0375
3.0 0.20546875 0.7328125 0.0546875 0.053125
3.0 0.165625 0.7765625 0.05 0.040625
3.0 0.00546875 0.79453125 0.0109375 0.0578125
3.0 0.04921875 0.7765625 0.0328125 0.040625
3.0 0.0390625 0.8640625 0.046875 0.071875
3.0 0.6375 0.98671875 0.065625 0.0265625
