3.0 0.57734375 0.9390625 0.0359375 0.05
3.0 0.6453125 0.9546875 0.028125 0.05
3.0 0.559375 0.83828125 0.025 0.0453125
3.0 0.60859375 0.86796875 0.0390625 0.0421875
3.0 0.57890625 0.76484375 0.0140625 0.0234375
3.0 0.4546875 0.73046875 0.0375 0.0265625
3.0 0.5453125 0.72109375 0.053125 0.0203125
3.0 0.59609375 0.73515625 0.0171875 0.0171875
3.0 0.503125 0.57578125 0.046875 0.0171875
3.0 0.46953125 0.5890625 0.0234375 0.028125
3.0 0.9359375 0.6421875 0.0375 0.046875
3.0 0.73125 0.603125 0.04375 0.034375
3.0 0.815625 0.6296875 0.078125 0.028125
3.0 0.66015625 0.53984375 0.0453125 0.0234375
3.0 0.5984375 0.48203125 0.03125 0.0390625
3.0 0.53046875 0.5125 0.0828125 0.059375
3.0 0.9078125 0.52109375 0.059375 0.0328125
3.0 0.91953125 0.45 0.0515625 0.065625
3.0 0.865625 0.465625 0.03125 0.03125
3.0 0.79765625 0.45390625 0.0453125 0.0421875
3.0 0.87109375 0.3765625 0.0859375 0.04375
3.0 0.9921875 0.38359375 0.0125 0.0234375
3.0 0.934375 0.30078125 0.046875 0.0234375
3.0 0.8046875 0.30390625 0.1 0.0453125
3.0 0.68203125 0.328125 0.0796875 0.05
3.0 0.62109375 0.37734375 0.0265625 0.0328125
3.0 0.6375 0.4265625 0.0375 0.03125
3.0 0.69921875 0.39375 0.0296875 0.015625
3.0 0.4171875 0.3171875 0.15 0.1875
3.0 0.25 0.384375 0.034375 0.046875
3.0 0.2140625 0.45 0.0375 0.01875
3.0 0.4578125 0.47734375 0.021875 0.0296875
3.0 0.5390625 0.48125 0.028125 0.025
3.0 0.4171875 0.50703125 0.034375 0.0296875
3.0 0.140625 0.325 0.059375 0.034375
3.0 0.7671875 0.2140625 0.09375 0.1
3.0 0.59140625 0.33671875 0.0640625 0.0328125
3.0 0.6046875 0.2390625 0.1625 0.059375
3.0 0.509375 0.2078125 0.078125 0.05625
3.0 0.71875 0.12421875 0.203125 0.1234375
3.0 0.55625 0.14453125 0.078125 0.0546875
3.0 0.48125 0.15546875 0.028125 0.0453125
3.0 0.2703125 0.18125 0.034375 0.046875
3.0 0.1734375 0.24453125 0.08125 0.0359375
3.0 0.0578125 0.0890625 0.078125 0.04375
3.0 0.11171875 0.01953125 0.0421875 0.0390625
3.0 0.26953125 0.040625 0.0453125 0.05
3.0 0.3046875 0.09140625 0.134375 0.0765625
3.0 0.4 0.14296875 0.040625 0.0546875
3.0 0.08984375 0.21484375 0.0234375 0.0265625
