3.0 0.54375 0.846875 0.2125 0.3
3.0 0.728125 0.875 0.14375 0.234375
3.0 0.8515625 0.94453125 0.05625 0.0796875
3.0 0.91640625 0.82109375 0.1671875 0.3046875
3.0 0.88671875 0.53046875 0.2265625 0.2828125
2.0 0.775 0.325 0.10625 0.215625
3.0 0.84609375 0.36875 0.0484375 0.071875
3.0 0.6828125 0.48515625 0.078125 0.1734375
3.0 0.484375 0.22421875 0.309375 0.3640625
3.0 0.33046875 0.44609375 0.2578125 0.2140625
3.0 0.2828125 0.553125 0.153125 0.084375
3.0 0.11328125 0.28671875 0.2265625 0.4609375
3.0 0.140625 0.771875 0.05 0.075
3.0 0.38203125 0.8140625 0.1171875 0.078125
