3.0 0.69765625 0.39765625 0.0234375 0.0421875
3.0 0.12265625 0.09140625 0.0171875 0.0296875
3.0 0.02109375 0.86796875 0.0421875 0.0296875
3.0 0.11484375 0.921875 0.0421875 0.04375
3.0 0.11875 0.96953125 0.05 0.0453125
3.0 0.56875 0.73515625 0.0125 0.0296875
3.0 0.2421875 0.91796875 0.015625 0.0328125
3.0 0.46015625 0.83515625 0.0109375 0.0203125
3.0 0.50078125 0.88125 0.0328125 0.03125
3.0 0.94609375 0.41015625 0.0234375 0.0234375
3.0 0.81015625 0.63359375 0.0234375 0.0203125
3.0 0.35234375 0.78046875 0.0171875 0.0171875
3.0 0.62109375 0.903125 0.0203125 0.034375
3.0 0.375 0.93515625 0.0375 0.0296875
3.0 0.39609375 0.96640625 0.0109375 0.0296875
3.0 0.5046875 0.090625 0.025 0.046875
