3.0 0.2921875 0.03984375 0.084375 0.0390625
3.0 0.978125 0.80390625 0.025 0.0421875
3.0 0.87265625 0.26171875 0.0484375 0.0359375
3.0 0.8734375 0.31328125 0.05 0.0453125
3.0 0.9625 0.209375 0.021875 0.04375
3.0 0.9359375 0.22890625 0.021875 0.0328125
3.0 0.83125 0.0734375 0.05 0.021875
3.0 0.43984375 0.41484375 0.0171875 0.0453125
3.0 0.359375 0.43671875 0.05625 0.0265625
3.0 0.3734375 0.5328125 0.028125 0.040625
3.0 0.31484375 0.53359375 0.0171875 0.0140625
3.0 0.9515625 0.859375 0.021875 0.0125
3.0 0.9296875 0.8578125 0.0125 0.053125
