3.0 0.56484375 0.7 0.0234375 0.034375
3.0 0.9125 0.70234375 0.171875 0.1171875
3.0 0.9328125 0.59453125 0.05 0.0484375
3.0 0.8484375 0.14453125 0.084375 0.1671875
3.0 0.72109375 0.08125 0.1171875 0.159375
3.0 0.48828125 0.0765625 0.0484375 0.059375
3.0 0.3703125 0.06171875 0.0625 0.1046875
3.0 0.2171875 0.18671875 0.065625 0.0390625
3.0 0.13203125 0.446875 0.0328125 0.0875
3.0 0.15078125 0.0796875 0.1046875 0.075
3.0 0.140625 0.21796875 0.040625 0.0765625
3.0 0.034375 0.14296875 0.06875 0.1640625
3.0 0.22265625 0.7375 0.0265625 0.06875
3.0 0.284375 0.696875 0.040625 0.05625
3.0 0.33984375 0.88046875 0.0328125 0.0921875
3.0 0.44765625 0.22578125 0.0515625 0.0671875
3.0 0.5328125 0.2078125 0.05625 0.0625
3.0 0.21328125 0.41484375 0.0515625 0.0640625
3.0 0.1734375 0.3140625 0.028125 0.090625
