3.0 0.134375 0.840625 0.10625 0.05625
3.0 0.1046875 0.78671875 0.06875 0.0328125
3.0 0.0421875 0.82734375 0.03125 0.0515625
3.0 0.0265625 0.68125 0.040625 0.040625
3.0 0.1203125 0.64296875 0.0625 0.0703125
3.0 0.18125 0.56328125 0.10625 0.0703125
3.0 0.23671875 0.3859375 0.2640625 0.13125
3.0 0.290625 0.2375 0.06875 0.03125
3.0 0.01875 0.303125 0.028125 0.03125
3.0 0.06015625 0.24296875 0.0421875 0.0421875
3.0 0.14140625 0.18828125 0.0953125 0.0546875
3.0 0.35390625 0.66796875 0.0796875 0.1203125
3.0 0.41953125 0.70078125 0.0265625 0.0578125
3.0 0.31953125 0.7578125 0.0390625 0.046875
3.0 0.3 0.91328125 0.046875 0.0515625
3.0 0.20625 0.8890625 0.040625 0.04375
3.0 0.54296875 0.71171875 0.0671875 0.0796875
3.0 0.54140625 0.64453125 0.0609375 0.0359375
3.0 0.49765625 0.59921875 0.1359375 0.0546875
3.0 0.37421875 0.52421875 0.0578125 0.0609375
3.0 0.43671875 0.51875 0.0515625 0.078125
3.0 0.53125 0.51328125 0.13125 0.0671875
3.0 0.496875 0.40546875 0.13125 0.0703125
3.0 0.47421875 0.34375 0.0265625 0.0375
3.0 0.55859375 0.2921875 0.1140625 0.13125
3.0 0.603125 0.265625 0.034375 0.046875
3.0 0.59296875 0.15703125 0.1390625 0.1453125
3.0 0.68671875 0.3015625 0.0609375 0.065625
3.0 0.68671875 0.1625 0.0546875 0.15
3.0 0.66484375 0.2765625 0.0453125 0.053125
3.0 0.6828125 0.5109375 0.078125 0.115625
3.0 0.6875 0.42578125 0.046875 0.0296875
3.0 0.69921875 0.7546875 0.0703125 0.05
3.0 0.85703125 0.8296875 0.0421875 0.034375
3.0 0.903125 0.8625 0.05625 0.09375
3.0 0.9546875 0.83203125 0.034375 0.1046875
3.0 0.85859375 0.60625 0.0234375 0.065625
3.0 0.9328125 0.575 0.040625 0.053125
3.0 0.76640625 0.45625 0.0609375 0.059375
3.0 0.78828125 0.38515625 0.1359375 0.0671875
3.0 0.7765625 0.31796875 0.140625 0.0609375
3.0 0.90078125 0.35859375 0.0359375 0.0265625
3.0 0.89609375 0.30234375 0.0515625 0.0515625
3.0 0.875 0.2546875 0.1 0.046875
3.0 0.965625 0.30078125 0.065625 0.0921875
3.0 0.978125 0.21640625 0.034375 0.0546875
3.0 0.81796875 0.196875 0.0765625 0.040625
3.0 0.7796875 0.10625 0.059375 0.0375
3.0 0.6828125 0.6015625 0.0375 0.03125
