3.0 0.5875 0.15 0.20625 0.29375
3.0 0.75546875 0.128125 0.1234375 0.246875
3.0 0.86328125 0.05546875 0.0484375 0.0828125
3.0 0.9078125 0.1703125 0.184375 0.284375
3.0 0.89140625 0.44765625 0.2171875 0.2796875
2.0 0.77578125 0.66328125 0.1171875 0.2234375
3.0 0.8484375 0.60703125 0.046875 0.0765625
3.0 0.49296875 0.746875 0.3046875 0.415625
3.0 0.35078125 0.5171875 0.2359375 0.221875
3.0 0.32265625 0.42421875 0.1609375 0.0953125
3.0 0.37109375 0.33359375 0.1296875 0.0578125
3.0 0.16953125 0.20859375 0.0671875 0.0890625
3.0 0.11953125 0.671875 0.2390625 0.44375
3.0 0.68984375 0.50390625 0.0765625 0.1421875
