3.0 0.21015625 0.228125 0.0484375 0.03125
3.0 0.9453125 0.19375 0.0875 0.059375
3.0 0.97421875 0.29375 0.0421875 0.0375
3.0 0.871875 0.3359375 0.03125 0.028125
3.0 0.784375 0.278125 0.040625 0.03125
3.0 0.834375 0.2546875 0.01875 0.021875
3.0 0.77578125 0.309375 0.0234375 0.028125
3.0 0.6203125 0.40546875 0.03125 0.0515625
3.0 0.71171875 0.41015625 0.0296875 0.0296875
3.0 0.64453125 0.45234375 0.0390625 0.0265625
3.0 0.6859375 0.48125 0.034375 0.021875
3.0 0.96015625 0.4125 0.0265625 0.046875
3.0 0.95234375 0.4921875 0.0859375 0.046875
3.0 0.8234375 0.55078125 0.071875 0.0796875
3.0 0.9328125 0.5796875 0.109375 0.053125
3.0 0.92578125 0.66796875 0.1453125 0.1046875
3.0 0.79296875 0.6375 0.0328125 0.04375
2.0 0.56875 0.4296875 0.059375 0.03125
2.0 0.5546875 0.4984375 0.0625 0.0375
3.0 0.50546875 0.528125 0.1046875 0.046875
3.0 0.40625 0.6234375 0.071875 0.065625
3.0 0.478125 0.75 0.03125 0.0625
3.0 0.61484375 0.65546875 0.1046875 0.0890625
3.0 0.33359375 0.909375 0.0953125 0.059375
3.0 0.23046875 0.90625 0.0703125 0.065625
3.0 0.2921875 0.959375 0.021875 0.03125
3.0 0.33203125 0.9734375 0.0359375 0.021875
3.0 0.4203125 0.95546875 0.05 0.0796875
3.0 0.55390625 0.9328125 0.0453125 0.05
3.0 0.571875 0.83984375 0.05625 0.0484375
3.0 0.61796875 0.7734375 0.0421875 0.046875
3.0 0.69453125 0.80859375 0.1015625 0.0234375
3.0 0.73203125 0.8796875 0.0828125 0.040625
3.0 0.6546875 0.86796875 0.025 0.0296875
3.0 0.5109375 0.83359375 0.04375 0.0546875
3.0 0.42421875 0.81328125 0.0453125 0.0578125
3.0 0.3890625 0.828125 0.0375 0.0375
3.0 0.3234375 0.80078125 0.05625 0.0203125
3.0 0.096875 0.75546875 0.025 0.0171875
3.0 0.0890625 0.77578125 0.01875 0.0265625
3.0 0.1125 0.78515625 0.01875 0.0359375
3.0 0.1296875 0.75859375 0.0125 0.0203125
3.0 0.125 0.71015625 0.03125 0.0328125
3.0 0.1640625 0.6234375 0.0375 0.03125
3.0 0.2078125 0.67890625 0.021875 0.0296875
3.0 0.2796875 0.571875 0.03125 0.0375
3.0 0.32421875 0.575 0.0328125 0.05
3.0 0.2890625 0.6125 0.025 0.03125
3.0 0.184375 0.3875 0.03125 0.021875
3.0 0.21875 0.43984375 0.046875 0.0578125
3.0 0.27109375 0.48515625 0.0359375 0.0203125
3.0 0.17734375 0.78671875 0.0265625 0.0234375
3.0 0.2734375 0.8375 0.046875 0.025
