3.0 0.4828125 0.01328125 0.090625 0.0265625
3.0 0.7078125 0.0390625 0.059375 0.03125
3.0 0.7484375 0.09140625 0.040625 0.0359375
3.0 0.83671875 0.0578125 0.0921875 0.059375
3.0 0.934375 0.03046875 0.05 0.0328125
3.0 0.95078125 0.075 0.0578125 0.046875
3.0 0.9359375 0.16171875 0.10625 0.1203125
3.0 0.77421875 0.12890625 0.0640625 0.0359375
3.0 0.3546875 0.19453125 0.0625 0.0421875
3.0 0.50234375 0.28203125 0.0671875 0.0609375
3.0 0.5828125 0.20703125 0.06875 0.0453125
3.0 0.44609375 0.3078125 0.0359375 0.0625
3.0 0.28125 0.125 0.04375 0.09375
3.0 0.24140625 0.15859375 0.0296875 0.0234375
3.0 0.2078125 0.0890625 0.075 0.028125
3.0 0.13515625 0.0921875 0.0515625 0.05
3.0 0.21015625 0.1484375 0.0296875 0.053125
3.0 0.92109375 0.25234375 0.0171875 0.0203125
3.0 0.79453125 0.25703125 0.0296875 0.0171875
3.0 0.15 0.25390625 0.034375 0.0140625
3.0 0.121875 0.30703125 0.03125 0.0328125
3.0 0.2421875 0.48046875 0.0625 0.0390625
3.0 0.1953125 0.51796875 0.0625 0.0390625
3.0 0.259375 0.590625 0.090625 0.05625
3.0 0.265625 0.53515625 0.04375 0.0328125
3.0 0.35 0.475 0.0375 0.05
3.0 0.3 0.50625 0.03125 0.028125
3.0 0.4484375 0.52578125 0.04375 0.0328125
3.0 0.453125 0.59921875 0.040625 0.0359375
3.0 0.50859375 0.6203125 0.0359375 0.0375
3.0 0.5859375 0.6328125 0.0625 0.0375
3.0 0.22890625 0.6703125 0.1078125 0.084375
3.0 0.3296875 0.65390625 0.05625 0.0328125
3.0 0.44921875 0.653125 0.0703125 0.025
3.0 0.38359375 0.603125 0.0421875 0.059375
3.0 0.5328125 0.66484375 0.05 0.0328125
3.0 0.48046875 0.7421875 0.1109375 0.103125
3.0 0.61953125 0.67265625 0.0453125 0.0296875
3.0 0.5734375 0.6953125 0.034375 0.03125
3.0 0.59609375 0.7390625 0.0421875 0.034375
3.0 0.65625 0.7390625 0.05 0.040625
3.0 0.678125 0.6953125 0.06875 0.021875
3.0 0.69140625 0.67109375 0.0765625 0.0296875
3.0 0.86015625 0.60625 0.0546875 0.025
3.0 0.91796875 0.665625 0.0671875 0.065625
3.0 0.978125 0.7265625 0.04375 0.040625
3.0 0.84296875 0.796875 0.0390625 0.025
3.0 0.7828125 0.7890625 0.05 0.03125
3.0 0.5640625 0.8078125 0.053125 0.04375
3.0 0.62734375 0.83046875 0.0515625 0.0546875
3.0 0.51796875 0.85078125 0.0421875 0.0265625
3.0 0.41484375 0.809375 0.0796875 0.04375
3.0 0.46796875 0.86484375 0.0234375 0.0234375
3.0 0.65703125 0.77734375 0.0671875 0.0359375
3.0 0.48359375 0.74296875 0.0296875 0.0359375
3.0 0.93515625 0.42109375 0.0328125 0.0234375
3.0 0.81953125 0.57109375 0.0671875 0.0390625
3.0 0.49453125 0.4171875 0.0484375 0.03125
