3.0 0.8140625 0.45703125 0.365625 0.1984375
3.0 0.7640625 0.81328125 0.15625 0.1203125
3.0 0.8546875 0.92421875 0.06875 0.1046875
3.0 0.9296875 0.80703125 0.078125 0.1046875
3.0 0.478125 0.3703125 0.053125 0.11875
3.0 0.40234375 0.409375 0.1140625 0.21875
3.0 0.096875 0.1171875 0.19375 0.21875
3.0 0.36328125 0.240625 0.0859375 0.096875
3.0 0.26953125 0.21328125 0.0953125 0.1296875
3.0 0.25 0.0484375 0.109375 0.090625
3.0 0.33984375 0.015625 0.0640625 0.025
3.0 0.26015625 0.6828125 0.0765625 0.06875
3.0 0.4046875 0.56171875 0.05 0.0515625
3.0 0.6078125 0.89375 0.046875 0.06875
