3.0 0.18828125 0.8515625 0.2765625 0.290625
3.0 0.29921875 0.76171875 0.0453125 0.0515625
3.0 0.42734375 0.93203125 0.1640625 0.1328125
3.0 0.93125 0.9625 0.128125 0.06875
3.0 0.9078125 0.7890625 0.0875 0.0875
3.0 0.7484375 0.9796875 0.05 0.034375
3.0 0.7921875 0.6609375 0.134375 0.09375
3.0 0.74921875 0.50234375 0.1703125 0.1765625
3.0 0.25078125 0.56328125 0.2421875 0.3171875
3.0 0.3703125 0.46328125 0.1 0.1421875
3.0 0.54921875 0.67734375 0.1078125 0.1390625
3.0 0.4390625 0.69609375 0.10625 0.2078125
3.0 0.5515625 0.55859375 0.1125 0.1171875
3.0 0.6046875 0.37265625 0.175 0.2703125
3.0 0.45625 0.3734375 0.05 0.05625
3.0 0.23671875 0.315625 0.0984375 0.190625
3.0 0.57734375 0.16328125 0.0890625 0.0859375
3.0 0.45546875 0.16328125 0.1578125 0.2046875
3.0 0.60703125 0.059375 0.1578125 0.11875
3.0 0.7265625 0.0765625 0.096875 0.15
3.0 0.94140625 0.2234375 0.0953125 0.24375
