3.0 0.475 0.48359375 0.378125 0.2859375
3.0 0.309375 0.4171875 0.203125 0.23125
3.0 0.28828125 0.26875 0.1109375 0.05625
3.0 0.24140625 0.7828125 0.3828125 0.284375
3.0 0.1171875 0.97734375 0.1875 0.0390625
3.0 0.06328125 0.66484375 0.1015625 0.0671875
3.0 0.15625 0.59765625 0.1375 0.0671875
3.0 0.24765625 0.65 0.1015625 0.0375
3.0 0.16015625 0.53359375 0.0921875 0.0515625
3.0 0.0234375 0.4 0.040625 0.096875
3.0 0.1453125 0.36640625 0.0875 0.0546875
3.0 0.02890625 0.54765625 0.0578125 0.1203125
