3.0 0.946875 0.48125 0.090625 0.071875
3.0 0.99609375 0.55 0.0078125 0.04375
3.0 0.9203125 0.61328125 0.04375 0.0328125
3.0 0.940625 0.69140625 0.078125 0.0578125
3.0 0.73125 0.55859375 0.171875 0.1265625
3.0 0.91796875 0.34609375 0.0890625 0.0671875
3.0 0.98515625 0.4421875 0.0296875 0.109375
2.0 0.98203125 0.38671875 0.0359375 0.0390625
3.0 0.74453125 0.20703125 0.2453125 0.1765625
3.0 0.82734375 0.37421875 0.1359375 0.0984375
3.0 0.75546875 0.421875 0.1015625 0.078125
3.0 0.68046875 0.36015625 0.1140625 0.0796875
3.0 0.696875 0.3953125 0.05625 0.040625
3.0 0.6828125 0.4203125 0.103125 0.075
3.0 0.490625 0.34375 0.13125 0.103125
3.0 0.39140625 0.2390625 0.0640625 0.046875
3.0 0.403125 0.29609375 0.040625 0.0328125
3.0 0.38828125 0.3796875 0.1765625 0.134375
3.0 0.31171875 0.3453125 0.1078125 0.075
3.0 0.440625 0.68046875 0.046875 0.0328125
3.0 0.58203125 0.809375 0.0640625 0.04375
3.0 0.54296875 0.8828125 0.0640625 0.046875
3.0 0.22890625 0.8171875 0.0453125 0.03125
3.0 0.1453125 0.73515625 0.05625 0.0453125
3.0 0.0125 0.70234375 0.025 0.0484375
3.0 0.00546875 0.559375 0.0109375 0.040625
3.0 0.02421875 0.39453125 0.0484375 0.0578125
3.0 0.0484375 0.4078125 0.046875 0.034375
3.0 0.1125 0.425 0.071875 0.053125
3.0 0.0375 0.33125 0.075 0.059375
3.0 0.18984375 0.39609375 0.0515625 0.0359375
3.0 0.30234375 0.48359375 0.0640625 0.0484375
3.0 0.40625 0.51875 0.06875 0.05625
