3.0 0.38125 0.02578125 0.053125 0.0390625
3.0 0.509375 0.03984375 0.075 0.0265625
3.0 0.5828125 0.0203125 0.025 0.025
3.0 0.45 0.246875 0.06875 0.021875
3.0 0.40234375 0.228125 0.0328125 0.040625
3.0 0.77578125 0.2078125 0.0609375 0.05
3.0 0.896875 0.1703125 0.1125 0.040625
3.0 0.67421875 0.2984375 0.0640625 0.034375
3.0 0.5859375 0.38046875 0.04375 0.0578125
3.0 0.4890625 0.33828125 0.115625 0.0859375
3.0 0.99375 0.325 0.0125 0.046875
3.0 0.96796875 0.4046875 0.0453125 0.04375
3.0 0.8703125 0.42109375 0.0625 0.0609375
3.0 0.95703125 0.53125 0.0859375 0.0625
3.0 0.88125 0.63515625 0.14375 0.0640625
3.0 0.70625 0.60078125 0.115625 0.0703125
3.0 0.61875 0.53046875 0.0375 0.0453125
3.0 0.64140625 0.46015625 0.0546875 0.0453125
3.0 0.73046875 0.5078125 0.0421875 0.021875
3.0 0.32734375 0.6171875 0.2140625 0.26875
3.0 0.08828125 0.5203125 0.0515625 0.065625
3.0 0.0375 0.42578125 0.053125 0.0265625
3.0 0.3859375 0.38828125 0.03125 0.0421875
3.0 0.50078125 0.38203125 0.0390625 0.0359375
3.0 0.3265625 0.34609375 0.05 0.0421875
3.0 0.82734375 0.7640625 0.1328125 0.140625
3.0 0.575 0.5890625 0.090625 0.046875
3.0 0.59453125 0.72734375 0.2328125 0.0859375
3.0 0.459375 0.77265625 0.1125 0.0796875
3.0 0.75859375 0.89140625 0.2890625 0.1765625
3.0 0.525 0.8640625 0.1125 0.078125
3.0 0.41796875 0.84765625 0.0390625 0.0640625
3.0 0.11796875 0.81171875 0.0484375 0.0671875
3.0 0.01875 0.71953125 0.0375 0.0515625
3.0 0.115625 0.9875 0.065625 0.025
3.0 0.1671875 0.93984375 0.190625 0.1109375
3.0 0.30234375 0.865625 0.0578125 0.078125
