3.0 0.16640625 0.41171875 0.1046875 0.0484375
3.0 0.0484375 0.34375 0.090625 0.046875
3.0 0.115625 0.56171875 0.225 0.1546875
3.0 0.3640625 0.61796875 0.146875 0.0828125
3.0 0.47578125 0.6453125 0.0359375 0.028125
3.0 0.36640625 0.53984375 0.0421875 0.0578125
3.0 0.45703125 0.50703125 0.0953125 0.1453125
3.0 0.5046875 0.49375 0.046875 0.059375
3.0 0.51640625 0.3671875 0.1484375 0.14375
3.0 0.675 0.390625 0.175 0.128125
3.0 0.509375 0.7703125 0.125 0.13125
3.0 0.4109375 0.69765625 0.04375 0.0328125
3.0 0.36171875 0.73515625 0.1515625 0.0671875
3.0 0.26328125 0.81328125 0.0703125 0.0390625
3.0 0.25546875 0.89921875 0.0796875 0.0828125
3.0 0.2265625 0.98359375 0.06875 0.0296875
3.0 0.05 0.91875 0.1 0.153125
3.0 0.19375 0.73828125 0.140625 0.0765625
3.0 0.015625 0.7296875 0.025 0.053125
3.0 0.46875 0.89921875 0.0375 0.0390625
3.0 0.68828125 0.90625 0.0484375 0.090625
3.0 0.6296875 0.709375 0.059375 0.065625
3.0 0.64296875 0.64140625 0.0984375 0.0828125
3.0 0.72109375 0.63125 0.0578125 0.034375
3.0 0.68046875 0.5578125 0.1609375 0.071875
3.0 0.5765625 0.546875 0.05 0.05625
3.0 0.5703125 0.496875 0.046875 0.04375
3.0 0.7953125 0.50546875 0.115625 0.1515625
3.0 0.87578125 0.57890625 0.0921875 0.1046875
3.0 0.9125 0.490625 0.03125 0.046875
3.0 0.9625 0.17890625 0.075 0.0359375
3.0 0.9546875 0.075 0.090625 0.05
