3.0 0.190625 0.76953125 0.1 0.0796875
3.0 0.25859375 0.76015625 0.0328125 0.0359375
3.0 0.41875 0.75 0.0625 0.01875
3.0 0.640625 0.74609375 0.05625 0.0421875
3.0 0.67890625 0.7796875 0.0640625 0.01875
3.0 0.578125 0.7890625 0.06875 0.071875
3.0 0.39765625 0.9 0.0859375 0.034375
3.0 0.540625 0.8953125 0.046875 0.03125
3.0 0.8140625 0.86171875 0.046875 0.0203125
3.0 0.8703125 0.73125 0.040625 0.053125
3.0 0.19765625 0.56484375 0.0765625 0.0453125
3.0 0.1609375 0.6046875 0.059375 0.0375
3.0 0.20703125 0.64609375 0.0234375 0.0296875
3.0 0.25703125 0.6234375 0.0296875 0.0125
3.0 0.26015625 0.59140625 0.0265625 0.0234375
3.0 0.34765625 0.5109375 0.0359375 0.028125
3.0 0.40078125 0.5390625 0.0234375 0.040625
3.0 0.44453125 0.528125 0.0328125 0.01875
3.0 0.3796875 0.64296875 0.021875 0.0171875
3.0 0.51953125 0.55625 0.0515625 0.03125
3.0 0.5203125 0.490625 0.05 0.040625
3.0 0.5 0.50703125 0.01875 0.0203125
3.0 0.60390625 0.446875 0.0734375 0.021875
3.0 0.30546875 0.28515625 0.0453125 0.0328125
3.0 0.46640625 0.38046875 0.0328125 0.0484375
3.0 0.47109375 0.265625 0.0515625 0.04375
3.0 0.91328125 0.23125 0.1015625 0.103125
3.0 0.96796875 0.03671875 0.0515625 0.0328125
3.0 0.1515625 0.184375 0.053125 0.021875
3.0 0.09296875 0.34375 0.0390625 0.021875
3.0 0.38828125 0.38203125 0.0265625 0.0421875
3.0 0.503125 0.93984375 0.025 0.0171875
3.0 0.4546875 0.95546875 0.021875 0.0203125
3.0 0.3828125 0.575 0.025 0.034375
3.0 0.41953125 0.59375 0.0265625 0.01875
2.0 0.38515625 0.0703125 0.0640625 0.03125
2.0 0.4015625 0.01484375 0.059375 0.0296875
3.0 0.215625 0.2390625 0.040625 0.040625
3.0 0.18203125 0.246875 0.0296875 0.021875
