3.0 0.45703125 0.85078125 0.0546875 0.0390625
3.0 0.57421875 0.9703125 0.0328125 0.01875
3.0 0.61953125 0.98125 0.0296875 0.021875
3.0 0.6546875 0.97734375 0.0125 0.0203125
3.0 0.71953125 0.9328125 0.0296875 0.021875
3.0 0.71796875 0.971875 0.0140625 0.021875
3.0 0.734375 0.98359375 0.015625 0.0140625
3.0 0.77265625 0.96484375 0.0390625 0.0296875
3.0 0.81015625 0.97578125 0.0234375 0.0171875
3.0 0.82890625 0.93828125 0.0609375 0.0359375
3.0 0.7671875 0.8671875 0.05 0.021875
3.0 0.72734375 0.81640625 0.0203125 0.0234375
3.0 0.77734375 0.83203125 0.0328125 0.0234375
3.0 0.80703125 0.84921875 0.0171875 0.0234375
3.0 0.81953125 0.7953125 0.0140625 0.0125
3.0 0.86328125 0.8203125 0.0265625 0.040625
3.0 0.86484375 0.85625 0.0140625 0.0125
3.0 0.6578125 0.88125 0.034375 0.028125
3.0 0.67578125 0.8390625 0.0296875 0.01875
3.0 0.64921875 0.8296875 0.0109375 0.015625
3.0 0.64375 0.7578125 0.040625 0.053125
3.0 0.67890625 0.76875 0.0296875 0.0375
3.0 0.57265625 0.76875 0.0171875 0.015625
3.0 0.59609375 0.746875 0.0296875 0.021875
3.0 0.71328125 0.71796875 0.0734375 0.0328125
3.0 0.71328125 0.75546875 0.0265625 0.0203125
3.0 0.76953125 0.684375 0.0703125 0.05625
3.0 0.728125 0.63984375 0.065625 0.0453125
3.0 0.5734375 0.6609375 0.1 0.096875
3.0 0.47421875 0.6359375 0.0296875 0.0375
3.0 0.43828125 0.59453125 0.0296875 0.0296875
3.0 0.478125 0.59375 0.01875 0.015625
3.0 0.509375 0.584375 0.028125 0.01875
3.0 0.65625 0.58984375 0.025 0.0140625
3.0 0.61171875 0.60234375 0.0265625 0.0171875
3.0 0.7171875 0.590625 0.015625 0.021875
3.0 0.68359375 0.6359375 0.0234375 0.028125
3.0 0.65625 0.684375 0.03125 0.021875
3.0 0.64609375 0.66875 0.0234375 0.015625
3.0 0.6328125 0.65 0.009375 0.01875
3.0 0.61640625 0.48984375 0.0953125 0.0484375
3.0 0.65703125 0.4375 0.1015625 0.040625
3.0 0.665625 0.3921875 0.04375 0.046875
3.0 0.54765625 0.40234375 0.0390625 0.0421875
3.0 0.5453125 0.36875 0.034375 0.03125
3.0 0.60625 0.39765625 0.0375 0.0296875
3.0 0.4828125 0.38046875 0.028125 0.0296875
3.0 0.49140625 0.35625 0.0390625 0.0125
3.0 0.45 0.37109375 0.021875 0.0203125
3.0 0.46015625 0.346875 0.0328125 0.025
3.0 0.459375 0.325 0.028125 0.021875
3.0 0.48828125 0.30625 0.0234375 0.028125
3.0 0.5046875 0.32890625 0.03125 0.0171875
3.0 0.75234375 0.22578125 0.0765625 0.0328125
3.0 0.78203125 0.1859375 0.0453125 0.0375
3.0 0.8265625 0.19765625 0.040625 0.0484375
3.0 0.875 0.1671875 0.046875 0.021875
3.0 0.91484375 0.14453125 0.0296875 0.0296875
3.0 0.96484375 0.1609375 0.0390625 0.05625
3.0 0.9078125 0.2015625 0.10625 0.040625
3.0 0.87734375 0.22890625 0.0484375 0.0484375
3.0 0.97265625 0.2453125 0.0515625 0.046875
3.0 0.91171875 0.265625 0.0953125 0.034375
3.0 0.7890625 0.26484375 0.071875 0.0453125
3.0 0.83203125 0.315625 0.0640625 0.021875
3.0 0.71328125 0.30859375 0.0421875 0.0234375
3.0 0.91640625 0.340625 0.0703125 0.03125
3.0 0.93046875 0.31640625 0.0171875 0.0140625
3.0 0.8453125 0.38828125 0.046875 0.0453125
3.0 0.7734375 0.4078125 0.0375 0.0375
3.0 0.96171875 0.4328125 0.0234375 0.01875
3.0 0.92890625 0.40234375 0.0515625 0.0203125
3.0 0.77265625 0.47421875 0.0234375 0.0453125
3.0 0.7234375 0.44140625 0.028125 0.0171875
3.0 0.840625 0.47734375 0.025 0.0328125
3.0 0.625 0.20703125 0.01875 0.0203125
3.0 0.54296875 0.22578125 0.0328125 0.0109375
3.0 0.59453125 0.175 0.0390625 0.015625
3.0 0.55703125 0.1640625 0.0453125 0.01875
3.0 0.5671875 0.15 0.021875 0.01875
3.0 0.59609375 0.1359375 0.0359375 0.021875
3.0 0.60078125 0.153125 0.0296875 0.01875
3.0 0.459375 0.246875 0.046875 0.021875
3.0 0.378125 0.31171875 0.03125 0.0265625
3.0 0.3078125 0.33046875 0.021875 0.0203125
3.0 0.36328125 0.3734375 0.0515625 0.034375
3.0 0.3484375 0.32734375 0.021875 0.0265625
3.0 0.2984375 0.409375 0.021875 0.025
3.0 0.12734375 0.4140625 0.0515625 0.034375
3.0 0.1015625 0.3828125 0.05625 0.03125
3.0 0.03515625 0.31953125 0.0546875 0.0296875
3.0 0.109375 0.9875 0.03125 0.021875
3.0 0.2296875 0.92109375 0.03125 0.0296875
3.0 0.38984375 0.77421875 0.0265625 0.0265625
3.0 0.359375 0.76171875 0.025 0.0171875
3.0 0.396875 0.725 0.01875 0.01875
3.0 0.40078125 0.6765625 0.0171875 0.0125
3.0 0.4703125 0.7921875 0.028125 0.025
3.0 0.52421875 0.77421875 0.0390625 0.0453125
3.0 0.5421875 0.72265625 0.04375 0.0171875
3.0 0.61953125 0.8453125 0.0328125 0.01875
3.0 0.5 0.88125 0.03125 0.028125
3.0 0.49765625 0.940625 0.0265625 0.015625
3.0 0.60703125 0.91015625 0.0328125 0.0265625
3.0 0.5171875 0.8296875 0.015625 0.01875
3.0 0.49921875 0.5171875 0.0390625 0.03125
