3.0 0.25234375 0.3609375 0.2703125 0.375
3.0 0.2921875 0.11640625 0.20625 0.2328125
3.0 0.3734375 0.0234375 0.25 0.046875
3.0 0.56484375 0.103125 0.2796875 0.20625
2.0 0.69140625 0.20546875 0.1890625 0.2015625
3.0 0.6765625 0.1015625 0.065625 0.084375
3.0 0.22578125 0.5609375 0.0953125 0.159375
3.0 0.5046875 0.92109375 0.375 0.1578125
3.0 0.68984375 0.6125 0.3640625 0.515625
3.0 0.4734375 0.72109375 0.20625 0.3359375
3.0 0.37734375 0.7953125 0.0828125 0.109375
3.0 0.38515625 0.70234375 0.0609375 0.1140625
3.0 0.5421875 0.265625 0.15625 0.153125
3.0 0.39375 0.16484375 0.1125 0.1640625
