3.0 0.2515625 0.26015625 0.071875 0.0890625
3.0 0.06875 0.21796875 0.071875 0.0765625
3.0 0.0984375 0.04921875 0.034375 0.0515625
3.0 0.18046875 0.125 0.0328125 0.071875
3.0 0.01796875 0.05234375 0.0359375 0.0640625
3.0 0.11015625 0.02109375 0.1046875 0.0421875
3.0 0.05546875 0.46484375 0.1078125 0.1734375
3.0 0.1609375 0.55 0.13125 0.103125
3.0 0.2171875 0.665625 0.13125 0.109375
3.0 0.11328125 0.71328125 0.0828125 0.1078125
3.0 0.03359375 0.74140625 0.0640625 0.1515625
3.0 0.10859375 0.79609375 0.0359375 0.0671875
3.0 0.08359375 0.89375 0.0421875 0.065625
3.0 0.1203125 0.94296875 0.028125 0.0640625
3.0 0.12265625 0.8390625 0.0328125 0.053125
3.0 0.5296875 0.88359375 0.075 0.0953125
3.0 0.68984375 0.646875 0.0984375 0.05625
3.0 0.85 0.0921875 0.053125 0.0875
3.0 0.94921875 0.14140625 0.0421875 0.0921875
3.0 0.7578125 0.15703125 0.053125 0.0484375
3.0 0.69140625 0.43671875 0.0921875 0.1234375
3.0 0.796875 0.45546875 0.06875 0.0953125
3.0 0.578125 0.40390625 0.03125 0.0578125
3.0 0.79375 0.3578125 0.046875 0.0625
3.0 0.496875 0.48671875 0.05 0.0734375
3.0 0.6265625 0.54609375 0.028125 0.0890625
3.0 0.40546875 0.69140625 0.1015625 0.0921875
3.0 0.91875 0.6078125 0.05625 0.06875
3.0 0.9171875 0.49609375 0.028125 0.0734375
3.0 0.98203125 0.47890625 0.0359375 0.0765625
3.0 0.80625 0.89765625 0.065625 0.0765625
3.0 0.66796875 0.8890625 0.0734375 0.090625
3.0 0.825 0.97421875 0.09375 0.0515625
