3.0 0.92265625 0.78046875 0.0984375 0.0640625
3.0 0.95859375 0.67734375 0.0734375 0.0828125
3.0 0.96875 0.6140625 0.059375 0.03125
3.0 0.84453125 0.64296875 0.0359375 0.0328125
3.0 0.771875 0.709375 0.08125 0.046875
3.0 0.31171875 0.62734375 0.0609375 0.0515625
3.0 0.59375 0.5765625 0.04375 0.05
3.0 0.6671875 0.56875 0.065625 0.046875
3.0 0.62734375 0.50546875 0.1171875 0.0671875
3.0 0.775 0.46328125 0.184375 0.1484375
3.0 0.9375 0.56953125 0.015625 0.0421875
3.0 0.928125 0.49453125 0.090625 0.0515625
3.0 0.97734375 0.53984375 0.0359375 0.0390625
3.0 0.940625 0.4046875 0.11875 0.059375
3.0 0.98125 0.3640625 0.0375 0.0375
3.0 0.93046875 0.35 0.0890625 0.034375
3.0 0.94609375 0.2921875 0.1015625 0.08125
3.0 0.77578125 0.3375 0.0328125 0.028125
3.0 0.57734375 0.3359375 0.1265625 0.103125
3.0 0.56875 0.41015625 0.05 0.0328125
3.0 0.378125 0.3609375 0.059375 0.05625
3.0 0.41484375 0.2953125 0.0265625 0.0375
3.0 0.44296875 0.23671875 0.0546875 0.0671875
3.0 0.509375 0.25 0.075 0.09375
3.0 0.25859375 0.40625 0.0296875 0.028125
3.0 0.2953125 0.40390625 0.0375 0.0359375
3.0 0.26796875 0.3734375 0.0359375 0.028125
3.0 0.1359375 0.3609375 0.046875 0.040625
3.0 0.1859375 0.3734375 0.021875 0.028125
3.0 0.17890625 0.3125 0.0328125 0.05
3.0 0.10234375 0.27265625 0.0328125 0.0390625
3.0 0.10703125 0.221875 0.0171875 0.025
3.0 0.07265625 0.20546875 0.0234375 0.0328125
3.0 0.08046875 0.23125 0.0265625 0.01875
3.0 0.090625 0.19765625 0.0125 0.0359375
3.0 0.16015625 0.19296875 0.0296875 0.0171875
3.0 0.21171875 0.1640625 0.0421875 0.021875
3.0 0.30234375 0.17734375 0.0453125 0.0203125
3.0 0.2828125 0.196875 0.021875 0.028125
3.0 0.19375 0.084375 0.03125 0.01875
3.0 0.20546875 0.05234375 0.0578125 0.0359375
3.0 0.31640625 0.0671875 0.0984375 0.06875
3.0 0.3125 0.01171875 0.04375 0.0234375
3.0 0.26796875 0.02265625 0.0359375 0.0296875
3.0 0.159375 0.02421875 0.0625 0.0453125
3.0 0.40234375 0.034375 0.0421875 0.065625
3.0 0.4328125 0.040625 0.028125 0.034375
3.0 0.36953125 0.1609375 0.0390625 0.040625
3.0 0.4078125 0.165625 0.04375 0.059375
3.0 0.3859375 0.121875 0.05625 0.03125
3.0 0.4453125 0.121875 0.03125 0.034375
3.0 0.50078125 0.14609375 0.0390625 0.0328125
3.0 0.5546875 0.140625 0.05625 0.040625
3.0 0.67734375 0.171875 0.0984375 0.025
3.0 0.5984375 0.209375 0.046875 0.053125
3.0 0.7078125 0.1 0.0875 0.0375
3.0 0.63359375 0.11953125 0.0328125 0.0265625
3.0 0.5921875 0.09609375 0.040625 0.0328125
