3.0 0.06875 0.81796875 0.1375 0.1140625
3.0 0.1640625 0.803125 0.046875 0.053125
3.0 0.39296875 0.78984375 0.0890625 0.0265625
3.0 0.71015625 0.784375 0.0796875 0.059375
3.0 0.76484375 0.83125 0.0921875 0.025
3.0 0.62109375 0.84453125 0.0984375 0.1015625
3.0 0.36171875 0.98984375 0.1234375 0.0203125
3.0 0.5671875 0.9875 0.065625 0.025
3.0 0.9578125 0.9484375 0.065625 0.028125
3.0 0.07734375 0.52421875 0.1078125 0.0640625
3.0 0.03359375 0.5828125 0.0671875 0.053125
3.0 0.08984375 0.640625 0.0328125 0.04375
3.0 0.16171875 0.6078125 0.0421875 0.01875
3.0 0.1671875 0.56171875 0.0375 0.0328125
3.0 0.29140625 0.44765625 0.0484375 0.0421875
3.0 0.3671875 0.4875 0.03125 0.059375
3.0 0.43046875 0.47109375 0.0453125 0.0265625
3.0 0.3359375 0.63671875 0.03125 0.0234375
3.0 0.53828125 0.5125 0.0734375 0.046875
3.0 0.5375 0.41875 0.071875 0.059375
3.0 0.509375 0.4421875 0.025 0.028125
3.0 0.6578125 0.35546875 0.10625 0.0328125
3.0 0.23203125 0.125 0.0640625 0.046875
3.0 0.4609375 0.26015625 0.046875 0.0703125
3.0 0.4671875 0.09765625 0.075 0.0609375
3.0 0.3484375 0.2640625 0.0375 0.059375
3.0 0.34140625 0.5390625 0.0359375 0.046875
3.0 0.39296875 0.565625 0.0390625 0.025
3.0 0.10390625 0.059375 0.0578125 0.05625
3.0 0.05390625 0.0703125 0.0421875 0.03125
