3.0 0.50546875 0.74609375 0.0609375 0.0578125
3.0 0.46796875 0.7625 0.0390625 0.0375
3.0 0.46953125 0.71171875 0.0765625 0.0609375
3.0 0.55703125 0.7015625 0.0890625 0.04375
3.0 0.62421875 0.73359375 0.0640625 0.0515625
3.0 0.6671875 0.765625 0.0625 0.053125
3.0 0.72578125 0.7328125 0.0609375 0.04375
3.0 0.8125 0.65546875 0.021875 0.0203125
3.0 0.82265625 0.77578125 0.0203125 0.0203125
3.0 0.8515625 0.8140625 0.028125 0.01875
3.0 0.871875 0.8375 0.021875 0.0375
3.0 0.85390625 0.85 0.0234375 0.01875
3.0 0.965625 0.78515625 0.040625 0.0171875
3.0 0.990625 0.79765625 0.015625 0.0484375
3.0 0.96640625 0.7703125 0.0359375 0.01875
3.0 0.953125 0.5671875 0.078125 0.059375
3.0 0.95859375 0.59296875 0.0734375 0.0703125
3.0 0.86484375 0.56015625 0.1046875 0.0515625
3.0 0.89765625 0.50859375 0.1234375 0.0453125
3.0 0.9625 0.45546875 0.071875 0.0703125
3.0 0.96328125 0.4875 0.0296875 0.025
3.0 0.55546875 0.65625 0.0640625 0.046875
3.0 0.615625 0.65859375 0.053125 0.0359375
3.0 0.61796875 0.68359375 0.0546875 0.0265625
3.0 0.66484375 0.68203125 0.0328125 0.0203125
3.0 0.71953125 0.63203125 0.0796875 0.0328125
3.0 0.64453125 0.59609375 0.0640625 0.0328125
3.0 0.65078125 0.6296875 0.0328125 0.021875
3.0 0.48671875 0.6375 0.0515625 0.021875
3.0 0.49453125 0.6078125 0.0578125 0.040625
3.0 0.43671875 0.61640625 0.0453125 0.0671875
3.0 0.603125 0.60546875 0.025 0.0171875
3.0 0.52578125 0.559375 0.0546875 0.021875
3.0 0.48984375 0.57265625 0.0171875 0.0265625
3.0 0.309375 0.6078125 0.053125 0.071875
3.0 0.26015625 0.6203125 0.0421875 0.084375
3.0 0.26328125 0.54375 0.0515625 0.046875
3.0 0.30703125 0.5125 0.0578125 0.03125
3.0 0.29296875 0.47265625 0.0984375 0.0578125
3.0 0.46171875 0.5265625 0.0421875 0.05
3.0 0.41171875 0.52890625 0.0453125 0.0515625
3.0 0.51640625 0.50703125 0.0421875 0.0265625
3.0 0.54296875 0.534375 0.0265625 0.03125
3.0 0.65625 0.5640625 0.078125 0.034375
3.0 0.71796875 0.515625 0.0515625 0.053125
3.0 0.6484375 0.49140625 0.046875 0.0234375
3.0 0.69296875 0.440625 0.0265625 0.021875
3.0 0.74296875 0.4390625 0.0296875 0.05
3.0 0.76796875 0.48515625 0.0328125 0.0234375
3.0 0.47578125 0.43984375 0.0421875 0.0328125
3.0 0.4 0.428125 0.028125 0.04375
3.0 0.3046875 0.42578125 0.03125 0.0296875
3.0 0.30078125 0.41328125 0.0390625 0.0546875
3.0 0.3453125 0.3765625 0.015625 0.028125
3.0 0.3390625 0.296875 0.04375 0.028125
3.0 0.28125 0.29765625 0.021875 0.0296875
3.0 0.39453125 0.34375 0.0265625 0.015625
3.0 0.45078125 0.2390625 0.0203125 0.05
3.0 0.41640625 0.2578125 0.0203125 0.025
3.0 0.4359375 0.04453125 0.03125 0.0421875
3.0 0.60390625 0.1515625 0.0421875 0.01875
3.0 0.48515625 0.2546875 0.0421875 0.021875
3.0 0.58359375 0.4875 0.0421875 0.01875
3.0 0.89375 0.18203125 0.121875 0.0671875
3.0 0.825 0.2 0.025 0.015625
3.0 0.9671875 0.15234375 0.059375 0.0578125
3.0 0.97734375 0.2078125 0.0421875 0.0375
3.0 0.90234375 0.25 0.1015625 0.059375
3.0 0.98671875 0.2578125 0.0234375 0.034375
3.0 0.98828125 0.31953125 0.0203125 0.0296875
3.0 0.86796875 0.31796875 0.0390625 0.0359375
3.0 0.78828125 0.3375 0.0359375 0.015625
3.0 0.93671875 0.03203125 0.0265625 0.0234375
3.0 0.88984375 0.0453125 0.0203125 0.040625
3.0 0.878125 0.0078125 0.034375 0.015625
3.0 0.4015625 0.121875 0.015625 0.040625
3.0 0.409375 0.1578125 0.0125 0.0125
3.0 0.465625 0.16328125 0.015625 0.0171875
3.0 0.1859375 0.665625 0.040625 0.0375
3.0 0.3921875 0.68203125 0.028125 0.0234375
3.0 0.39296875 0.665625 0.0328125 0.009375
3.0 0.23984375 0.74921875 0.0359375 0.0296875
3.0 0.22109375 0.725 0.0328125 0.015625
3.0 0.275 0.74140625 0.0375 0.0171875
3.0 0.63046875 0.81796875 0.0296875 0.0078125
3.0 0.6484375 0.83046875 0.03125 0.0109375
3.0 0.78515625 0.7921875 0.0140625 0.009375
3.0 0.78359375 0.5234375 0.0109375 0.00625
