3.0 0.5390625 0.2109375 0.053125 0.040625
3.0 0.29375 0.40625 0.040625 0.04375
3.0 0.34296875 0.4203125 0.0265625 0.04375
3.0 0.41328125 0.528125 0.0515625 0.05
3.0 0.40234375 0.46015625 0.0796875 0.0265625
3.0 0.453125 0.51796875 0.03125 0.0421875
3.0 0.4828125 0.46484375 0.025 0.0140625
3.0 0.02578125 0.296875 0.0265625 0.040625
3.0 0.0609375 0.30546875 0.03125 0.0328125
3.0 0.57421875 0.00859375 0.0296875 0.0171875
3.0 0.97578125 0.18671875 0.0234375 0.0515625
3.0 0.9625 0.3203125 0.053125 0.03125
3.0 0.8640625 0.3 0.034375 0.0375
3.0 0.6625 0.290625 0.075 0.0375
3.0 0.52421875 0.34296875 0.0515625 0.0328125
3.0 0.5078125 0.30546875 0.01875 0.0296875
3.0 0.9140625 0.39921875 0.090625 0.0703125
3.0 0.81484375 0.44375 0.0953125 0.0375
3.0 0.79140625 0.3890625 0.0296875 0.04375
3.0 0.9125 0.45703125 0.065625 0.0421875
3.0 0.57578125 0.403125 0.0234375 0.046875
3.0 0.83046875 0.51796875 0.0984375 0.0453125
3.0 0.96875 0.5375 0.0375 0.028125
3.0 0.66328125 0.48671875 0.1046875 0.0828125
3.0 0.63515625 0.56015625 0.0921875 0.0390625
3.0 0.57578125 0.46875 0.0578125 0.0375
3.0 0.80390625 0.59765625 0.1203125 0.0953125
3.0 0.7625 0.68671875 0.134375 0.0765625
3.0 0.70703125 0.65078125 0.0734375 0.0828125
3.0 0.56875 0.58359375 0.071875 0.0640625
3.0 0.3703125 0.6546875 0.128125 0.08125
3.0 0.30703125 0.7296875 0.0796875 0.09375
3.0 0.24765625 0.75078125 0.0546875 0.0578125
3.0 0.2265625 0.7 0.078125 0.0375
3.0 0.19765625 0.6390625 0.0953125 0.04375
3.0 0.153125 0.5828125 0.04375 0.021875
3.0 0.121875 0.6328125 0.028125 0.034375
3.0 0.178125 0.6171875 0.015625 0.025
3.0 0.13359375 0.6078125 0.0234375 0.01875
3.0 0.1 0.59140625 0.046875 0.0453125
3.0 0.075 0.59140625 0.028125 0.0453125
3.0 0.26953125 0.83359375 0.0328125 0.0453125
3.0 0.33671875 0.8421875 0.0484375 0.046875
3.0 0.3859375 0.84375 0.04375 0.040625
3.0 0.43515625 0.77890625 0.0390625 0.0515625
3.0 0.49296875 0.80078125 0.0984375 0.0203125
3.0 0.52109375 0.86015625 0.0859375 0.0328125
3.0 0.71796875 0.9671875 0.0421875 0.034375
3.0 0.94609375 0.95546875 0.0546875 0.0703125
3.0 0.15234375 0.921875 0.0984375 0.0625
3.0 0.14296875 0.9796875 0.0296875 0.021875
3.0 0.05234375 0.93203125 0.0703125 0.0609375
3.0 0.96875 0.66328125 0.0625 0.0390625
