3.0 0.63515625 0.25546875 0.0921875 0.1265625
3.0 0.453125 0.37421875 0.125 0.0890625
3.0 0.22265625 0.83828125 0.0734375 0.0890625
3.0 0.028125 0.1515625 0.053125 0.090625
3.0 0.765625 0.73984375 0.171875 0.1328125
3.0 0.696875 0.6125 0.04375 0.115625
3.0 0.759375 0.503125 0.078125 0.053125
3.0 0.93203125 0.63125 0.0859375 0.16875
3.0 0.72578125 0.0828125 0.1296875 0.1
3.0 0.8890625 0.10546875 0.121875 0.2015625
3.0 0.83125 0.378125 0.1 0.140625
3.0 0.01953125 0.4953125 0.0390625 0.190625
3.0 0.12421875 0.41171875 0.1484375 0.1203125
3.0 0.20703125 0.303125 0.1453125 0.1
3.0 0.11171875 0.2296875 0.1234375 0.11875
3.0 0.75390625 0.2171875 0.0546875 0.153125
