3.0 0.1515625 0.23984375 0.234375 0.2046875
3.0 0.059375 0.79453125 0.10625 0.0984375
3.0 0.05625 0.66640625 0.059375 0.0421875
3.0 0.06875 0.4921875 0.128125 0.11875
3.0 0.1109375 0.39609375 0.090625 0.0703125
3.0 0.01875 0.37890625 0.0375 0.0390625
3.0 0.0171875 0.9328125 0.034375 0.065625
3.0 0.334375 0.684375 0.08125 0.06875
3.0 0.265625 0.73359375 0.040625 0.0578125
3.0 0.26484375 0.91328125 0.0546875 0.0515625
3.0 0.22890625 0.8515625 0.0734375 0.075
3.0 0.28046875 0.51484375 0.1078125 0.0796875
3.0 0.2734375 0.4359375 0.115625 0.06875
3.0 0.3796875 0.30859375 0.159375 0.2171875
3.0 0.51796875 0.30859375 0.1671875 0.1015625
3.0 0.64453125 0.5171875 0.1515625 0.1375
3.0 0.471875 0.55703125 0.190625 0.0890625
3.0 0.359375 0.5234375 0.053125 0.078125
3.0 0.459375 0.634375 0.13125 0.071875
3.0 0.7578125 0.565625 0.103125 0.1
3.0 0.74765625 0.415625 0.0484375 0.0625
3.0 0.70234375 0.790625 0.2359375 0.084375
3.0 0.39375 0.921875 0.03125 0.10625
3.0 0.08125 0.8796875 0.046875 0.04375
