3.0 0.65859375 0.78125 0.0453125 0.0625
3.0 0.6234375 0.84609375 0.059375 0.0234375
3.0 0.74921875 0.803125 0.0328125 0.05
3.0 0.83359375 0.7953125 0.0484375 0.03125
3.0 0.86640625 0.71015625 0.0484375 0.0890625
3.0 0.9171875 0.73203125 0.046875 0.0546875
3.0 0.7875 0.68984375 0.040625 0.0703125
3.0 0.25078125 0.83203125 0.0421875 0.0359375
3.0 0.29296875 0.8234375 0.0328125 0.0375
3.0 0.27109375 0.64453125 0.0359375 0.0390625
3.0 0.22890625 0.6609375 0.0515625 0.0375
3.0 0.24296875 0.69609375 0.0203125 0.0171875
3.0 0.2046875 0.6703125 0.03125 0.04375
3.0 0.34609375 0.728125 0.0234375 0.03125
3.0 0.2546875 0.76875 0.025 0.01875
3.0 0.89375 0.875 0.03125 0.025
3.0 0.9609375 0.98671875 0.065625 0.0171875
3.0 0.9859375 0.95078125 0.028125 0.0390625
3.0 0.98359375 0.80703125 0.0171875 0.0359375
3.0 0.93515625 0.6015625 0.1171875 0.065625
3.0 0.85 0.5765625 0.034375 0.028125
3.0 0.59453125 0.64609375 0.0265625 0.0265625
3.0 0.55546875 0.67265625 0.0421875 0.0453125
3.0 0.684375 0.709375 0.03125 0.03125
3.0 0.73828125 0.725 0.0296875 0.015625
3.0 0.48515625 0.6109375 0.0171875 0.01875
3.0 0.446875 0.61796875 0.015625 0.0171875
3.0 0.54921875 0.61484375 0.0328125 0.0140625
3.0 0.51953125 0.61015625 0.0171875 0.0171875
3.0 0.6109375 0.5546875 0.028125 0.040625
3.0 0.6609375 0.4984375 0.11875 0.075
3.0 0.5921875 0.41875 0.090625 0.09375
3.0 0.51875 0.39140625 0.0625 0.0796875
3.0 0.4921875 0.4546875 0.084375 0.05
3.0 0.45234375 0.50390625 0.0609375 0.0328125
3.0 0.4375 0.53203125 0.025 0.0203125
3.0 0.40859375 0.5078125 0.0265625 0.034375
3.0 0.3515625 0.51484375 0.0375 0.0203125
3.0 0.3421875 0.484375 0.028125 0.028125
3.0 0.378125 0.55625 0.040625 0.04375
3.0 0.3359375 0.54765625 0.0375 0.0328125
3.0 0.3234375 0.62734375 0.01875 0.0140625
3.0 0.22265625 0.4828125 0.0390625 0.021875
3.0 0.20078125 0.4140625 0.0296875 0.03125
3.0 0.18046875 0.36015625 0.0359375 0.0171875
3.0 0.19921875 0.33359375 0.0234375 0.0296875
3.0 0.15703125 0.31875 0.0171875 0.028125
3.0 0.17890625 0.3171875 0.0140625 0.028125
3.0 0.1671875 0.34140625 0.01875 0.0140625
3.0 0.3109375 0.315625 0.028125 0.025
3.0 0.39296875 0.3296875 0.0515625 0.015625
3.0 0.25703125 0.18203125 0.0671875 0.0453125
3.0 0.303125 0.14453125 0.059375 0.0421875
3.0 0.309375 0.23203125 0.075 0.0609375
3.0 0.41015625 0.2140625 0.0828125 0.05
3.0 0.365625 0.1890625 0.04375 0.0375
3.0 0.4109375 0.17578125 0.03125 0.0171875
3.0 0.271875 0.009375 0.071875 0.01875
3.0 0.3234375 0.0625 0.0625 0.078125
3.0 0.34609375 0.10078125 0.0421875 0.0296875
3.0 0.40625 0.090625 0.11875 0.103125
3.0 0.49296875 0.11328125 0.0671875 0.1015625
3.0 0.5484375 0.13671875 0.0625 0.0546875
3.0 0.50625 0.19140625 0.04375 0.0578125
3.0 0.459375 0.190625 0.0375 0.040625
3.0 0.47265625 0.23515625 0.0296875 0.0234375
3.0 0.378125 0.0234375 0.059375 0.028125
3.0 0.659375 0.14453125 0.065625 0.0390625
3.0 0.6375 0.21796875 0.071875 0.0453125
3.0 0.46875 0.284375 0.075 0.05625
3.0 0.32578125 0.27109375 0.0109375 0.0265625
3.0 0.284375 0.27265625 0.021875 0.0234375
3.0 0.63828125 0.29296875 0.0640625 0.0453125
3.0 0.67734375 0.34296875 0.0453125 0.0328125
3.0 0.540625 0.2703125 0.025 0.0375
3.0 0.7140625 0.28515625 0.03125 0.0203125
3.0 0.6828125 0.2625 0.028125 0.025
