3.0 0.5390625 0.3875 0.103125 0.103125
3.0 0.71171875 0.13984375 0.0546875 0.0421875
3.0 0.90546875 0.14921875 0.1890625 0.0984375
3.0 0.9578125 0.028125 0.084375 0.05625
3.0 0.8875 0.03125 0.040625 0.04375
3.0 0.903125 0.3421875 0.090625 0.096875
3.0 0.8203125 0.4046875 0.034375 0.071875
3.0 0.303125 0.4484375 0.0625 0.05625
3.0 0.984375 0.71484375 0.03125 0.0671875
3.0 0.91875 0.73359375 0.096875 0.0421875
3.0 0.98671875 0.9484375 0.0265625 0.09375
3.0 0.99140625 0.78984375 0.0171875 0.0453125
3.0 0.1828125 0.96640625 0.096875 0.0671875
3.0 0.184375 0.9125 0.04375 0.03125
3.0 0.16796875 0.85546875 0.0359375 0.0328125
3.0 0.3890625 0.94375 0.059375 0.046875
3.0 0.4203125 0.9890625 0.059375 0.021875
3.0 0.3515625 0.98984375 0.021875 0.0203125
3.0 0.2625 0.940625 0.046875 0.06875
3.0 0.30546875 0.93984375 0.0453125 0.0453125
