3.0 0.76484375 0.421875 0.4703125 0.571875
3.0 0.7421875 0.78046875 0.421875 0.3046875
3.0 0.284375 0.2515625 0.56875 0.503125
3.0 0.3359375 0.371875 0.240625 0.265625
3.0 0.22734375 0.746875 0.1796875 0.19375
3.0 0.4 0.6828125 0.178125 0.2125
3.0 0.05703125 0.76171875 0.1140625 0.1328125
3.0 0.3984375 0.85703125 0.109375 0.1734375
3.0 0.75078125 0.98046875 0.0609375 0.0390625
3.0 0.88046875 0.96875 0.0890625 0.0625
3.0 0.26015625 0.91328125 0.1671875 0.1109375
3.0 0.2546875 0.97578125 0.309375 0.0484375
