3.0 0.11015625 0.146875 0.0734375 0.134375
3.0 0.190625 0.2203125 0.084375 0.0625
3.0 0.18515625 0.29375 0.0859375 0.090625
3.0 0.078125 0.434375 0.04375 0.04375
3.0 0.07734375 0.50390625 0.0234375 0.0265625
3.0 0.21953125 0.49609375 0.0453125 0.0390625
3.0 0.2078125 0.54296875 0.075 0.0328125
3.0 0.32890625 0.434375 0.0609375 0.0625
3.0 0.346875 0.3890625 0.05625 0.028125
3.0 0.33125 0.3359375 0.05625 0.040625
3.0 0.328125 0.29765625 0.040625 0.0515625
3.0 0.32109375 0.2046875 0.0546875 0.075
3.0 0.51640625 0.0859375 0.0609375 0.090625
3.0 0.34453125 0.04921875 0.0515625 0.0515625
3.0 0.621875 0.20859375 0.053125 0.0390625
