3.0 0.6328125 0.5515625 0.10625 0.10625
3.0 0.32109375 0.28203125 0.1640625 0.1296875
3.0 0.40703125 0.384375 0.0515625 0.090625
3.0 0.28515625 0.5953125 0.0953125 0.09375
3.0 0.01484375 0.52734375 0.0296875 0.1640625
3.0 0.81796875 0.09921875 0.0734375 0.0734375
3.0 0.86328125 0.5734375 0.1078125 0.06875
3.0 0.93984375 0.65078125 0.1015625 0.1203125
3.0 0.24140625 0.8890625 0.1484375 0.2
3.0 0.36796875 0.74921875 0.0640625 0.0921875
3.0 0.503125 0.7125 0.0625 0.065625
3.0 0.53359375 0.64921875 0.0484375 0.0609375
3.0 0.1609375 0.4328125 0.071875 0.175
3.0 0.384375 0.89921875 0.109375 0.0859375
3.0 0.4953125 0.971875 0.075 0.05625
3.0 0.5921875 0.94140625 0.0375 0.0609375
3.0 0.47734375 0.8015625 0.0515625 0.078125
