3.0 0.06015625 0.15078125 0.0359375 0.0296875
3.0 0.07890625 0.2890625 0.0734375 0.075
3.0 0.09296875 0.2515625 0.0453125 0.025
3.0 0.43046875 0.246875 0.0484375 0.046875
3.0 0.484375 0.190625 0.021875 0.05625
3.0 0.6484375 0.109375 0.05 0.025
3.0 0.6640625 0.13515625 0.021875 0.0296875
3.0 0.66015625 0.19140625 0.0296875 0.0421875
3.0 0.696875 0.20546875 0.021875 0.0296875
3.0 0.671875 0.22890625 0.05625 0.0203125
3.0 0.5171875 0.3578125 0.1 0.04375
3.0 0.5703125 0.4234375 0.034375 0.034375
3.0 0.76328125 0.29375 0.0578125 0.03125
3.0 0.7921875 0.203125 0.053125 0.05625
3.0 0.87109375 0.21953125 0.0640625 0.0453125
3.0 0.88203125 0.2609375 0.0390625 0.028125
3.0 0.78515625 0.25703125 0.0453125 0.0359375
3.0 0.81875 0.33046875 0.09375 0.0203125
3.0 0.8046875 0.375 0.05 0.03125
3.0 0.7453125 0.33203125 0.0375 0.0359375
3.0 0.859375 0.41953125 0.025 0.0171875
3.0 0.725 0.50546875 0.059375 0.0453125
3.0 0.78671875 0.54609375 0.0609375 0.0703125
3.0 0.54140625 0.50234375 0.0359375 0.0453125
3.0 0.31796875 0.5078125 0.0953125 0.053125
3.0 0.271875 0.46015625 0.028125 0.0328125
3.0 0.484375 0.42421875 0.053125 0.0359375
3.0 0.4765625 0.58203125 0.040625 0.0234375
3.0 0.621875 0.67109375 0.03125 0.0234375
3.0 0.67265625 0.6578125 0.0296875 0.028125
3.0 0.7296875 0.665625 0.0375 0.03125
3.0 0.66796875 0.7015625 0.1171875 0.034375
3.0 0.53359375 0.69375 0.0828125 0.028125
3.0 0.68359375 0.8078125 0.0484375 0.046875
3.0 0.88046875 0.771875 0.0578125 0.059375
3.0 0.79609375 0.78046875 0.0390625 0.0703125
3.0 0.74453125 0.83046875 0.0453125 0.0390625
3.0 0.740625 0.88671875 0.096875 0.0515625
3.0 0.8328125 0.87265625 0.053125 0.0421875
3.0 0.93828125 0.8859375 0.0578125 0.04375
3.0 0.99140625 0.92421875 0.0171875 0.0328125
3.0 0.80078125 0.92734375 0.0359375 0.0328125
3.0 0.74609375 0.94453125 0.0578125 0.0484375
3.0 0.690625 0.95 0.059375 0.028125
3.0 0.6109375 0.9640625 0.034375 0.021875
3.0 0.63515625 0.93671875 0.0234375 0.0390625
3.0 0.58359375 0.87734375 0.0140625 0.0203125
3.0 0.57265625 0.94375 0.0140625 0.01875
3.0 0.77421875 0.9796875 0.0328125 0.025
3.0 0.81875 0.96328125 0.0375 0.0171875
3.0 0.834375 0.94609375 0.0125 0.0140625
3.0 0.85390625 0.96953125 0.0203125 0.0171875
3.0 0.9203125 0.990625 0.028125 0.015625
3.0 0.9765625 0.98984375 0.040625 0.0171875
3.0 0.3515625 0.95078125 0.03125 0.0203125
3.0 0.21015625 0.95703125 0.0390625 0.0390625
3.0 0.3984375 0.94140625 0.015625 0.0171875
3.0 0.42734375 0.95390625 0.0203125 0.0140625
3.0 0.2265625 0.99375 0.040625 0.0125
3.0 0.33515625 0.97734375 0.0203125 0.0171875
3.0 0.15390625 0.7625 0.0140625 0.015625
3.0 0.11875 0.74921875 0.01875 0.0140625
3.0 0.16171875 0.91171875 0.0265625 0.0265625
3.0 0.32578125 0.621875 0.0359375 0.04375
3.0 0.4015625 0.58984375 0.025 0.0203125
3.0 0.153125 0.63515625 0.034375 0.0453125
3.0 0.23046875 0.61328125 0.0671875 0.0484375
3.0 0.2796875 0.6140625 0.01875 0.04375
3.0 0.3734375 0.37734375 0.1 0.0453125
3.0 0.62265625 0.51171875 0.0953125 0.0609375
3.0 0.58203125 0.7609375 0.0453125 0.04375
3.0 0.49609375 0.725 0.0390625 0.03125
