3.0 0.63515625 0.74296875 0.0921875 0.1265625
3.0 0.453125 0.62421875 0.125 0.0890625
3.0 0.22265625 0.16015625 0.0734375 0.0890625
3.0 0.028125 0.84609375 0.053125 0.0890625
3.0 0.765625 0.25859375 0.171875 0.1328125
3.0 0.696875 0.3859375 0.04375 0.115625
3.0 0.759375 0.4953125 0.078125 0.053125
3.0 0.93203125 0.3671875 0.0859375 0.16875
3.0 0.72578125 0.91640625 0.1296875 0.0984375
3.0 0.8890625 0.8921875 0.121875 0.2
3.0 0.83125 0.6203125 0.1 0.140625
3.0 0.01953125 0.50234375 0.0390625 0.1921875
3.0 0.12421875 0.58671875 0.1484375 0.1203125
3.0 0.20703125 0.6953125 0.1453125 0.1
3.0 0.11171875 0.76875 0.1234375 0.11875
3.0 0.75390625 0.78125 0.0546875 0.153125
