3.0 0.95625 0.92734375 0.084375 0.0953125
3.0 0.8078125 0.98203125 0.140625 0.0328125
3.0 0.64453125 0.9734375 0.0609375 0.046875
3.0 0.69921875 0.95703125 0.0359375 0.0515625
3.0 0.80546875 0.903125 0.1078125 0.046875
3.0 0.76796875 0.81640625 0.1140625 0.1015625
3.0 0.74140625 0.71171875 0.1046875 0.0953125
3.0 0.67890625 0.70390625 0.0421875 0.0859375
3.0 0.60859375 0.92265625 0.0515625 0.0359375
3.0 0.390625 0.9453125 0.05625 0.078125
3.0 0.428125 0.978125 0.040625 0.0375
3.0 0.278125 0.98203125 0.021875 0.0265625
2.0 0.259375 0.93671875 0.046875 0.0359375
2.0 0.246875 0.88125 0.059375 0.03125
3.0 0.23203125 0.8375 0.0734375 0.046875
3.0 0.4875 0.81484375 0.040625 0.0546875
3.0 0.60546875 0.87421875 0.0890625 0.0609375
3.0 0.61640625 0.80546875 0.0796875 0.0421875
3.0 0.49609375 0.759375 0.0421875 0.05
3.0 0.54609375 0.77578125 0.0453125 0.0359375
3.0 0.55546875 0.73359375 0.0609375 0.0640625
3.0 0.6765625 0.7859375 0.06875 0.05
3.0 0.72421875 0.640625 0.0203125 0.01875
3.0 0.7125 0.58203125 0.03125 0.0390625
3.0 0.14375 0.76328125 0.0375 0.0703125
3.0 0.1984375 0.76328125 0.028125 0.0265625
3.0 0.22578125 0.76484375 0.0234375 0.0265625
3.0 0.053125 0.7890625 0.04375 0.03125
3.0 0.10546875 0.72734375 0.0421875 0.0421875
3.0 0.0734375 0.71484375 0.034375 0.0453125
3.0 0.0359375 0.7171875 0.028125 0.025
3.0 0.36484375 0.6890625 0.1109375 0.0875
3.0 0.36484375 0.72109375 0.0296875 0.0328125
3.0 0.19375 0.690625 0.0625 0.05625
3.0 0.31328125 0.60078125 0.0828125 0.0828125
3.0 0.2625 0.5796875 0.053125 0.059375
3.0 0.4875 0.51484375 0.09375 0.0328125
3.0 0.43671875 0.528125 0.0359375 0.028125
3.0 0.075 0.4109375 0.05625 0.040625
3.0 0.13515625 0.3921875 0.0328125 0.05625
3.0 0.02890625 0.37578125 0.0359375 0.0359375
3.0 0.115625 0.3390625 0.09375 0.040625
3.0 0.03984375 0.20859375 0.0703125 0.0890625
3.0 0.20234375 0.271875 0.0328125 0.025
3.0 0.3015625 0.2671875 0.040625 0.034375
3.0 0.2984375 0.215625 0.040625 0.025
3.0 0.47890625 0.21953125 0.1171875 0.0484375
3.0 0.43203125 0.1859375 0.0859375 0.065625
3.0 0.6484375 0.11015625 0.0375 0.0171875
3.0 0.690625 0.23046875 0.034375 0.0421875
3.0 0.3484375 0.08125 0.05 0.0375
3.0 0.2625 0.13984375 0.03125 0.0296875
3.0 0.2078125 0.07890625 0.06875 0.0453125
3.0 0.31328125 0.03984375 0.0265625 0.0171875
3.0 0.4171875 0.06015625 0.0625 0.0453125
3.0 0.92109375 0.475 0.0296875 0.034375
3.0 0.70078125 0.4640625 0.0265625 0.025
3.0 0.7703125 0.28984375 0.0375 0.0140625
3.0 0.7984375 0.259375 0.03125 0.01875
3.0 0.8484375 0.30078125 0.034375 0.0203125
3.0 0.2140625 0.2234375 0.05 0.021875
