3.0 0.61953125 0.6875 0.1171875 0.0875
3.0 0.70234375 0.65625 0.0953125 0.078125
3.0 0.8046875 0.609375 0.140625 0.084375
3.0 0.2640625 0.715625 0.121875 0.084375
3.0 0.3921875 0.8328125 0.153125 0.10625
3.0 0.253125 0.80546875 0.109375 0.0890625
3.0 0.42265625 0.68515625 0.0671875 0.0515625
3.0 0.475 0.70234375 0.159375 0.1046875
3.0 0.43515625 0.65546875 0.0546875 0.0390625
3.0 0.44375 0.6296875 0.065625 0.046875
3.0 0.35390625 0.634375 0.1234375 0.084375
3.0 0.99375 0.45078125 0.0125 0.0515625
3.0 0.83046875 0.48671875 0.0671875 0.0421875
3.0 0.609375 0.54453125 0.078125 0.0515625
3.0 0.62890625 0.58984375 0.0734375 0.0484375
3.0 0.53203125 0.5625 0.0953125 0.078125
3.0 0.68671875 0.42578125 0.0578125 0.0421875
3.0 0.8296875 0.36171875 0.23125 0.1515625
3.0 0.52578125 0.3328125 0.2046875 0.18125
3.0 0.6109375 0.490625 0.05625 0.040625
3.0 0.3625 0.56015625 0.103125 0.0765625
3.0 0.22109375 0.6703125 0.1921875 0.115625
3.0 0.19609375 0.5515625 0.1015625 0.078125
3.0 0.5359375 0.0234375 0.165625 0.046875
3.0 0.6640625 0.08359375 0.140625 0.1109375
3.0 0.0125 0.30234375 0.025 0.0671875
3.0 0.07421875 0.6640625 0.0796875 0.071875
3.0 0.14375 0.75703125 0.075 0.0671875
