3.0 0.815625 0.18828125 0.05 0.0515625
3.0 0.48359375 0.74375 0.3140625 0.409375
2.0 0.19140625 0.653125 0.1203125 0.2375
3.0 0.125 0.6015625 0.05 0.075
3.0 0.42578125 0.12109375 0.2671875 0.2359375
3.0 0.184375 0.0765625 0.1875 0.146875
3.0 0.0859375 0.2078125 0.171875 0.16875
3.0 0.10625 0.42578125 0.2125 0.2515625
3.0 0.8625 0.66015625 0.271875 0.4328125
3.0 0.70234375 0.40859375 0.0609375 0.0921875
3.0 0.621875 0.5 0.23125 0.215625
3.0 0.61875 0.32890625 0.1125 0.0609375
3.0 0.871875 0.97109375 0.24375 0.0515625
3.0 0.24609375 0.25859375 0.0859375 0.1265625
3.0 0.58125 0.14765625 0.146875 0.1046875
