3.0 0.83203125 0.4390625 0.0484375 0.053125
3.0 0.73203125 0.40078125 0.0578125 0.0390625
3.0 0.65625 0.37578125 0.04375 0.0421875
3.0 0.5984375 0.56640625 0.046875 0.0671875
3.0 0.1171875 0.67265625 0.084375 0.0703125
3.0 0.04609375 0.62421875 0.0859375 0.0578125
3.0 0.621875 0.23125 0.1 0.025
3.0 0.6265625 0.3109375 0.05625 0.040625
3.0 0.8015625 0.22421875 0.059375 0.0265625
3.0 0.8109375 0.1234375 0.075 0.021875
3.0 0.76953125 0.0859375 0.0390625 0.021875
3.0 0.68203125 0.20078125 0.0265625 0.0203125
3.0 0.7234375 0.20390625 0.0125 0.0140625
3.0 0.90859375 0.74453125 0.0796875 0.0421875
3.0 0.8953125 0.64296875 0.025 0.0234375
3.0 0.9171875 0.59453125 0.109375 0.0390625
3.0 0.52578125 0.38828125 0.0515625 0.0578125
3.0 0.49609375 0.428125 0.0828125 0.034375
3.0 0.91484375 0.3875 0.0453125 0.04375
3.0 0.92890625 0.47109375 0.0765625 0.0296875
3.0 0.8296875 0.4828125 0.075 0.025
3.0 0.14296875 0.47734375 0.0953125 0.0234375
