3.0 0.3375 0.70234375 0.115625 0.0796875
3.0 0.33359375 0.76875 0.1671875 0.0625
3.0 0.221875 0.68359375 0.103125 0.0859375
3.0 0.16640625 0.5703125 0.1828125 0.125
3.0 0.10234375 0.53828125 0.0515625 0.0359375
3.0 0.34375 0.5609375 0.140625 0.053125
3.0 0.49609375 0.5109375 0.0546875 0.0625
3.0 0.58046875 0.48046875 0.0328125 0.0515625
3.0 0.62265625 0.5359375 0.0828125 0.06875
3.0 0.584375 0.62421875 0.040625 0.0484375
3.0 0.7515625 0.78203125 0.178125 0.0484375
3.0 0.525 0.9 0.215625 0.171875
3.0 0.81953125 0.4734375 0.3609375 0.240625
3.0 0.153125 0.18828125 0.084375 0.0609375
3.0 0.14765625 0.196875 0.2453125 0.1125
3.0 0.07109375 0.2890625 0.0640625 0.028125
3.0 0.0453125 0.3390625 0.05 0.0625
3.0 0.11875 0.33359375 0.05 0.0578125
3.0 0.16953125 0.3 0.0359375 0.0375
3.0 0.26484375 0.2875 0.0421875 0.06875
3.0 0.328125 0.30625 0.071875 0.03125
3.0 0.17890625 0.42734375 0.0359375 0.0421875
3.0 0.0984375 0.4328125 0.1 0.0875
3.0 0.50546875 0.3875 0.0671875 0.053125
3.0 0.95859375 0.96015625 0.0421875 0.0171875
3.0 0.89140625 0.16328125 0.1765625 0.3265625
3.0 0.94375 0.35 0.109375 0.059375
3.0 0.43984375 0.26796875 0.0609375 0.0421875
