3.0 0.01015625 0.3328125 0.0203125 0.096875
3.0 0.0140625 0.440625 0.028125 0.1
3.0 0.16328125 0.084375 0.0765625 0.16875
3.0 0.28515625 0.0625 0.0921875 0.09375
3.0 0.2078125 0.23046875 0.040625 0.1203125
3.0 0.1625 0.31328125 0.059375 0.0734375
3.0 0.2609375 0.2296875 0.0375 0.10625
3.0 0.15625 0.42421875 0.053125 0.1140625
3.0 0.18125 0.49375 0.071875 0.046875
3.0 0.1484375 0.63203125 0.025 0.0453125
3.0 0.03828125 0.74140625 0.0765625 0.0421875
3.0 0.16015625 0.75390625 0.0390625 0.0765625
3.0 0.45234375 0.31328125 0.0359375 0.1921875
3.0 0.56875 0.38046875 0.078125 0.1421875
3.0 0.60859375 0.496875 0.0359375 0.065625
