3.0 0.47109375 0.14375 0.2296875 0.284375
3.0 0.2765625 0.121875 0.146875 0.228125
3.0 0.1546875 0.04453125 0.04375 0.0734375
3.0 0.0953125 0.16171875 0.190625 0.2703125
3.0 0.12578125 0.4421875 0.2484375 0.290625
2.0 0.2328125 0.66015625 0.109375 0.2203125
3.0 0.1625 0.61171875 0.05 0.0734375
3.0 0.621875 0.16796875 0.103125 0.0921875
3.0 0.8875 0.66171875 0.215625 0.4359375
3.0 0.5265625 0.77578125 0.31875 0.3796875
3.0 0.665625 0.53046875 0.21875 0.2015625
3.0 0.746875 0.42890625 0.065625 0.0890625
3.0 0.678125 0.41171875 0.078125 0.0546875
3.0 0.31875 0.48828125 0.078125 0.1859375
3.0 0.2890625 0.26875 0.103125 0.115625
