3.0 0.853125 0.26484375 0.053125 0.0828125
3.0 0.74921875 0.42578125 0.0484375 0.0828125
3.0 0.865625 0.49140625 0.09375 0.1515625
3.0 0.840625 0.41015625 0.025 0.0359375
3.0 0.81796875 0.46875 0.0390625 0.05625
3.0 0.9203125 0.74453125 0.075 0.0609375
3.0 0.9671875 0.878125 0.03125 0.053125
3.0 0.91015625 0.93515625 0.1734375 0.1296875
3.0 0.75703125 0.77578125 0.0234375 0.0328125
3.0 0.94375 0.15703125 0.096875 0.0578125
3.0 0.93125 0.11015625 0.121875 0.0609375
3.0 0.93671875 0.06875 0.1078125 0.03125
3.0 0.9359375 0.19296875 0.08125 0.0328125
3.0 0.79609375 0.184375 0.0203125 0.040625
3.0 0.82890625 0.19765625 0.0328125 0.0671875
3.0 0.79765625 0.24296875 0.0265625 0.0203125
3.0 0.78828125 0.296875 0.0515625 0.04375
3.0 0.77578125 0.01953125 0.0203125 0.0359375
3.0 0.73984375 0.05625 0.0203125 0.03125
3.0 0.51171875 0.10703125 0.0578125 0.0578125
3.0 0.50546875 0.17734375 0.0578125 0.0734375
3.0 0.446875 0.0265625 0.046875 0.05
3.0 0.36328125 0.07421875 0.0546875 0.0578125
3.0 0.38203125 0.17890625 0.0171875 0.0234375
3.0 0.34765625 0.21015625 0.0609375 0.0421875
3.0 0.35546875 0.29609375 0.0546875 0.0609375
3.0 0.33671875 0.40625 0.0609375 0.046875
3.0 0.27890625 0.40078125 0.0734375 0.0953125
3.0 0.2859375 0.3015625 0.040625 0.071875
3.0 0.16171875 0.359375 0.0515625 0.05
3.0 0.08515625 0.27734375 0.0609375 0.0921875
3.0 0.0890625 0.4671875 0.078125 0.075
3.0 0.0546875 0.55859375 0.0625 0.0890625
3.0 0.028125 0.409375 0.025 0.059375
3.0 0.0109375 0.34375 0.021875 0.040625
3.0 0.11328125 0.8421875 0.0296875 0.075
3.0 0.12578125 0.75625 0.0359375 0.06875
3.0 0.26640625 0.62265625 0.0453125 0.0796875
3.0 0.275 0.68203125 0.034375 0.0265625
3.0 0.21953125 0.5359375 0.0859375 0.096875
3.0 0.228125 0.63515625 0.028125 0.0296875
3.0 0.30078125 0.93984375 0.0484375 0.0453125
3.0 0.35390625 0.890625 0.0265625 0.0375
3.0 0.2046875 0.95859375 0.028125 0.0796875
3.0 0.38515625 0.79296875 0.0484375 0.0796875
3.0 0.50234375 0.4765625 0.0421875 0.034375
3.0 0.61875 0.346875 0.040625 0.053125
3.0 0.56015625 0.303125 0.0359375 0.034375
3.0 0.58359375 0.5015625 0.0421875 0.0625
