3.0 0.04296875 0.1546875 0.0859375 0.065625
3.0 0.228125 0.0578125 0.071875 0.053125
3.0 0.30625 0.075 0.0625 0.046875
3.0 0.3390625 0.025 0.121875 0.05
3.0 0.50703125 0.05 0.1859375 0.1
3.0 0.35859375 0.08828125 0.0796875 0.0578125
3.0 0.1140625 0.353125 0.084375 0.0625
3.0 0.30234375 0.33984375 0.1046875 0.0796875
3.0 0.2921875 0.24453125 0.090625 0.0671875
3.0 0.28515625 0.3875 0.0828125 0.0625
3.0 0.028125 0.33984375 0.05625 0.0890625
3.0 0.0109375 0.38515625 0.021875 0.0328125
3.0 0.5796875 0.10234375 0.03125 0.0234375
3.0 0.4921875 0.171875 0.0375 0.028125
3.0 0.01953125 0.5015625 0.0390625 0.028125
3.0 0.0484375 0.5546875 0.053125 0.040625
3.0 0.29453125 0.61796875 0.0796875 0.0609375
3.0 0.29609375 0.6703125 0.0796875 0.059375
3.0 0.40859375 0.6890625 0.1171875 0.0875
3.0 0.3625 0.6453125 0.0625 0.046875
3.0 0.36796875 0.55859375 0.0734375 0.0546875
3.0 0.36015625 0.60625 0.0484375 0.0375
3.0 0.4859375 0.54375 0.0625 0.046875
3.0 0.55703125 0.5953125 0.0640625 0.046875
3.0 0.6171875 0.58203125 0.059375 0.0453125
3.0 0.68359375 0.5515625 0.0796875 0.059375
3.0 0.459375 0.76328125 0.15625 0.1171875
3.0 0.51796875 0.6984375 0.0703125 0.053125
3.0 0.60390625 0.63671875 0.0734375 0.0546875
3.0 0.51015625 0.634375 0.0859375 0.065625
3.0 0.67578125 0.60234375 0.0640625 0.0484375
3.0 0.7078125 0.684375 0.175 0.13125
3.0 0.7453125 0.56328125 0.059375 0.0453125
3.0 0.73359375 0.603125 0.0546875 0.040625
3.0 0.7890625 0.62265625 0.0625 0.0453125
3.0 0.83359375 0.59140625 0.0734375 0.0546875
3.0 0.80859375 0.54921875 0.0703125 0.0515625
3.0 0.79609375 0.52421875 0.0828125 0.0609375
3.0 0.86015625 0.390625 0.0640625 0.046875
3.0 0.95078125 0.40390625 0.0984375 0.0828125
3.0 0.96875 0.5625 0.0625 0.046875
3.0 0.82890625 0.6890625 0.0796875 0.059375
3.0 0.89609375 0.6734375 0.0859375 0.065625
3.0 0.83515625 0.74453125 0.0546875 0.0421875
3.0 0.72265625 0.76796875 0.0984375 0.0734375
3.0 0.8109375 0.78046875 0.0375 0.0296875
3.0 0.86875 0.61875 0.08125 0.059375
3.0 0.7109375 0.684375 0.053125 0.040625
3.0 0.74453125 0.21796875 0.0453125 0.0328125
3.0 0.79765625 0.38515625 0.0859375 0.0640625
3.0 0.42109375 0.4421875 0.0640625 0.046875
