3.0 0.47890625 0.7078125 0.0890625 0.0625
3.0 0.57109375 0.71171875 0.0640625 0.0609375
3.0 0.690625 0.70859375 0.13125 0.0390625
3.0 0.15234375 0.59921875 0.0984375 0.0546875
3.0 0.18515625 0.7484375 0.1234375 0.06875
3.0 0.0828125 0.6734375 0.071875 0.071875
3.0 0.309375 0.63203125 0.046875 0.0390625
3.0 0.34375 0.665625 0.1375 0.0625
3.0 0.33984375 0.6109375 0.0421875 0.028125
3.0 0.36484375 0.5921875 0.0484375 0.034375
3.0 0.28359375 0.5625 0.0984375 0.05625
3.0 0.98203125 0.65078125 0.0359375 0.0453125
3.0 0.7953125 0.6125 0.0625 0.021875
3.0 0.565625 0.5796875 0.065625 0.03125
3.0 0.55078125 0.6265625 0.0640625 0.028125
3.0 0.4859375 0.56640625 0.0625 0.0640625
3.0 0.71015625 0.50625 0.0453125 0.028125
3.0 0.87734375 0.503125 0.1953125 0.090625
3.0 0.6328125 0.36484375 0.1125 0.1609375
3.0 0.6015625 0.534375 0.04375 0.028125
3.0 0.340625 0.50078125 0.071875 0.0578125
3.0 0.14453125 0.54296875 0.1765625 0.0578125
3.0 0.2015625 0.43125 0.071875 0.059375
3.0 0.87734375 0.06171875 0.1046875 0.1140625
3.0 0.79453125 0.01171875 0.0359375 0.0234375
3.0 0.91796875 0.20078125 0.0953125 0.0859375
3.0 0.17734375 0.13359375 0.0734375 0.0453125
3.0 0.02109375 0.48359375 0.0390625 0.0671875
3.0 0.01953125 0.590625 0.0390625 0.0625
