3.0 0.1421875 0.78125 0.075 0.09375
3.0 0.04921875 0.90703125 0.0890625 0.1703125
3.0 0.49453125 0.66953125 0.3109375 0.6515625
3.0 0.8859375 0.81328125 0.228125 0.3421875
3.0 0.46953125 0.1609375 0.3859375 0.321875
3.0 0.7 0.23203125 0.078125 0.1859375
3.0 0.8265625 0.1359375 0.146875 0.221875
3.0 0.8859375 0.51171875 0.228125 0.2390625
3.0 0.8875 0.29453125 0.225 0.1953125
3.0 0.18515625 0.41640625 0.1234375 0.1859375
3.0 0.184375 0.08515625 0.15625 0.1703125
3.0 0.1046875 0.2546875 0.109375 0.06875
