3.0 0.87265625 0.31953125 0.0734375 0.1390625
3.0 0.79765625 0.365625 0.0734375 0.06875
3.0 0.7875 0.44140625 0.065625 0.0703125
3.0 0.6609375 0.1890625 0.053125 0.125
3.0 0.5828125 0.09453125 0.10625 0.0671875
3.0 0.575 0.1765625 0.065625 0.065625
3.0 0.91015625 0.04765625 0.0640625 0.0890625
3.0 0.75703125 0.0859375 0.0609375 0.0875
3.0 0.6 0.01484375 0.046875 0.0234375
3.0 0.85859375 0.434375 0.0390625 0.040625
3.0 0.6296875 0.29375 0.028125 0.084375
3.0 0.6609375 0.35234375 0.040625 0.0515625
3.0 0.59296875 0.29375 0.0265625 0.075
3.0 0.665625 0.4296875 0.0375 0.08125
3.0 0.6484375 0.47890625 0.05 0.0328125
3.0 0.67109375 0.575 0.0171875 0.03125
3.0 0.74921875 0.65078125 0.0546875 0.0296875
3.0 0.66328125 0.66015625 0.0265625 0.0546875
3.0 0.89296875 0.59453125 0.0515625 0.0515625
3.0 0.9015625 0.63671875 0.01875 0.0171875
3.0 0.82578125 0.6 0.0609375 0.046875
3.0 0.4578125 0.35234375 0.025 0.1359375
3.0 0.3765625 0.39921875 0.053125 0.0984375
3.0 0.34921875 0.48046875 0.0265625 0.0453125
