3.0 0.459375 0.7875 0.053125 0.040625
3.0 0.70390625 0.5921875 0.0421875 0.04375
3.0 0.65546875 0.578125 0.0265625 0.04375
3.0 0.58515625 0.4703125 0.0515625 0.05
3.0 0.59609375 0.53828125 0.0796875 0.0265625
3.0 0.54453125 0.48046875 0.0328125 0.0421875
3.0 0.51484375 0.53359375 0.0234375 0.0140625
3.0 0.97265625 0.7015625 0.0265625 0.040625
3.0 0.9375 0.69296875 0.03125 0.0328125
3.0 0.42421875 0.98984375 0.0296875 0.0171875
3.0 0.02265625 0.81171875 0.0234375 0.0515625
3.0 0.0359375 0.678125 0.053125 0.03125
3.0 0.134375 0.6984375 0.034375 0.0375
3.0 0.3359375 0.7078125 0.075 0.0375
3.0 0.47421875 0.65546875 0.0515625 0.0328125
3.0 0.490625 0.69296875 0.01875 0.0296875
3.0 0.084375 0.59921875 0.090625 0.0703125
3.0 0.18359375 0.55390625 0.0953125 0.0359375
3.0 0.20703125 0.609375 0.0296875 0.04375
3.0 0.0859375 0.54140625 0.065625 0.0421875
3.0 0.42265625 0.5953125 0.0234375 0.046875
3.0 0.1671875 0.48046875 0.096875 0.0453125
3.0 0.0296875 0.4609375 0.0375 0.028125
3.0 0.33515625 0.51171875 0.1046875 0.0828125
3.0 0.36328125 0.43828125 0.0921875 0.0390625
3.0 0.4234375 0.5296875 0.059375 0.0375
3.0 0.19453125 0.40078125 0.1203125 0.0953125
3.0 0.23515625 0.31171875 0.1328125 0.0765625
3.0 0.29140625 0.34765625 0.0734375 0.0828125
3.0 0.4296875 0.41484375 0.071875 0.0640625
3.0 0.62734375 0.34375 0.1265625 0.08125
3.0 0.69140625 0.26875 0.0796875 0.09375
3.0 0.75078125 0.24765625 0.0546875 0.0578125
3.0 0.771875 0.2984375 0.078125 0.0375
3.0 0.80078125 0.359375 0.0953125 0.04375
3.0 0.8453125 0.415625 0.04375 0.021875
3.0 0.8765625 0.365625 0.028125 0.034375
3.0 0.8203125 0.38125 0.015625 0.025
3.0 0.8640625 0.390625 0.025 0.01875
3.0 0.8984375 0.40703125 0.046875 0.0453125
3.0 0.9234375 0.40703125 0.028125 0.0453125
3.0 0.72890625 0.16484375 0.0328125 0.0453125
3.0 0.6625 0.15625 0.05 0.046875
3.0 0.6125 0.1546875 0.04375 0.040625
3.0 0.56328125 0.2203125 0.0390625 0.05
3.0 0.50546875 0.19765625 0.0984375 0.0203125
3.0 0.47734375 0.13828125 0.0859375 0.0328125
3.0 0.28046875 0.03125 0.0421875 0.034375
3.0 0.05234375 0.04296875 0.0546875 0.0703125
3.0 0.84609375 0.0765625 0.0984375 0.0625
3.0 0.85546875 0.01875 0.0296875 0.021875
3.0 0.94609375 0.06640625 0.0703125 0.0609375
3.0 0.0296875 0.33515625 0.059375 0.0390625
