3.0 0.55859375 0.3875 0.4546875 0.59375
3.0 0.64921875 0.609375 0.3328125 0.403125
3.0 0.2328125 0.5546875 0.465625 0.671875
3.0 0.29375 0.60234375 0.21875 0.2828125
3.0 0.34765625 0.8734375 0.1609375 0.20625
3.0 0.42578125 0.74296875 0.1671875 0.2171875
3.0 0.23671875 0.953125 0.1453125 0.09375
3.0 0.478125 0.84140625 0.115625 0.1578125
3.0 0.70234375 0.84375 0.1078125 0.15
3.0 0.72890625 0.74140625 0.0703125 0.1015625
3.0 0.803125 0.67109375 0.103125 0.1484375
3.0 0.41796875 0.9359375 0.1296875 0.128125
3.0 0.46484375 0.94453125 0.2515625 0.1109375
3.0 0.6125 0.97265625 0.053125 0.0546875
