3.0 0.91640625 0.7828125 0.0578125 0.05
3.0 0.953125 0.9140625 0.053125 0.0375
3.0 0.89765625 0.909375 0.0296875 0.028125
3.0 0.96796875 0.96875 0.0359375 0.025
3.0 0.60859375 0.33984375 0.0359375 0.0453125
3.0 0.66015625 0.3578125 0.0265625 0.034375
3.0 0.4234375 0.17109375 0.0375 0.0453125
3.0 0.38515625 0.209375 0.0328125 0.0375
3.0 0.853125 0.403125 0.025 0.0375
3.0 0.7609375 0.4703125 0.034375 0.046875
3.0 0.909375 0.346875 0.065625 0.0375
3.0 0.86484375 0.33125 0.0296875 0.053125
3.0 0.62578125 0.2171875 0.0609375 0.025
