3.0 0.790625 0.63359375 0.06875 0.0609375
3.0 0.6796875 0.646875 0.06875 0.05
3.0 0.596875 0.653125 0.059375 0.05
3.0 0.621875 0.45859375 0.071875 0.0734375
3.0 0.2078125 0.24609375 0.109375 0.0859375
3.0 0.11953125 0.275 0.1046875 0.075
3.0 0.5046875 0.78203125 0.10625 0.0484375
3.0 0.5421875 0.70703125 0.06875 0.0515625
3.0 0.67265625 0.83046875 0.0671875 0.0390625
3.0 0.63984375 0.92890625 0.0796875 0.0390625
3.0 0.5859375 0.95546875 0.046875 0.0296875
3.0 0.54921875 0.825 0.0328125 0.025
3.0 0.590625 0.8328125 0.01875 0.015625
3.0 0.97109375 0.36171875 0.0578125 0.0578125
3.0 0.93515625 0.4546875 0.0328125 0.028125
3.0 0.9359375 0.50625 0.11875 0.0625
3.0 0.478125 0.6109375 0.071875 0.065625
3.0 0.4671875 0.565625 0.09375 0.053125
3.0 0.8484375 0.7015625 0.0625 0.053125
3.0 0.89609375 0.625 0.0859375 0.046875
3.0 0.80625 0.590625 0.08125 0.040625
3.0 0.15078125 0.43671875 0.1015625 0.0453125
