3.0 0.6578125 0.071875 0.04375 0.053125
3.0 0.72890625 0.0640625 0.0359375 0.053125
3.0 0.62265625 0.1703125 0.0328125 0.046875
3.0 0.6765625 0.1453125 0.046875 0.046875
3.0 0.62734375 0.24453125 0.0203125 0.0265625
3.0 0.49765625 0.265625 0.0421875 0.03125
3.0 0.5859375 0.284375 0.05625 0.025
3.0 0.63828125 0.2765625 0.0203125 0.01875
3.0 0.5171875 0.4234375 0.05 0.021875
3.0 0.4859375 0.40703125 0.028125 0.0328125
3.0 0.95859375 0.403125 0.0453125 0.05
3.0 0.74765625 0.41953125 0.0484375 0.0390625
3.0 0.83671875 0.40390625 0.0828125 0.0359375
3.0 0.66640625 0.47578125 0.0484375 0.0265625
3.0 0.59453125 0.5265625 0.0390625 0.04375
3.0 0.53203125 0.4890625 0.0921875 0.06875
3.0 0.90859375 0.5203125 0.0640625 0.0375
3.0 0.90546875 0.59140625 0.0640625 0.0703125
3.0 0.85546875 0.57109375 0.0390625 0.0328125
3.0 0.78671875 0.575 0.0515625 0.046875
3.0 0.84453125 0.66015625 0.0921875 0.0515625
3.0 0.965625 0.665625 0.015625 0.025
3.0 0.89375 0.740625 0.05 0.028125
3.0 0.76484375 0.72421875 0.1078125 0.0546875
3.0 0.64921875 0.6875 0.0890625 0.05625
3.0 0.596875 0.6328125 0.03125 0.034375
3.0 0.62265625 0.58515625 0.0421875 0.0359375
3.0 0.678125 0.625 0.03125 0.01875
3.0 0.384375 0.67109375 0.184375 0.2015625
3.0 0.23125 0.58671875 0.04375 0.0484375
3.0 0.2078125 0.51796875 0.040625 0.0234375
3.0 0.4546875 0.5171875 0.028125 0.03125
3.0 0.53515625 0.52109375 0.0328125 0.0265625
3.0 0.41875 0.48359375 0.040625 0.0328125
3.0 0.1109375 0.63359375 0.065625 0.0390625
3.0 0.71171875 0.809375 0.1109375 0.10625
3.0 0.559375 0.66953125 0.06875 0.0390625
3.0 0.5546875 0.76796875 0.171875 0.0765625
3.0 0.45546875 0.7890625 0.0890625 0.0625
3.0 0.646875 0.89375 0.225 0.14375
3.0 0.4890625 0.85625 0.0875 0.0625
3.0 0.41640625 0.8375 0.0359375 0.046875
3.0 0.21328125 0.790625 0.0421875 0.05
3.0 0.1296875 0.7171875 0.0875 0.04375
3.0 0.0140625 0.85859375 0.028125 0.0515625
3.0 0.02578125 0.93359375 0.0484375 0.0421875
3.0 0.18671875 0.92890625 0.0546875 0.0546875
3.0 0.23046875 0.8828125 0.1484375 0.090625
3.0 0.334375 0.84140625 0.05 0.0578125
3.0 0.040625 0.7375 0.028125 0.028125
