3.0 0.3296875 0.8921875 0.096875 0.046875
3.0 0.19765625 0.86796875 0.0390625 0.0515625
3.0 0.14140625 0.8578125 0.0578125 0.09375
3.0 0.20859375 0.7296875 0.0796875 0.046875
3.0 0.28515625 0.771875 0.0890625 0.06875
3.0 0.23671875 0.7828125 0.0328125 0.01875
3.0 0.25234375 0.8328125 0.0578125 0.028125
3.0 0.19453125 0.665625 0.0421875 0.025
3.0 0.35078125 0.71875 0.0984375 0.075
3.0 0.403125 0.69375 0.03125 0.065625
3.0 0.4203125 0.6453125 0.096875 0.053125
3.0 0.51171875 0.746875 0.0421875 0.071875
3.0 0.471875 0.76640625 0.03125 0.0265625
3.0 0.55703125 0.70625 0.0859375 0.06875
3.0 0.60234375 0.6578125 0.0453125 0.05
3.0 0.528125 0.60625 0.1125 0.121875
3.0 0.596875 0.59375 0.046875 0.053125
3.0 0.5421875 0.65546875 0.03125 0.0265625
3.0 0.45234375 0.55 0.1078125 0.1
3.0 0.58203125 0.5171875 0.0703125 0.078125
3.0 0.64921875 0.4703125 0.0765625 0.075
3.0 0.6078125 0.38984375 0.096875 0.0828125
3.0 0.51640625 0.30234375 0.0578125 0.0890625
3.0 0.53046875 0.39140625 0.0609375 0.0421875
3.0 0.53203125 0.44140625 0.0453125 0.0578125
3.0 0.42890625 0.41640625 0.0578125 0.0828125
3.0 0.35 0.4640625 0.071875 0.075
3.0 0.3015625 0.475 0.05625 0.09375
3.0 0.3265625 0.36015625 0.071875 0.0703125
3.0 0.27265625 0.25546875 0.0296875 0.0296875
3.0 0.303125 0.2953125 0.03125 0.034375
3.0 0.35234375 0.2609375 0.0609375 0.05625
3.0 0.4328125 0.30703125 0.040625 0.0765625
3.0 0.428125 0.10859375 0.0625 0.1296875
3.0 0.34453125 0.08046875 0.0515625 0.0953125
3.0 0.503125 0.03359375 0.121875 0.0671875
3.0 0.48671875 0.08984375 0.0453125 0.0796875
3.0 0.69765625 0.2640625 0.0265625 0.034375
3.0 0.54375 0.22421875 0.0375 0.0234375
3.0 0.615625 0.26015625 0.0375 0.0328125
3.0 0.6 0.33046875 0.015625 0.0390625
3.0 0.7421875 0.09453125 0.040625 0.0640625
3.0 0.796875 0.02734375 0.084375 0.0546875
3.0 0.784375 0.06953125 0.03125 0.0359375
3.0 0.8046875 0.2875 0.025 0.053125
3.0 0.76171875 0.25 0.0328125 0.053125
3.0 0.8 0.21796875 0.05625 0.0359375
3.0 0.9734375 0.3125 0.028125 0.025
3.0 0.7125 0.3828125 0.01875 0.025
3.0 0.2578125 0.2 0.075 0.040625
3.0 0.3375 0.18046875 0.028125 0.0484375
3.0 0.221875 0.26796875 0.053125 0.0421875
3.0 0.078125 0.40390625 0.0375 0.0640625
3.0 0.0046875 0.4421875 0.009375 0.034375
