3.0 0.71875 0.0375 0.09375 0.040625
3.0 0.4828125 0.3765625 0.071875 0.071875
3.0 0.3625 0.203125 0.0375 0.028125
3.0 0.21015625 0.209375 0.1640625 0.06875
3.0 0.16484375 0.1078125 0.1078125 0.071875
3.0 0.23984375 0.1265625 0.0296875 0.03125
3.0 0.228125 0.34453125 0.0625 0.0671875
3.0 0.28671875 0.38828125 0.0234375 0.0515625
3.0 0.1046875 0.33046875 0.03125 0.0265625
3.0 0.03359375 0.36875 0.0296875 0.03125
3.0 0.6484375 0.41875 0.04375 0.040625
3.0 0.92890625 0.6296875 0.0640625 0.096875
3.0 0.05625 0.53203125 0.0625 0.0328125
3.0 0.009375 0.559375 0.01875 0.05
3.0 0.0953125 0.61015625 0.034375 0.0359375
3.0 0.0171875 0.60234375 0.034375 0.0359375
3.0 0.159375 0.60546875 0.046875 0.0484375
3.0 0.21796875 0.61796875 0.0671875 0.0296875
3.0 0.10625 0.76875 0.146875 0.065625
3.0 0.15 0.6578125 0.04375 0.03125
3.0 0.053125 0.8453125 0.096875 0.028125
3.0 0.95546875 0.96640625 0.0859375 0.0390625
3.0 0.77890625 0.97890625 0.0734375 0.0328125
3.0 0.71171875 0.90859375 0.0734375 0.0453125
3.0 0.67421875 0.81640625 0.0421875 0.0171875
3.0 0.73203125 0.78203125 0.0671875 0.0484375
3.0 0.73125 0.74375 0.03125 0.021875
3.0 0.74296875 0.70390625 0.0265625 0.0234375
3.0 0.49375 0.8859375 0.065625 0.021875
3.0 0.31640625 0.88359375 0.0296875 0.0265625
3.0 0.28125 0.890625 0.01875 0.01875
3.0 0.34453125 0.95 0.0546875 0.065625
3.0 0.23203125 0.92734375 0.0390625 0.0484375
3.0 0.15 0.928125 0.059375 0.065625
3.0 0.07890625 0.9484375 0.0484375 0.04375
3.0 0.03671875 0.98984375 0.0296875 0.0203125
3.0 0.01171875 0.97890625 0.0234375 0.0328125
3.0 0.57109375 0.9703125 0.0453125 0.021875
3.0 0.3328125 0.83828125 0.046875 0.0171875
3.0 0.58828125 0.765625 0.0421875 0.03125
3.0 0.5671875 0.80625 0.040625 0.034375
3.0 0.6140625 0.7984375 0.015625 0.015625
3.0 0.6765625 0.76328125 0.034375 0.0484375
3.0 0.646875 0.76328125 0.03125 0.0328125
