3.0 0.8453125 0.33671875 0.084375 0.0703125
3.0 0.865625 0.26953125 0.065625 0.0453125
3.0 0.9359375 0.3578125 0.065625 0.05625
3.0 0.98359375 0.4 0.0328125 0.046875
3.0 0.95390625 0.484375 0.0921875 0.09375
3.0 0.98984375 0.48828125 0.0203125 0.0640625
3.0 0.88125 0.4671875 0.0875 0.075
3.0 0.55 0.11953125 0.0625 0.0484375
3.0 0.57890625 0.1453125 0.0546875 0.04375
3.0 0.4234375 0.28203125 0.059375 0.0484375
3.0 0.40078125 0.25 0.0703125 0.053125
3.0 0.43984375 0.22734375 0.0296875 0.0234375
3.0 0.3890625 0.23203125 0.059375 0.0484375
3.0 0.5484375 0.24609375 0.04375 0.0359375
3.0 0.5046875 0.1734375 0.034375 0.025
3.0 0.93046875 0.603125 0.1390625 0.103125
3.0 0.8453125 0.5875 0.05 0.0375
3.0 0.68984375 0.41953125 0.0421875 0.0328125
3.0 0.678125 0.38203125 0.06875 0.0546875
3.0 0.81171875 0.40703125 0.0484375 0.0390625
3.0 0.86640625 0.4171875 0.0359375 0.025
3.0 0.5734375 0.40078125 0.028125 0.0234375
3.0 0.546875 0.3796875 0.025 0.021875
3.0 0.62890625 0.42578125 0.0390625 0.0265625
3.0 0.6015625 0.4171875 0.028125 0.021875
3.0 0.6328125 0.5015625 0.053125 0.04375
3.0 0.63046875 0.5703125 0.1546875 0.1125
3.0 0.51328125 0.60546875 0.1453125 0.1171875
3.0 0.4328125 0.59609375 0.1125 0.0921875
3.0 0.459375 0.53203125 0.10625 0.0765625
3.0 0.4640625 0.475 0.075 0.053125
3.0 0.47265625 0.4453125 0.0359375 0.028125
3.0 0.43125 0.45390625 0.046875 0.0390625
3.0 0.390625 0.42265625 0.046875 0.0328125
3.0 0.35859375 0.44296875 0.0453125 0.0359375
3.0 0.44296875 0.40078125 0.0671875 0.0515625
3.0 0.403125 0.3890625 0.05625 0.04375
3.0 0.45390625 0.31796875 0.0265625 0.0203125
3.0 0.26015625 0.39375 0.0484375 0.034375
3.0 0.1890625 0.440625 0.046875 0.0375
3.0 0.13046875 0.47578125 0.0421875 0.0296875
3.0 0.1265625 0.50625 0.040625 0.034375
3.0 0.08046875 0.5 0.0359375 0.03125
3.0 0.09765625 0.51015625 0.0328125 0.0296875
3.0 0.10546875 0.4859375 0.0265625 0.01875
3.0 0.2046875 0.56875 0.040625 0.03125
3.0 0.2828125 0.5921875 0.053125 0.034375
3.0 0.05859375 0.6546875 0.0890625 0.065625
3.0 0.0671875 0.70546875 0.08125 0.0609375
3.0 0.13828125 0.63671875 0.1078125 0.0828125
3.0 0.2078125 0.69453125 0.10625 0.0765625
3.0 0.15234375 0.69609375 0.0640625 0.0484375
3.0 0.1796875 0.7265625 0.0375 0.028125
3.0 0.03828125 0.78125 0.0765625 0.090625
3.0 0.06796875 0.76015625 0.0578125 0.0421875
3.0 0.11015625 0.79453125 0.1765625 0.1359375
3.0 0.1984375 0.81328125 0.13125 0.1109375
3.0 0.26171875 0.8171875 0.0921875 0.071875
3.0 0.2703125 0.75390625 0.08125 0.0671875
3.0 0.2296875 0.73515625 0.0625 0.0484375
3.0 0.27578125 0.70390625 0.0421875 0.0328125
3.0 0.0359375 0.8359375 0.06875 0.046875
3.0 0.35859375 0.85859375 0.0859375 0.0609375
3.0 0.396875 0.78828125 0.09375 0.0671875
3.0 0.309375 0.6625 0.103125 0.078125
3.0 0.18203125 0.61171875 0.0296875 0.0265625
3.0 0.15 0.5921875 0.034375 0.028125
3.0 0.4546875 0.72734375 0.0875 0.0640625
3.0 0.52578125 0.703125 0.0609375 0.046875
3.0 0.3578125 0.7046875 0.046875 0.040625
3.0 0.5109375 0.7671875 0.040625 0.03125
3.0 0.46796875 0.77265625 0.0421875 0.0328125
