3.0 0.5515625 0.6328125 0.10625 0.10625
3.0 0.28203125 0.32109375 0.1296875 0.1640625
3.0 0.384375 0.40703125 0.090625 0.0515625
3.0 0.5953125 0.28515625 0.09375 0.0953125
3.0 0.52734375 0.01484375 0.1640625 0.0296875
3.0 0.09921875 0.81796875 0.0734375 0.0734375
3.0 0.5734375 0.86328125 0.06875 0.1078125
3.0 0.65078125 0.93984375 0.1203125 0.1015625
3.0 0.8890625 0.24140625 0.2 0.1484375
3.0 0.74921875 0.36796875 0.0921875 0.0640625
3.0 0.7125 0.503125 0.065625 0.0625
3.0 0.64921875 0.53359375 0.0609375 0.0484375
3.0 0.4328125 0.1609375 0.175 0.071875
3.0 0.89921875 0.384375 0.0859375 0.109375
3.0 0.971875 0.4953125 0.05625 0.075
3.0 0.94140625 0.5921875 0.0609375 0.0375
3.0 0.8015625 0.47734375 0.078125 0.0515625
