3.0 0.7328125 0.1453125 0.084375 0.053125
3.0 0.571875 0.24921875 0.08125 0.0484375
3.0 0.50703125 0.1328125 0.1515625 0.09375
3.0 0.5875 0.1578125 0.034375 0.025
3.0 0.5296875 0.18046875 0.05625 0.0390625
3.0 0.25390625 0.078125 0.0609375 0.075
3.0 0.11953125 0.03125 0.0515625 0.03125
3.0 0.0640625 0.08828125 0.128125 0.1734375
3.0 0.221875 0.24140625 0.034375 0.0234375
3.0 0.84140625 0.0546875 0.0578125 0.096875
3.0 0.88828125 0.0671875 0.0609375 0.121875
3.0 0.9296875 0.06171875 0.03125 0.1078125
3.0 0.80546875 0.0625 0.0328125 0.08125
3.0 0.8140625 0.20234375 0.040625 0.0203125
3.0 0.80078125 0.16953125 0.0671875 0.0328125
3.0 0.75546875 0.20078125 0.0203125 0.0265625
3.0 0.70078125 0.21015625 0.0421875 0.0515625
3.0 0.97890625 0.22265625 0.0359375 0.0203125
3.0 0.9421875 0.25859375 0.03125 0.0203125
3.0 0.89140625 0.48671875 0.0578125 0.0578125
3.0 0.82109375 0.49296875 0.0734375 0.0578125
3.0 0.971875 0.5515625 0.05 0.046875
3.0 0.92421875 0.63515625 0.0578125 0.0546875
3.0 0.81953125 0.6171875 0.0234375 0.015625
3.0 0.78828125 0.65078125 0.0421875 0.0609375
3.0 0.70234375 0.64296875 0.0609375 0.0546875
3.0 0.59296875 0.66171875 0.0453125 0.0609375
3.0 0.59765625 0.71953125 0.0953125 0.0734375
3.0 0.69765625 0.7125 0.0734375 0.040625
3.0 0.6390625 0.83671875 0.05 0.0515625
3.0 0.72109375 0.91328125 0.0921875 0.0609375
3.0 0.5296875 0.909375 0.075 0.078125
3.0 0.43984375 0.94375 0.0890625 0.0625
3.0 0.5890625 0.9703125 0.059375 0.025
3.0 0.6546875 0.9875 0.040625 0.021875
3.0 0.15625 0.88515625 0.075 0.0296875
3.0 0.2421875 0.87265625 0.06875 0.0359375
3.0 0.37578125 0.73203125 0.0796875 0.0453125
3.0 0.31640625 0.7234375 0.0265625 0.034375
3.0 0.4625 0.77890625 0.096875 0.0859375
3.0 0.36328125 0.7703125 0.0296875 0.028125
3.0 0.0578125 0.69765625 0.04375 0.0484375
3.0 0.1078125 0.64453125 0.0375 0.0265625
3.0 0.03984375 0.79375 0.0796875 0.028125
3.0 0.20546875 0.61328125 0.0796875 0.0484375
3.0 0.521875 0.49609375 0.034375 0.0421875
3.0 0.6515625 0.3796875 0.053125 0.040625
3.0 0.6953125 0.43828125 0.034375 0.0359375
3.0 0.49609375 0.41484375 0.0609375 0.0421875
