3.0 0.2234375 0.6328125 0.1 0.071875
3.0 0.2265625 0.665625 0.0625 0.04375
3.0 0.28203125 0.63671875 0.1109375 0.0828125
3.0 0.24296875 0.5765625 0.0984375 0.08125
3.0 0.1703125 0.55234375 0.090625 0.0671875
3.0 0.1109375 0.54375 0.09375 0.06875
3.0 0.11484375 0.4890625 0.0828125 0.0625
3.0 0.15078125 0.39140625 0.0359375 0.0265625
3.0 0.01484375 0.45234375 0.0296875 0.0234375
3.0 0.17109375 0.25546875 0.1109375 0.0828125
3.0 0.1390625 0.26640625 0.11875 0.0859375
3.0 0.22734375 0.30546875 0.1171875 0.0953125
3.0 0.265625 0.25625 0.11875 0.103125
3.0 0.28828125 0.18671875 0.1171875 0.0828125
3.0 0.25234375 0.20390625 0.0453125 0.0328125
3.0 0.29375 0.5515625 0.0875 0.065625
3.0 0.2578125 0.515625 0.06875 0.053125
3.0 0.228125 0.528125 0.059375 0.05
3.0 0.20390625 0.4984375 0.0421875 0.03125
3.0 0.2296875 0.4359375 0.08125 0.06875
3.0 0.3109375 0.4625 0.071875 0.059375
3.0 0.26875 0.478125 0.04375 0.034375
3.0 0.353125 0.584375 0.053125 0.04375
3.0 0.38125 0.56328125 0.078125 0.0578125
3.0 0.4046875 0.603125 0.1 0.065625
3.0 0.3234375 0.49375 0.034375 0.025
3.0 0.4171875 0.51640625 0.05625 0.0453125
3.0 0.42265625 0.54609375 0.0390625 0.0265625
3.0 0.484375 0.67734375 0.109375 0.0734375
3.0 0.49921875 0.715625 0.1171875 0.071875
3.0 0.58203125 0.67109375 0.0796875 0.0578125
3.0 0.5921875 0.6265625 0.065625 0.053125
3.0 0.64453125 0.6125 0.1203125 0.09375
3.0 0.48984375 0.53828125 0.0796875 0.0546875
3.0 0.51484375 0.5703125 0.0828125 0.05625
3.0 0.4796875 0.49375 0.053125 0.040625
3.0 0.4359375 0.4921875 0.05 0.034375
3.0 0.33984375 0.4375 0.0828125 0.06875
3.0 0.359375 0.371875 0.0875 0.0625
3.0 0.425 0.40234375 0.053125 0.0421875
3.0 0.45390625 0.34609375 0.0390625 0.0296875
3.0 0.42890625 0.3140625 0.0734375 0.046875
3.0 0.3640625 0.32421875 0.04375 0.0328125
3.0 0.57734375 0.48046875 0.0609375 0.0453125
3.0 0.63203125 0.52109375 0.0640625 0.0421875
3.0 0.68828125 0.57890625 0.0515625 0.0359375
3.0 0.7046875 0.575 0.08125 0.05625
3.0 0.72109375 0.5265625 0.0390625 0.025
3.0 0.81171875 0.48515625 0.0546875 0.0421875
3.0 0.84453125 0.521875 0.0453125 0.03125
3.0 0.7296875 0.478125 0.03125 0.025
3.0 0.8140625 0.384375 0.065625 0.040625
3.0 0.8125 0.415625 0.040625 0.028125
3.0 0.825 0.2390625 0.04375 0.0375
3.0 0.7765625 0.3703125 0.046875 0.0375
3.0 0.46484375 0.440625 0.0453125 0.0375
3.0 0.62890625 0.0765625 0.1421875 0.1125
3.0 0.646875 0.1296875 0.03125 0.025
3.0 0.62109375 0.02421875 0.0953125 0.0484375
3.0 0.55390625 0.0390625 0.0640625 0.046875
3.0 0.55 0.109375 0.121875 0.096875
3.0 0.49296875 0.0609375 0.0515625 0.034375
3.0 0.42421875 0.09453125 0.0453125 0.0296875
3.0 0.49296875 0.16875 0.0609375 0.04375
3.0 0.51640625 0.2296875 0.0390625 0.03125
3.0 0.7828125 0.009375 0.05625 0.01875
3.0 0.83046875 0.00234375 0.0359375 0.0046875
3.0 0.9703125 0.3484375 0.053125 0.03125
3.0 0.92578125 0.36328125 0.0203125 0.0140625
3.0 0.8890625 0.33203125 0.028125 0.0203125
3.0 0.49140625 0.78671875 0.0640625 0.0453125
3.0 0.35625 0.66796875 0.040625 0.0296875
3.0 0.37421875 0.65859375 0.0296875 0.0265625
3.0 0.36796875 0.8 0.0515625 0.0375
3.0 0.40546875 0.79765625 0.0359375 0.0296875
3.0 0.35703125 0.77421875 0.0421875 0.0328125
3.0 0.07265625 0.59609375 0.0265625 0.0234375
3.0 0.05 0.59140625 0.028125 0.0265625
3.0 0.015625 0.48515625 0.01875 0.0140625
3.0 0.3125 0.3359375 0.0125 0.009375
