3.0 0.9390625 0.15078125 0.034375 0.0296875
3.0 0.91953125 0.2890625 0.0734375 0.075
3.0 0.90546875 0.2515625 0.0453125 0.025
3.0 0.56796875 0.246875 0.0484375 0.046875
3.0 0.5140625 0.190625 0.021875 0.05625
3.0 0.35 0.109375 0.05 0.025
3.0 0.334375 0.13515625 0.021875 0.0296875
3.0 0.33828125 0.19140625 0.0296875 0.0421875
3.0 0.3015625 0.20546875 0.021875 0.0296875
3.0 0.3265625 0.22890625 0.05625 0.0203125
3.0 0.48125 0.3578125 0.1 0.04375
3.0 0.428125 0.4234375 0.034375 0.034375
3.0 0.23515625 0.29375 0.0578125 0.03125
3.0 0.20625 0.203125 0.053125 0.05625
3.0 0.1265625 0.21953125 0.0625 0.0453125
3.0 0.11640625 0.2609375 0.0390625 0.028125
3.0 0.21328125 0.25703125 0.0453125 0.0359375
3.0 0.1796875 0.33046875 0.09375 0.0203125
3.0 0.19375 0.375 0.05 0.03125
3.0 0.253125 0.33203125 0.0375 0.0359375
3.0 0.1390625 0.41953125 0.025 0.0171875
3.0 0.27421875 0.50546875 0.0609375 0.0453125
3.0 0.21171875 0.54609375 0.0609375 0.0703125
3.0 0.45703125 0.50234375 0.0359375 0.0453125
3.0 0.68046875 0.5078125 0.0953125 0.053125
3.0 0.7265625 0.46015625 0.028125 0.0328125
3.0 0.5140625 0.42421875 0.053125 0.0359375
3.0 0.521875 0.58203125 0.040625 0.0234375
3.0 0.3765625 0.67109375 0.03125 0.0234375
3.0 0.32578125 0.6578125 0.0296875 0.028125
3.0 0.26875 0.665625 0.0375 0.03125
3.0 0.33046875 0.7015625 0.1171875 0.034375
3.0 0.46484375 0.69375 0.0828125 0.028125
3.0 0.31484375 0.8078125 0.0484375 0.046875
3.0 0.1171875 0.771875 0.059375 0.059375
3.0 0.20234375 0.78046875 0.0390625 0.0703125
3.0 0.25390625 0.83046875 0.0453125 0.0390625
3.0 0.2578125 0.88671875 0.096875 0.0515625
3.0 0.16484375 0.87265625 0.0546875 0.0421875
3.0 0.06015625 0.8859375 0.0578125 0.04375
3.0 0.0078125 0.92421875 0.015625 0.0328125
3.0 0.19765625 0.92734375 0.0359375 0.0328125
3.0 0.25234375 0.94453125 0.0578125 0.0484375
3.0 0.3078125 0.95 0.059375 0.028125
3.0 0.3875 0.9640625 0.034375 0.021875
3.0 0.36328125 0.93671875 0.0234375 0.0390625
3.0 0.41484375 0.87734375 0.0140625 0.0203125
3.0 0.42578125 0.94375 0.0140625 0.01875
3.0 0.2234375 0.9796875 0.03125 0.025
3.0 0.1796875 0.96328125 0.0375 0.0171875
3.0 0.1640625 0.94609375 0.0125 0.0140625
3.0 0.14453125 0.96953125 0.0203125 0.0171875
3.0 0.078125 0.990625 0.028125 0.015625
3.0 0.02109375 0.98984375 0.0390625 0.0171875
3.0 0.64765625 0.95078125 0.0328125 0.0203125
3.0 0.78828125 0.95703125 0.0390625 0.0390625
3.0 0.6 0.94140625 0.015625 0.0171875
3.0 0.57109375 0.95390625 0.0203125 0.0140625
3.0 0.771875 0.99375 0.040625 0.0125
3.0 0.66328125 0.97734375 0.0203125 0.0171875
3.0 0.84453125 0.7625 0.0140625 0.015625
3.0 0.8796875 0.74921875 0.01875 0.0140625
3.0 0.83671875 0.91171875 0.0265625 0.0265625
3.0 0.67265625 0.621875 0.0359375 0.04375
3.0 0.596875 0.58984375 0.025 0.0203125
3.0 0.8453125 0.63515625 0.034375 0.0453125
3.0 0.76796875 0.61328125 0.0671875 0.0484375
3.0 0.71875 0.6140625 0.01875 0.04375
3.0 0.625 0.37734375 0.1 0.0453125
3.0 0.375 0.51171875 0.09375 0.0609375
3.0 0.41640625 0.7609375 0.0453125 0.04375
3.0 0.5015625 0.725 0.040625 0.03125
