3.0 0.4609375 0.04921875 0.1875 0.0984375
3.0 0.67265625 0.01796875 0.0453125 0.0359375
3.0 0.071875 0.0765625 0.14375 0.1125
3.0 0.02578125 0.171875 0.0515625 0.0375
3.0 0.02578125 0.34765625 0.0515625 0.0953125
3.0 0.090625 0.34453125 0.05 0.0859375
3.0 0.15546875 0.2828125 0.0765625 0.19375
3.0 0.2625 0.10625 0.0875 0.08125
3.0 0.26953125 0.1953125 0.1109375 0.075
3.0 0.27734375 0.3296875 0.0953125 0.1875
3.0 0.43125 0.28203125 0.1 0.1890625
3.0 0.5203125 0.2484375 0.05625 0.0375
3.0 0.59453125 0.3703125 0.1890625 0.1625
3.0 0.63203125 0.4328125 0.0671875 0.05
3.0 0.7875 0.41875 0.209375 0.2
3.0 0.58046875 0.553125 0.0953125 0.0875
3.0 0.7796875 0.553125 0.2125 0.078125
3.0 0.61640625 0.521875 0.0765625 0.065625
3.0 0.28203125 0.54765625 0.1640625 0.1109375
3.0 0.40234375 0.553125 0.0421875 0.065625
3.0 0.1453125 0.79921875 0.09375 0.0359375
3.0 0.18984375 0.90546875 0.0734375 0.0578125
3.0 0.36015625 0.6671875 0.0859375 0.0875
3.0 0.46171875 0.69765625 0.0984375 0.1953125
3.0 0.55625 0.68046875 0.0875 0.2015625
3.0 0.49921875 0.85859375 0.0390625 0.0515625
3.0 0.5796875 0.85390625 0.071875 0.0734375
3.0 0.646875 0.82265625 0.065625 0.1421875
3.0 0.58125 0.95234375 0.13125 0.0921875
3.0 0.70234375 0.96953125 0.0765625 0.0484375
3.0 0.7296875 0.74140625 0.05625 0.1109375
3.0 0.859375 0.68671875 0.053125 0.0859375
3.0 0.15234375 0.54765625 0.0421875 0.0546875
